HipCenter -0,0222309250384569 -0,195460394024849 2,21018195152283
Spine -0,0170720014721155 -0,179634124040604 2,19939398765564
ShoulderCenter 0,00894520524889231 -0,100079379975796 2,15467619895935
Head -0,00879484508186579 0,00595876574516296 2,00298309326172
ShoulderLeft -0,193145990371704 0,0377444624900818 2,12234330177307
ElbowLeft -0,116454854607582 -0,0548381954431534 1,91443169116974
WristLeft -0,0349363423883915 -0,254637092351913 1,85288190841675
HandLeft -0,00776350311934948 -0,321236729621887 1,83548498153687
ShoulderRight 0,154510796070099 -0,121665082871914 2,22768354415894
ElbowRight 0,220709130167961 -0,254170805215836 2,28402900695801
WristRight 0,236485734581947 -0,402493923902512 2,20204830169678
HandRight 0,241396829485893 -0,459902107715607 2,18999934196472
HipLeft -0,13241058588028 -0,239639222621918 2,21766972541809
KneeLeft -0,0923389121890068 -0,588303446769714 2,12892627716064
AnkleLeft -0,0824095010757446 -0,65589851140976 2,12395763397217
FootLeft -0,0783841907978058 -0,709824204444885 2,06373333930969
HipRight 0,0352852046489716 -0,304430693387985 2,26224827766418
KneeRight 0,0843068808317184 -0,457035183906555 1,98680448532104
AnkleRight 0,0795783996582031 -0,67414391040802 2,04335260391235
FootRight 0,083603709936142 -0,728069603443146 1,9831280708313

