HipCenter -0,0137438345700502 -0,197989746928215 2,2104070186615
Spine -0,0107889957726002 -0,181667909026146 2,19977641105652
ShoulderCenter 0,00715081999078393 -0,0993580296635628 2,15727639198303
Head -0,00902878865599632 0,0078691840171814 2,00180721282959
ShoulderLeft -0,194940075278282 0,0384733155369759 2,12493205070496
ElbowLeft -0,11081038415432 -0,0578416064381599 1,9203976392746
WristLeft -0,0447086729109287 -0,19670481979847 1,84064161777496
HandLeft -0,0381594114005566 -0,249726668000221 1,8392881155014
ShoulderRight 0,140699714422226 -0,0464351698756218 2,16285967826843
ElbowRight 0,175001233816147 -0,231866449117661 2,22953796386719
WristRight 0,194864258170128 -0,392101019620895 2,13715386390686
HandRight 0,200220614671707 -0,459369778633118 2,12356948852539
HipLeft -0,112746573984623 -0,250998198986053 2,22849106788635
KneeLeft -0,082111544907093 -0,531872510910034 2,09347057342529
AnkleLeft -0,0808672457933426 -0,749215722084045 2,15391182899475
FootLeft -0,0856035277247429 -0,685648679733276 2,12740278244019
HipRight 0,059940978884697 -0,287268459796906 2,25440454483032
KneeRight 0,0680540427565575 -0,50143975019455 2,09224271774292
AnkleRight 0,0671326741576195 -0,634595632553101 2,11401438713074
FootRight 0,066952295601368 -0,68659770488739 2,05162692070007

