HipCenter 0,0119278281927109 -0,228379130363464 2,15446734428406
Spine 0,0146247744560242 -0,20857946574688 2,16308331489563
ShoulderCenter 0,00718090916052461 -0,104106746613979 2,15820956230164
Head -0,00754643743857741 0,00195574760437012 2,00397300720215
ShoulderLeft -0,146511644124985 -0,194361597299576 2,27043986320496
ElbowLeft -0,109069272875786 -0,147409752011299 2,04019021987915
WristLeft -0,0426635965704918 -0,200646162033081 1,84320497512817
HandLeft -0,0489865466952324 -0,24800717830658 1,82571351528168
ShoulderRight 0,144998252391815 -0,0463336035609245 2,15703678131104
ElbowRight 0,172327876091003 -0,250009477138519 2,21804094314575
WristRight 0,189183935523033 -0,39513897895813 2,13686513900757
HandRight 0,189923658967018 -0,461007297039032 2,11686897277832
HipLeft -0,0568838454782963 -0,318148344755173 2,15103816986084
KneeLeft -0,0874782502651215 -0,524017155170441 2,10080981254578
AnkleLeft -0,0836894959211349 -0,643106460571289 2,11863207817078
FootLeft -0,112224474549294 -0,675885856151581 2,05384492874146
HipRight 0,0882039666175842 -0,284633249044418 2,14346551895142
KneeRight 0,0648973807692528 -0,540393769741058 2,10768485069275
AnkleRight 0,0658261999487877 -0,633144080638886 2,11332535743713
FootRight 0,0372912175953388 -0,665923476219177 2,04853820800781

