HipCenter 0,0275009106844664 -0,287643790245056 2,12692451477051
Spine 0,0377646535634995 -0,268747180700302 2,1563880443573
ShoulderCenter 0,0123538952320814 -0,111770696938038 2,16057658195496
Head -0,00321949645876884 -0,00929999351501465 2,00814151763916
ShoulderLeft -0,136740267276764 -0,216568231582642 2,26452541351318
ElbowLeft -0,10112239420414 -0,170588985085487 2,04150319099426
WristLeft -0,0405438169836998 -0,205143138766289 1,84160768985748
HandLeft -0,0675885230302811 -0,236611753702164 1,8168785572052
ShoulderRight 0,14389742910862 -0,0563906319439411 2,16239857673645
ElbowRight 0,172425210475922 -0,239989697933197 2,21642112731934
WristRight 0,191020295023918 -0,3950315117836 2,13754940032959
HandRight 0,190703988075256 -0,457445979118347 2,1181800365448
HipLeft -0,016421664506197 -0,377149164676666 2,1171817779541
KneeLeft -0,0896491855382919 -0,577445507049561 2,12469863891602
AnkleLeft -0,0821467041969299 -0,659289836883545 2,12497472763062
FootLeft -0,1115762591362 -0,688527941703796 2,06450963020325
HipRight 0,0903389751911163 -0,348266094923019 2,10296773910522
KneeRight 0,0697136521339417 -0,578042089939117 2,12447357177734
AnkleRight 0,0697900205850601 -0,638725399971008 2,1136257648468
FootRight 0,0403604619204998 -0,66796350479126 2,05316066741943

