HipCenter 0,000500547816045582 -0,235745668411255 2,15054202079773
Spine 0,0100714452564716 -0,218307346105576 2,16601634025574
ShoulderCenter 0,00415005907416344 -0,116523787379265 2,161137342453
Head -0,00945304054766893 -0,0174304395914078 2,00959777832031
ShoulderLeft -0,176823943853378 -0,211502820253372 2,31004333496094
ElbowLeft -0,130382731556892 -0,178147658705711 2,09274840354919
WristLeft -0,0621511787176132 -0,200226083397865 1,88882160186768
HandLeft -0,0705141797661781 -0,244826585054398 1,87775945663452
ShoulderRight 0,13930381834507 -0,0659540370106697 2,1618013381958
ElbowRight 0,178784191608429 -0,255342423915863 2,21993088722229
WristRight 0,190162390470505 -0,395990192890167 2,13721513748169
HandRight 0,190273404121399 -0,456271529197693 2,1182599067688
HipLeft -0,0766426920890808 -0,331959635019302 2,14325046539307
KneeLeft -0,0891843661665916 -0,583177924156189 2,12398862838745
AnkleLeft -0,0816586315631866 -0,649115204811096 2,120441198349
FootLeft -0,112918063998222 -0,677213609218597 2,06459879875183
HipRight 0,0666884556412697 -0,295793235301971 2,12904620170593
KneeRight 0,0658927708864212 -0,432965070009232 2,04928135871887
AnkleRight 0,0653358548879623 -0,630238115787506 2,1109664440155
FootRight 0,0340764224529266 -0,658336520195007 2,05512404441834

