HipCenter 0,00641642836853862 -0,238063052296638 2,14657497406006
Spine 0,0165173206478357 -0,221532225608826 2,16446399688721
ShoulderCenter 0,00803053006529808 -0,118305660784245 2,15823101997375
Head -0,00404424034059048 -0,0191389247775078 2,00855731964111
ShoulderLeft -0,172942414879799 -0,213285937905312 2,30713558197021
ElbowLeft -0,129262179136276 -0,17552125453949 2,09383058547974
WristLeft -0,0618788376450539 -0,200622692704201 1,89377570152283
HandLeft -0,045623917132616 -0,215644046664238 1,83541262149811
ShoulderRight 0,147033125162125 -0,0594184063374996 2,15973591804504
ElbowRight 0,1773452013731 -0,247254595160484 2,21678948402405
WristRight 0,192709103226662 -0,397603303194046 2,13859581947327
HandRight 0,190543055534363 -0,456332266330719 2,11974024772644
HipLeft -0,0714741423726082 -0,338659286499023 2,13902115821838
KneeLeft -0,0863861218094826 -0,565190732479095 2,12510967254639
AnkleLeft -0,0831157192587852 -0,646869421005249 2,11900520324707
FootLeft -0,113263487815857 -0,674210846424103 2,06458783149719
HipRight 0,0840221345424652 -0,291201591491699 2,12815546989441
KneeRight 0,0655978322029114 -0,50825309753418 2,08448624610901
AnkleRight 0,0659541562199593 -0,631286144256592 2,11058855056763
FootRight 0,0358063876628876 -0,658627569675446 2,05617117881775

