HipCenter 0,0369118601083755 0,115210235118866 3,00165605545044
Spine 0,0420379303395748 0,197601228952408 3,06212949752808
ShoulderCenter 0,0179684031754732 0,653062582015991 3,06448411941528
Head 0,0224342197179794 0,839399039745331 3,12016892433167
ShoulderLeft -0,0918901190161705 0,517533957958221 3,06870746612549
ElbowLeft -0,0167422592639923 0,36563104391098 2,99500250816345
WristLeft 0,125293165445328 0,451152682304382 3,07496643066406
HandLeft 0,199707597494125 0,446451306343079 3,1324405670166
ShoulderRight 0,178418904542923 0,516885161399841 3,02620577812195
ElbowRight 0,254597991704941 0,312874019145966 2,990234375
WristRight 0,193441450595856 0,5022913813591 2,90310192108154
HandRight 0,174652606248856 0,576697468757629 2,88785839080811
HipLeft -0,0302921552211046 0,0541234090924263 2,99897646903992
KneeLeft -0,0554621666669846 -0,524261176586151 3,08412027359009
AnkleLeft -0,0757076814770699 -0,889108121395111 3,05158734321594
FootLeft -0,104515627026558 -0,93664276599884 2,97543883323669
HipRight 0,108441382646561 0,0529808700084686 2,98638105392456
KneeRight 0,162522912025452 -0,527970850467682 3,02602314949036
AnkleRight 0,196504414081573 -0,905136466026306 3,01823163032532
FootRight 0,2077526897192 -0,954134285449982 2,93377113342285

