HipCenter 0,0373498126864433 0,115846954286098 3,00299835205078
Spine 0,0414269976317883 0,198143005371094 3,06322121620178
ShoulderCenter 0,015783729031682 0,652025580406189 3,0638439655304
Head 0,018563523888588 0,839302957057953 3,10880708694458
ShoulderLeft -0,0926311984658241 0,51322329044342 3,06840252876282
ElbowLeft -0,0157021507620811 0,363484114408493 2,9934561252594
WristLeft 0,125557020306587 0,44910654425621 3,07391428947449
HandLeft 0,199906036257744 0,444409340620041 3,13133811950684
ShoulderRight 0,182825922966003 0,52179229259491 3,03019452095032
ElbowRight 0,251757621765137 0,322043836116791 2,98731565475464
WristRight 0,193426132202148 0,539722084999084 2,90195417404175
HandRight 0,168254807591438 0,637946009635925 2,8789701461792
HipLeft -0,0303120650351048 0,0539093650877476 3,00048971176147
KneeLeft -0,0774476677179337 -0,501526117324829 3,03721165657043
AnkleLeft -0,0811292603611946 -0,888538539409637 3,04005265235901
FootLeft -0,102794528007507 -0,943055510520935 2,97808122634888
HipRight 0,110361851751804 0,0543489083647728 2,98803234100342
KneeRight 0,161402583122253 -0,524080455303192 3,02884745597839
AnkleRight 0,150641828775406 -0,913920283317566 3,09468746185303
FootRight 0,189680218696594 -0,939435601234436 2,9902286529541

