HipCenter 0,0402379222214222 0,142345041036606 3,01029801368713
Spine 0,0312103535979986 0,217323556542397 3,07054924964905
ShoulderCenter 0,0143133858218789 0,651681780815125 3,07028198242188
Head 0,0192731246352196 0,841458320617676 3,11393547058105
ShoulderLeft -0,0948185324668884 0,512398064136505 3,07741546630859
ElbowLeft -0,0193241909146309 0,365227520465851 3,00487685203552
WristLeft 0,124190740287304 0,446510702371597 3,08349633216858
HandLeft 0,198915809392929 0,44178968667984 3,14121031761169
ShoulderRight 0,266025811433792 0,538299560546875 3,11168241500854
ElbowRight 0,257160097360611 0,321382969617844 3,00257778167725
WristRight 0,184616476297379 0,527427911758423 2,91136837005615
HandRight 0,167198330163956 0,594003975391388 2,89925813674927
HipLeft -0,038487046957016 0,0638394206762314 3,00494408607483
KneeLeft -0,0763237699866295 -0,499016344547272 3,0358362197876
AnkleLeft -0,0755504444241524 -0,887113928794861 3,0453577041626
FootLeft -0,102678060531616 -0,93571400642395 2,97804355621338
HipRight 0,127462595701218 0,0648102015256882 2,99330520629883
KneeRight 0,16095919907093 -0,52140074968338 3,02923917770386
AnkleRight 0,194746971130371 -0,903183698654175 3,00931811332703
FootRight 0,209206059575081 -0,953002214431763 2,93425917625427

