HipCenter 0,0376331508159637 0,119189046323299 3,00972461700439
Spine 0,0379438847303391 0,200462833046913 3,07077693939209
ShoulderCenter 0,0147355142980814 0,652375519275665 3,07114624977112
Head 0,0157037954777479 0,844558358192444 3,10777878761292
ShoulderLeft -0,0941911190748215 0,512605726718903 3,07751369476318
ElbowLeft -0,0191078037023544 0,36982923746109 3,00307273864746
WristLeft 0,12646472454071 0,446370005607605 3,08083748817444
HandLeft 0,201518505811691 0,441628217697144 3,13880562782288
ShoulderRight 0,193661957979202 0,517798066139221 3,05619120597839
ElbowRight 0,25992751121521 0,320312052965164 2,9985613822937
WristRight 0,187762141227722 0,520038366317749 2,90992879867554
HandRight 0,166087210178375 0,586617290973663 2,91471767425537
HipLeft -0,0314009673893452 0,0545051954686642 3,00575017929077
KneeLeft -0,0762171521782875 -0,499127149581909 3,03833746910095
AnkleLeft -0,0799313187599182 -0,88208132982254 3,04173851013184
FootLeft -0,102741599082947 -0,940188944339752 2,97483444213867
HipRight 0,111796043813229 0,0546633340418339 2,99524426460266
KneeRight 0,1618582457304 -0,51656585931778 3,02467322349548
AnkleRight 0,200490832328796 -0,903349459171295 3,02749991416931
FootRight 0,208550602197647 -0,948570728302002 2,94105386734009

