HipCenter 0,0378962755203247 0,120037347078323 3,01023530960083
Spine 0,0375509075820446 0,201158821582794 3,07134509086609
ShoulderCenter 0,0147030642256141 0,652639746665955 3,07152152061462
Head 0,0167658440768719 0,844940900802612 3,11004161834717
ShoulderLeft -0,0942709743976593 0,512856960296631 3,07742929458618
ElbowLeft -0,0160702392458916 0,373056858778 2,99947476387024
WristLeft 0,129088148474693 0,448597848415375 3,07781314849854
HandLeft 0,204151779413223 0,443855464458466 3,13578867912292
ShoulderRight 0,197649881243706 0,519047737121582 3,05917358398438
ElbowRight 0,263383030891418 0,318844109773636 3,00826644897461
WristRight 0,213333651423454 0,457561373710632 2,91406726837158
HandRight 0,191655933856964 0,524148941040039 2,91885709762573
HipLeft -0,0313321314752102 0,0548325590789318 3,00593948364258
KneeLeft -0,0764694735407829 -0,498244285583496 3,0376718044281
AnkleLeft -0,0797851979732513 -0,882222175598145 3,04182982444763
FootLeft -0,102145344018936 -0,938520669937134 2,97491335868835
HipRight 0,112509042024612 0,0551715530455112 2,99593329429626
KneeRight 0,161184847354889 -0,520416855812073 3,02490711212158
AnkleRight 0,144463822245598 -0,912259817123413 3,10461473464966
FootRight 0,185384631156921 -0,935775697231293 2,99976992607117

