HipCenter 0,0379208400845528 0,119275711476803 3,0103178024292
Spine 0,0377980321645737 0,200440868735313 3,0714385509491
ShoulderCenter 0,0185238886624575 0,651339530944824 3,07163906097412
Head 0,0172132384032011 0,843722403049469 3,10888576507568
ShoulderLeft -0,0943204089999199 0,513991713523865 3,07927370071411
ElbowLeft -0,0160826370120049 0,374526143074036 3,00120496749878
WristLeft 0,128846928477287 0,450394660234451 3,07969808578491
HandLeft 0,20392981171608 0,445651054382324 3,13768863677979
ShoulderRight 0,190577521920204 0,516650199890137 3,06158208847046
ElbowRight 0,258854240179062 0,327767133712769 2,99740815162659
WristRight 0,210000306367874 0,474064886569977 2,91791009902954
HandRight 0,188317030668259 0,540669560432434 2,92270135879517
HipLeft -0,0310455299913883 0,0549480803310871 3,0063591003418
KneeLeft -0,0761590674519539 -0,498766392469406 3,03757190704346
AnkleLeft -0,0814622193574905 -0,883028447628021 3,03555536270142
FootLeft -0,101297691464424 -0,939138829708099 2,97491240501404
HipRight 0,112068668007851 0,0553099922835827 2,99588179588318
KneeRight 0,16121369600296 -0,515001952648163 3,02296161651611
AnkleRight 0,143064647912979 -0,910890758037567 3,10997366905212
FootRight 0,183834984898567 -0,933843791484833 3,00497031211853

