HipCenter 0,0384040586650372 0,114143989980221 3,01317429542542
Spine 0,0376813672482967 0,196137756109238 3,07506966590881
ShoulderCenter 0,0167289897799492 0,651027202606201 3,07566165924072
Head 0,0185109730809927 0,846842408180237 3,12214517593384
ShoulderLeft -0,0941759943962097 0,515218794345856 3,08885765075684
ElbowLeft -0,0867113322019577 0,319073408842087 3,03771591186523
WristLeft 0,0741438195109367 0,366553008556366 3,10612344741821
HandLeft 0,149600714445114 0,36178582906723 3,16440272331238
ShoulderRight 0,185413062572479 0,518546998500824 3,07486534118652
ElbowRight 0,260296046733856 0,320792555809021 2,99695062637329
WristRight 0,20452193915844 0,528607547283173 2,92918848991394
HandRight 0,250252932310104 0,582025289535522 2,92337918281555
HipLeft -0,0273662265390158 0,0533057600259781 3,01190257072449
KneeLeft -0,076150193810463 -0,49969881772995 3,03925728797913
AnkleLeft -0,0790166556835175 -0,881903767585754 3,03811526298523
FootLeft -0,101744420826435 -0,937336027622223 2,97654104232788
HipRight 0,109088808298111 0,0556745901703835 2,99729180335999
KneeRight 0,161909118294716 -0,513060510158539 3,02739858627319
AnkleRight 0,148212984204292 -0,907163023948669 3,10793161392212
FootRight 0,184926718473434 -0,93384838104248 3,00185465812683

