HipCenter 0,0362081564962864 0,119611375033855 2,99607443809509
Spine 0,0460977777838707 0,196680709719658 3,05410742759705
ShoulderCenter 0,0258497428148985 0,592832624912262 3,03930878639221
Head 0,0156776756048203 0,776289045810699 3,06999373435974
ShoulderLeft -0,0963141843676567 0,506123244762421 3,07132530212402
ElbowLeft -0,00338363647460938 0,360062032938004 2,98458003997803
WristLeft 0,132108971476555 0,447404474020004 3,06923151016235
HandLeft 0,208264350891113 0,442593157291412 3,12805032730103
ShoulderRight 0,196020513772964 0,523540675640106 3,00763154029846
ElbowRight 0,245730325579643 0,308777570724487 2,97926163673401
WristRight 0,193598538637161 0,472298800945282 2,90225744247437
HandRight 0,176221281290054 0,526805877685547 2,88143277168274
HipLeft -0,0341406688094139 0,0540278255939484 2,99530005455017
KneeLeft -0,0782462954521179 -0,496820271015167 3,0239794254303
AnkleLeft -0,0752437636256218 -0,889831781387329 3,04773759841919
FootLeft -0,103391364216805 -0,93740838766098 2,9746778011322
HipRight 0,108005493879318 0,0525755174458027 2,98043656349182
KneeRight 0,157680168747902 -0,524134457111359 3,01973390579224
AnkleRight 0,192902088165283 -0,899871468544006 3,01525568962097
FootRight 0,207104563713074 -0,95116400718689 2,93855142593384

