HipCenter 0,0384391956031322 0,116047322750092 3,01470875740051
Spine 0,0405937731266022 0,198854506015778 3,07705903053284
ShoulderCenter 0,0148269720375538 0,655861020088196 3,07805347442627
Head 0,00736002763733268 0,853759706020355 3,12213110923767
ShoulderLeft -0,0970182716846466 0,50811904668808 3,08513593673706
ElbowLeft -0,0877691209316254 0,283840537071228 3,03029727935791
WristLeft 0,0731697008013725 0,329290628433228 3,09839725494385
HandLeft 0,149230822920799 0,324485272169113 3,15714311599731
ShoulderRight 0,180134832859039 0,506445825099945 3,05558776855469
ElbowRight 0,261930227279663 0,31987676024437 2,99869108200073
WristRight 0,202620923519135 0,499147862195969 2,9246141910553
HandRight 0,248718172311783 0,552993357181549 2,91875863075256
HipLeft -0,0284925401210785 0,0519970059394836 3,01087999343872
KneeLeft -0,0744676515460014 -0,502586960792542 3,04319214820862
AnkleLeft -0,0803364515304565 -0,883002877235413 3,04309153556824
FootLeft -0,101248875260353 -0,93839156627655 2,97219443321228
HipRight 0,110562801361084 0,054093312472105 2,99938559532166
KneeRight 0,161556914448738 -0,518913686275482 3,02262353897095
AnkleRight 0,146642565727234 -0,913476884365082 3,11283779144287
FootRight 0,184004753828049 -0,936650276184082 3,00561475753784

