HipCenter 0,0351840779185295 0,116529278457165 3,0013062953949
Spine 0,0390697903931141 0,196980610489845 3,06176114082336
ShoulderCenter 0,0146256210282445 0,650140166282654 3,06617450714111
Head 0,0211561135947704 0,834948837757111 3,10622262954712
ShoulderLeft -0,092715285718441 0,512610971927643 3,06845259666443
ElbowLeft -0,0171079188585281 0,356359243392944 2,99677991867065
WristLeft 0,123389855027199 0,445909708738327 3,07714247703552
HandLeft 0,198481604456902 0,441165566444397 3,13514018058777
ShoulderRight 0,186911478638649 0,51765251159668 3,02835559844971
ElbowRight 0,247410029172897 0,30471658706665 2,9890284538269
WristRight 0,199722856283188 0,465472221374512 2,91223978996277
HandRight 0,175652354955673 0,514814972877502 2,92068576812744
HipLeft -0,0329160466790199 0,053930077701807 2,99964118003845
KneeLeft -0,0778904259204865 -0,49922177195549 3,03306365013123
AnkleLeft -0,0775338485836983 -0,890294671058655 3,04235029220581
FootLeft -0,102614402770996 -0,940318703651428 2,97394704818726
HipRight 0,10959380865097 0,0535278208553791 2,98478436470032
KneeRight 0,155899345874786 -0,52499920129776 3,02678442001343
AnkleRight 0,190468713641167 -0,893525898456573 3,02019667625427
FootRight 0,208530589938164 -0,953041613101959 2,93682241439819

