HipCenter 0,103199481964111 0,309161365032196 2,00495719909668
Spine 0,108711235225201 0,376445174217224 2,02335786819458
ShoulderCenter 0,127281934022903 0,716251492500305 2,01164531707764
Head 0,163142502307892 0,902163743972778 1,98869395256042
ShoulderLeft -0,0670585483312607 0,707073032855988 2,07753324508667
ElbowLeft -0,299337953329086 0,767641663551331 2,07115173339844
WristLeft -0,516224682331085 0,801540732383728 2,02140688896179
HandLeft -0,588520288467407 0,812840402126312 2,00935554504395
ShoulderRight 0,292882740497589 0,635807394981384 2,0433943271637
ElbowRight 0,358946770429611 0,377391695976257 2,02631235122681
WristRight 0,348792254924774 0,156442642211914 1,95849907398224
HandRight 0,337944984436035 0,058781698346138 1,93879902362823
HipLeft 0,0177410151809454 0,230337619781494 1,9986457824707
KneeLeft 0,00427246186882257 -0,284025460481644 2,08377504348755
AnkleLeft 0,0398910045623779 -0,664547681808472 2,11645293235779
FootLeft 0,0068282512947917 -0,736696064472198 2,05218839645386
HipRight 0,179479688405991 0,221622675657272 2,00271582603455
KneeRight 0,214171752333641 -0,285329312086105 2,0903639793396
AnkleRight 0,210873991250992 -0,674892067909241 2,14937043190002
FootRight 0,230273991823196 -0,746334731578827 2,09645342826843

