HipCenter 0,106652848422527 0,289958775043488 2,01259827613831
Spine 0,111168503761292 0,360581606626511 2,04425311088562
ShoulderCenter 0,119148872792721 0,728162407875061 2,03268957138062
Head 0,156440794467926 0,912164151668549 2,00241684913635
ShoulderLeft -0,0636446923017502 0,681217312812805 2,073326587677
ElbowLeft -0,28614205121994 0,663335680961609 2,05803442001343
WristLeft -0,501323103904724 0,667824983596802 1,98855173587799
HandLeft -0,571506321430206 0,670823872089386 1,96508002281189
ShoulderRight 0,265414655208588 0,635748505592346 2,04631996154785
ElbowRight 0,362922221422195 0,375709563493729 2,0385115146637
WristRight 0,353451609611511 0,158688277006149 1,97115576267242
HandRight 0,342371076345444 0,0614565089344978 1,94960796833038
HipLeft 0,0280456431210041 0,218887239694595 2,00533723831177
KneeLeft 0,00775258801877499 -0,288088142871857 2,08783149719238
AnkleLeft 0,040390856564045 -0,666044056415558 2,11841416358948
FootLeft 0,00743630481883883 -0,735739529132843 2,05436539649963
HipRight 0,181690484285355 0,209479123353958 2,00829362869263
KneeRight 0,217143714427948 -0,287418752908707 2,09317922592163
AnkleRight 0,212237969040871 -0,6733039021492 2,15049982070923
FootRight 0,238587468862534 -0,744142532348633 2,09383678436279

