HipCenter 0,106804609298706 0,278727054595947 2,01362586021423
Spine 0,111127287149429 0,351411938667297 2,04932880401611
ShoulderCenter 0,120514549314976 0,727526366710663 2,03725671768188
Head 0,148994967341423 0,91484808921814 2,01115584373474
ShoulderLeft -0,0608935281634331 0,655204772949219 2,06892013549805
ElbowLeft -0,270654201507568 0,569004237651825 2,04990077018738
WristLeft -0,468898773193359 0,481945335865021 1,98619425296783
HandLeft -0,554818689823151 0,435388028621674 1,96411621570587
ShoulderRight 0,273661017417908 0,628279089927673 2,04881906509399
ElbowRight 0,363325178623199 0,372847884893417 2,03918170928955
WristRight 0,353325992822647 0,157679915428162 1,97086846828461
HandRight 0,342743217945099 0,0606019422411919 1,94848263263702
HipLeft 0,0274066422134638 0,206409677863121 2,00860118865967
KneeLeft 0,00879962462931871 -0,289464563131332 2,08848762512207
AnkleLeft 0,0397053509950638 -0,666909039020538 2,11832666397095
FootLeft 0,00749218044802547 -0,736801505088806 2,05499839782715
HipRight 0,181709229946136 0,199201703071594 2,0059802532196
KneeRight 0,21776470541954 -0,287871718406677 2,09360599517822
AnkleRight 0,211504951119423 -0,673747360706329 2,15011477470398
FootRight 0,23622328042984 -0,74551522731781 2,0960738658905

