HipCenter 0,109546855092049 0,277510702610016 2,01168441772461
Spine 0,11031936109066 0,347798883914948 2,05246615409851
ShoulderCenter 0,106980890035629 0,720953106880188 2,03848695755005
Head 0,126271188259125 0,904007792472839 2,00881695747375
ShoulderLeft -0,0712947323918343 0,63759171962738 2,06812262535095
ElbowLeft -0,267227709293365 0,501524090766907 2,08357858657837
WristLeft -0,44359302520752 0,372109919786453 2,02886915206909
HandLeft -0,517611742019653 0,313170820474625 1,99443423748016
ShoulderRight 0,275981485843658 0,63157069683075 2,05603575706482
ElbowRight 0,358884781599045 0,367618948221207 2,05108094215393
WristRight 0,355385929346085 0,138971015810966 1,99926495552063
HandRight 0,361641764640808 0,0551754720509052 1,98913586139679
HipLeft 0,0313781127333641 0,199613749980927 2,00575184822083
KneeLeft 0,0125728994607925 -0,292322903871536 2,08739352226257
AnkleLeft 0,0402798727154732 -0,668083906173706 2,11752986907959
FootLeft 0,00709807733073831 -0,736807942390442 2,05204129219055
HipRight 0,189417093992233 0,199781119823456 2,00412678718567
KneeRight 0,219011843204498 -0,290072470903397 2,09334969520569
AnkleRight 0,209131494164467 -0,673746466636658 2,14817190170288
FootRight 0,232656463980675 -0,744772493839264 2,09486198425293

