HipCenter 0,0895719975233078 0,066629633307457 2,46952629089355
Spine 0,101645536720753 0,144931748509407 2,5282928943634
ShoulderCenter 0,088800460100174 0,576062858104706 2,52114200592041
Head 0,0493676736950874 0,76944887638092 2,56067514419556
ShoulderLeft -0,0417521595954895 0,426595538854599 2,50536465644836
ElbowLeft 0,0875308960676193 0,453640937805176 2,32580709457397
WristLeft 0,192653179168701 0,609141826629639 2,33307313919067
HandLeft 0,261335730552673 0,645215213298798 2,37906265258789
ShoulderRight 0,185219615697861 0,42483389377594 2,45346164703369
ElbowRight 0,243510097265244 0,232634887099266 2,40591502189636
WristRight 0,106175720691681 0,390660613775253 2,28900170326233
HandRight 0,06039759516716 0,443335860967636 2,2549774646759
HipLeft 0,037167850881815 0,0145553406327963 2,46799182891846
KneeLeft -0,0102846957743168 -0,48465558886528 2,45412540435791
AnkleLeft -0,00798977911472321 -0,821527719497681 2,4688446521759
FootLeft -0,0154377250000834 -0,904945969581604 2,41934394836426
HipRight 0,14237143099308 0,0171943083405495 2,45781803131104
KneeRight 0,201346457004547 -0,489487081766129 2,44785332679749
AnkleRight 0,23583921790123 -0,840811431407928 2,4685218334198
FootRight 0,23645880818367 -0,918149888515472 2,42414593696594

