HipCenter 0,0871518105268478 0,0732828080654144 2,47061920166016
Spine 0,098253071308136 0,150398761034012 2,5294816493988
ShoulderCenter 0,0824175775051117 0,575514793395996 2,52149391174316
Head 0,0464350841939449 0,770074784755707 2,56418752670288
ShoulderLeft -0,0452769920229912 0,426660656929016 2,50493144989014
ElbowLeft 0,0874798595905304 0,447639524936676 2,32088899612427
WristLeft 0,192429482936859 0,602885127067566 2,32809686660767
HandLeft 0,261047571897507 0,638924777507782 2,37404322624207
ShoulderRight 0,183942332863808 0,421854197978973 2,4535026550293
ElbowRight 0,229851305484772 0,211911305785179 2,40727639198303
WristRight 0,0925168767571449 0,369937002658844 2,29034090042114
HandRight 0,0467387288808823 0,422612249851227 2,25631666183472
HipLeft 0,0326752997934818 0,0183767508715391 2,46900773048401
KneeLeft -0,0115040764212608 -0,484384149312973 2,45537066459656
AnkleLeft -0,00486827408894897 -0,824459612369537 2,47194671630859
FootLeft -0,015616450458765 -0,905431747436523 2,42169618606567
HipRight 0,142921268939972 0,021293330937624 2,45828628540039
KneeRight 0,199337482452393 -0,490297347307205 2,44773769378662
AnkleRight 0,235794797539711 -0,840765357017517 2,4691960811615
FootRight 0,236938297748566 -0,918863475322723 2,42809438705444

