HipCenter 0,0860996320843697 0,0731500536203384 2,46976184844971
Spine 0,0969991534948349 0,150328278541565 2,5287766456604
ShoulderCenter 0,0800314620137215 0,576509416103363 2,52158260345459
Head 0,0491750910878181 0,772195041179657 2,56188607215881
ShoulderLeft -0,042813241481781 0,427046000957489 2,50447034835815
ElbowLeft 0,111679568886757 0,37245437502861 2,30204486846924
WristLeft 0,216641843318939 0,527719378471375 2,30924367904663
HandLeft 0,285228908061981 0,563742697238922 2,35516929626465
ShoulderRight 0,18224823474884 0,422630488872528 2,45336365699768
ElbowRight 0,243049666285515 0,222779989242554 2,4115788936615
WristRight 0,105715289711952 0,380805641412735 2,29463195800781
HandRight 0,0599371641874313 0,433480858802795 2,26060771942139
HipLeft 0,0324019640684128 0,0187990013509989 2,46832370758057
KneeLeft -0,01229268591851 -0,48630964756012 2,45540189743042
AnkleLeft -0,00672496156767011 -0,822535634040833 2,46992802619934
FootLeft -0,0164411757141352 -0,905154347419739 2,42124700546265
HipRight 0,140957832336426 0,0215188711881638 2,45704317092896
KneeRight 0,201121017336845 -0,491627216339111 2,44895625114441
AnkleRight 0,233024284243584 -0,840709626674652 2,46703720092773
FootRight 0,236145824193954 -0,920138657093048 2,43191432952881

