HipCenter 0,0906886458396912 0,080229215323925 2,48641490936279
Spine 0,0995660275220871 0,155855879187584 2,5427348613739
ShoulderCenter 0,0845076888799667 0,570334315299988 2,52767300605774
Head 0,0574275813996792 0,757697105407715 2,57698225975037
ShoulderLeft -0,044635821133852 0,432567924261093 2,52898359298706
ElbowLeft 0,109777800738811 0,439450800418854 2,33231353759766
WristLeft 0,213942483067513 0,593534708023071 2,33969569206238
HandLeft 0,283822685480118 0,630237221717834 2,38648700714111
ShoulderRight 0,188648879528046 0,437061756849289 2,48539924621582
ElbowRight 0,23543381690979 0,200925663113594 2,44904088973999
WristRight 0,0980993807315826 0,358951091766357 2,33244466781616
HandRight 0,0523212403059006 0,411626219749451 2,29842066764832
HipLeft 0,037631843239069 0,0260229725390673 2,4837007522583
KneeLeft -0,0121580045670271 -0,470865398645401 2,45783042907715
AnkleLeft -0,00991407223045826 -0,820194244384766 2,46802282333374
FootLeft -0,0163739640265703 -0,903932631015778 2,42013072967529
HipRight 0,145400479435921 0,0278455633670092 2,47695779800415
KneeRight 0,199100241065025 -0,483831763267517 2,45946335792542
AnkleRight 0,234970882534981 -0,84288489818573 2,47635316848755
FootRight 0,233144372701645 -0,919633150100708 2,43198990821838

