HipCenter 0,0905982106924057 0,0773396044969559 2,48246145248413
Spine 0,101165510714054 0,153447851538658 2,53866767883301
ShoulderCenter 0,0838276445865631 0,568723082542419 2,52317070960999
Head 0,0612883791327477 0,757672309875488 2,57138824462891
ShoulderLeft -0,0586405582726002 0,429772406816483 2,53174781799316
ElbowLeft 0,0943692177534103 0,433558225631714 2,33434963226318
WristLeft 0,198851943016052 0,588112711906433 2,34176754951477
HandLeft 0,268605411052704 0,624748706817627 2,38847422599792
ShoulderRight 0,189372584223747 0,423976302146912 2,47597026824951
ElbowRight 0,233891874551773 0,196654736995697 2,44390773773193
WristRight 0,0965574979782104 0,354680180549622 2,3272807598114
HandRight 0,0507793724536896 0,407355338335037 2,29325652122498
HipLeft 0,0361898727715015 0,0225274804979563 2,47915482521057
KneeLeft -0,0112239345908165 -0,475125283002853 2,45537257194519
AnkleLeft -0,00948770344257355 -0,82562518119812 2,4698657989502
FootLeft -0,0153811005875468 -0,904136896133423 2,42076396942139
HipRight 0,145893603563309 0,0248840004205704 2,47403001785278
KneeRight 0,20024836063385 -0,484113276004791 2,45768165588379
AnkleRight 0,237199306488037 -0,840637445449829 2,47954344749451
FootRight 0,2287777364254 -0,914475679397583 2,42906665802002

