HipCenter 0,0904337391257286 0,0783064141869545 2,48227834701538
Spine 0,101111322641373 0,154297813773155 2,53850054740906
ShoulderCenter 0,0843854248523712 0,569132745265961 2,52297377586365
Head 0,0613225921988487 0,758296847343445 2,57045364379883
ShoulderLeft -0,0588007234036922 0,429282635450363 2,53312039375305
ElbowLeft 0,108204931020737 0,373589634895325 2,32329440116882
WristLeft 0,212890058755875 0,528443813323975 2,33074617385864
HandLeft 0,282610535621643 0,565062463283539 2,37743067741394
ShoulderRight 0,190354496240616 0,429055213928223 2,47774529457092
ElbowRight 0,23286098241806 0,19785475730896 2,44282555580139
WristRight 0,0955266207456589 0,355880230665207 2,32618951797485
HandRight 0,0497484989464283 0,408555388450623 2,29216527938843
HipLeft 0,0353095084428787 0,0223832242190838 2,47869038581848
KneeLeft -0,0118771493434906 -0,474734485149384 2,45570683479309
AnkleLeft -0,0099971704185009 -0,822121202945709 2,47088980674744
FootLeft -0,0150027731433511 -0,903579115867615 2,42048573493958
HipRight 0,146410971879959 0,0248522311449051 2,47374439239502
KneeRight 0,200554132461548 -0,484922558069229 2,45766425132751
AnkleRight 0,237504154443741 -0,842403292655945 2,4788806438446
FootRight 0,229136437177658 -0,91612720489502 2,42888569831848

