HipCenter 0,0924096927046776 0,0754791721701622 2,48297667503357
Spine 0,101444207131863 0,152849733829498 2,53968214988709
ShoulderCenter 0,0873360261321068 0,572774171829224 2,52442812919617
Head 0,0519242733716965 0,761148273944855 2,57125496864319
ShoulderLeft -0,0445787683129311 0,431467860937119 2,52111768722534
ElbowLeft 0,0867657735943794 0,450958430767059 2,33905792236328
WristLeft 0,191952079534531 0,606553673744202 2,34658098220825
HandLeft 0,261525303125381 0,643095016479492 2,39316701889038
ShoulderRight 0,187960207462311 0,436894208192825 2,47773098945618
ElbowRight 0,260037660598755 0,19342365860939 2,48054003715515
WristRight 0,129140213131905 0,329705804586411 2,36667990684509
HandRight 0,0855077281594276 0,375133186578751 2,33359241485596
HipLeft 0,0389387160539627 0,0217931494116783 2,47983050346375
KneeLeft -0,0111087169498205 -0,475601762533188 2,45745325088501
AnkleLeft -0,00676117045804858 -0,815989315509796 2,46977233886719
FootLeft -0,0164692681282759 -0,906365811824799 2,42115569114685
HipRight 0,146907210350037 0,0244914554059505 2,47451710700989
KneeRight 0,200180500745773 -0,485657632350922 2,45940446853638
AnkleRight 0,235412284731865 -0,845184803009033 2,47970104217529
FootRight 0,235026612877846 -0,920381665229797 2,43353295326233

