HipCenter 0,0904416441917419 0,0758816450834274 2,48114633560181
Spine 0,100614577531815 0,152686566114426 2,53831815719604
ShoulderCenter 0,0839470401406288 0,573183715343475 2,52626872062683
Head 0,050240732729435 0,762388169765472 2,56230068206787
ShoulderLeft -0,0488962605595589 0,428975760936737 2,52313208580017
ElbowLeft 0,0851451754570007 0,45448699593544 2,33875799179077
WristLeft 0,190657719969749 0,610564589500427 2,34632706642151
HandLeft 0,260149717330933 0,647063255310059 2,3928587436676
ShoulderRight 0,184094965457916 0,43016105890274 2,47366428375244
ElbowRight 0,233925029635429 0,194661915302277 2,44702315330505
WristRight 0,096590630710125 0,352687388658524 2,33033084869385
HandRight 0,0508124940097332 0,405362546443939 2,29630661010742
HipLeft 0,0377631485462189 0,0230917669832706 2,47793340682983
KneeLeft -0,0126785654574633 -0,475332677364349 2,45744919776917
AnkleLeft -0,0089115547016263 -0,821610391139984 2,46956968307495
FootLeft -0,0164608135819435 -0,906454503536224 2,4209566116333
HipRight 0,144629880785942 0,025351170450449 2,47245192527771
KneeRight 0,200253680348396 -0,486067414283752 2,45810747146606
AnkleRight 0,235849916934967 -0,847234487533569 2,47895264625549
FootRight 0,232328400015831 -0,920245230197906 2,4354031085968

