HipCenter 0,089145839214325 0,0752929523587227 2,48152637481689
Spine 0,098541297018528 0,15197117626667 2,53882527351379
ShoulderCenter 0,0796535238623619 0,571914196014404 2,52731251716614
Head 0,0510525107383728 0,76190972328186 2,55817317962646
ShoulderLeft -0,0479690320789814 0,43139186501503 2,52151727676392
ElbowLeft 0,0870693176984787 0,442468047142029 2,33792424201965
WristLeft 0,192608624696732 0,59858512878418 2,34549331665039
HandLeft 0,262071371078491 0,635068416595459 2,392005443573
ShoulderRight 0,184174090623856 0,429242491722107 2,47355937957764
ElbowRight 0,235435843467712 0,194841861724854 2,45168161392212
WristRight 0,0981014370918274 0,352867394685745 2,33498334884644
HandRight 0,0523233003914356 0,405542582273483 2,30095934867859
HipLeft 0,0357781797647476 0,0219617839902639 2,47787308692932
KneeLeft -0,0133196115493774 -0,476605743169785 2,45737814903259
AnkleLeft -0,00964084733277559 -0,821594417095184 2,4695041179657
FootLeft -0,0166191235184669 -0,906462609767914 2,42122912406921
HipRight 0,144073605537415 0,024658078327775 2,47259831428528
KneeRight 0,199858456850052 -0,487129151821136 2,457359790802
AnkleRight 0,236889719963074 -0,846685171127319 2,47922134399414
FootRight 0,233892202377319 -0,920450568199158 2,43300914764404

