HipCenter 0,0903763398528099 0,0733115896582603 2,47827124595642
Spine 0,100197657942772 0,150867208838463 2,53580832481384
ShoulderCenter 0,0836642682552338 0,573651790618896 2,52100324630737
Head 0,0520669519901276 0,766103506088257 2,56426930427551
ShoulderLeft -0,0391920581459999 0,428858697414398 2,51404714584351
ElbowLeft 0,113973781466484 0,370521366596222 2,31515860557556
WristLeft 0,219498783349991 0,526616930961609 2,32262349128723
HandLeft 0,288565844297409 0,562892377376556 2,36887049674988
ShoulderRight 0,185891658067703 0,433213651180267 2,46806859970093
ElbowRight 0,233660474419594 0,198645859956741 2,42733883857727
WristRight 0,0963260680437088 0,356671571731567 2,31053972244263
HandRight 0,050547931343317 0,40934681892395 2,2765154838562
HipLeft 0,0372324734926224 0,0193183235824108 2,47686386108398
KneeLeft -0,0110098542645574 -0,479072123765945 2,45554208755493
AnkleLeft -0,0077472971752286 -0,820067703723907 2,46972918510437
FootLeft -0,0159447323530912 -0,904594242572784 2,42036056518555
HipRight 0,14463709294796 0,0225816573947668 2,46818733215332
KneeRight 0,200826942920685 -0,487242460250854 2,45348834991455
AnkleRight 0,234283030033112 -0,84274959564209 2,47321152687073
FootRight 0,235140636563301 -0,920170903205872 2,43196654319763

