HipCenter 0,0914071947336197 0,0720191895961761 2,47664952278137
Spine 0,101141467690468 0,149637266993523 2,53440952301025
ShoulderCenter 0,087788537144661 0,573872089385986 2,52078700065613
Head 0,0527482517063618 0,765765190124512 2,57227635383606
ShoulderLeft -0,0366356372833252 0,429406851530075 2,51338863372803
ElbowLeft 0,110569909214973 0,371529936790466 2,31652212142944
WristLeft 0,21617703139782 0,527747094631195 2,32399654388428
HandLeft 0,285217553377151 0,564008593559265 2,37022590637207
ShoulderRight 0,186439663171768 0,432967573404312 2,47023510932922
ElbowRight 0,234032973647118 0,197470903396606 2,42861104011536
WristRight 0,0966985672712326 0,355496555566788 2,3118040561676
HandRight 0,0509204305708408 0,408171772956848 2,27777981758118
HipLeft 0,0395820513367653 0,0194677375257015 2,47450017929077
KneeLeft -0,0111635029315948 -0,480932891368866 2,45496559143066
AnkleLeft -0,00754873035475612 -0,819210171699524 2,47057032585144
FootLeft -0,0158693343400955 -0,905252873897552 2,42182326316834
HipRight 0,144367605447769 0,0225629452615976 2,46720433235168
KneeRight 0,200885325670242 -0,487399190664291 2,45257711410522
AnkleRight 0,234905034303665 -0,841996252536774 2,47262072563171
FootRight 0,236436173319817 -0,918292760848999 2,4287097454071

