HipCenter 0,0914791896939278 0,0719451606273651 2,47781729698181
Spine 0,100025802850723 0,149245470762253 2,53593254089355
ShoulderCenter 0,084801509976387 0,573724865913391 2,52512049674988
Head 0,0546271726489067 0,766731142997742 2,57504892349243
ShoulderLeft -0,0346739664673805 0,428155034780502 2,51293873786926
ElbowLeft 0,0895309671759605 0,444698929786682 2,33561253547668
WristLeft 0,195244342088699 0,601073741912842 2,34309911727905
HandLeft 0,264252960681915 0,637318432331085 2,38930726051331
ShoulderRight 0,189110666513443 0,427212744951248 2,47270512580872
ElbowRight 0,235277190804482 0,193530097603798 2,43660497665405
WristRight 0,0979427993297577 0,351555705070496 2,31978797912598
HandRight 0,0521646663546562 0,404230892658234 2,28576397895813
HipLeft 0,039346769452095 0,0195178054273129 2,47533512115479
KneeLeft -0,0103897331282496 -0,475733816623688 2,45461988449097
AnkleLeft -0,00723297009244561 -0,826761186122894 2,47053146362305
FootLeft -0,0163360666483641 -0,904948711395264 2,42113947868347
HipRight 0,144286006689072 0,0226949863135815 2,4676673412323
KneeRight 0,201090559363365 -0,487982928752899 2,4517228603363
AnkleRight 0,236211344599724 -0,839702427387238 2,4744246006012
FootRight 0,23740915954113 -0,920170187950134 2,42957019805908

