HipCenter 0,0894279703497887 0,0738180801272392 2,47834348678589
Spine 0,0994030684232712 0,15024770796299 2,53650712966919
ShoulderCenter 0,0805218070745468 0,573166906833649 2,52834582328796
Head 0,0444394648075104 0,765357196331024 2,57249760627747
ShoulderLeft -0,0508438274264336 0,430073916912079 2,52222776412964
ElbowLeft 0,100316628813744 0,460924595594406 2,32679176330566
WristLeft 0,205988824367523 0,617238223552704 2,33426380157471
HandLeft 0,274976909160614 0,653472185134888 2,38045811653137
ShoulderRight 0,187826052308083 0,423500120639801 2,47072982788086
ElbowRight 0,23463636636734 0,198492437601089 2,43633699417114
WristRight 0,0973019152879715 0,356518089771271 2,31951427459717
HandRight 0,0515237636864185 0,409193307161331 2,28549027442932
HipLeft 0,036156315356493 0,0195637512952089 2,47562766075134
KneeLeft -0,00984509289264679 -0,478617548942566 2,45422005653381
AnkleLeft -0,0074797822162509 -0,82164067029953 2,47046089172363
FootLeft -0,0158591140061617 -0,904238343238831 2,41974329948425
HipRight 0,143703207373619 0,0221335478127003 2,46752071380615
KneeRight 0,199720948934555 -0,48793363571167 2,45024752616882
AnkleRight 0,235728070139885 -0,840514063835144 2,47260689735413
FootRight 0,23762246966362 -0,921339511871338 2,42960166931152

