HipCenter 0,17338091135025 -0,104203186929226 2,56726574897766
Spine 0,167549043893814 -0,0141150634735823 2,60744428634644
ShoulderCenter -0,0621473900973797 0,355908095836639 2,65006136894226
Head -0,247118413448334 0,414025366306305 2,69245433807373
ShoulderLeft -0,108658656477928 0,180937588214874 2,82078266143799
ElbowLeft -0,359681129455566 0,150600343942642 2,65227103233337
WristLeft -0,485409498214722 0,238424360752106 2,39276671409607
HandLeft -0,567871809005737 0,238759979605675 2,35087919235229
ShoulderRight 0,0816776975989342 0,215645849704742 2,53240656852722
ElbowRight -0,20511656999588 0,246603310108185 2,48528480529785
WristRight -0,414650529623032 0,288370400667191 2,4700391292572
HandRight -0,503419876098633 0,311773151159287 2,48479104042053
HipLeft 0,168087661266327 -0,171484798192978 2,58810091018677
KneeLeft 0,432028979063034 -0,514450192451477 2,67558884620667
AnkleLeft 0,607251822948456 -0,88188248872757 2,66717457771301
FootLeft 0,569454967975616 -0,943532884120941 2,68784594535828
HipRight 0,231827214360237 -0,135914862155914 2,51577639579773
KneeRight 0,088302955031395 -0,491325795650482 2,50503540039063
AnkleRight 0,112894177436829 -0,840166926383972 2,47751069068909
FootRight 0,0602434687316418 -0,898854970932007 2,481693983078

