HipCenter -0,0469558872282505 0,130205124616623 2,56217527389526
Spine -0,0716925263404846 0,175995290279388 2,51565265655518
ShoulderCenter -0,195168688893318 0,404445797204971 2,29823088645935
Head -0,330172061920166 0,499664098024368 2,21058511734009
ShoulderLeft -0,309523016214371 0,348477274179459 2,33683490753174
ElbowLeft -0,282239496707916 0,147215455770493 2,45743680000305
WristLeft -0,228651404380798 -0,0362007766962051 2,50987720489502
HandLeft -0,201419845223427 -0,108922392129898 2,54660487174988
ShoulderRight -0,035314854234457 0,374974370002747 2,34224772453308
ElbowRight 0,151580139994621 0,229039132595062 2,45210647583008
WristRight 0,275347530841827 0,0537689179182053 2,5280499458313
HandRight 0,286160916090012 -0,0238229781389236 2,56328439712524
HipLeft -0,0863874182105064 0,0729252547025681 2,60582184791565
KneeLeft 0,0153518710285425 -0,303653985261917 2,58796977996826
AnkleLeft 0,0493239909410477 -0,642528533935547 2,58247375488281
FootLeft 0,0541351586580276 -0,70487654209137 2,53294491767883
HipRight 0,0388589836657047 0,102143585681915 2,59772539138794
KneeRight 0,249863028526306 -0,29142302274704 2,6305718421936
AnkleRight 0,309545993804932 -0,659868597984314 2,68012189865112
FootRight 0,314357161521912 -0,722216606140137 2,63059306144714

