HipCenter 0,0562066435813904 0,169516280293465 2,54634213447571
Spine 0,034513995051384 0,226782977581024 2,51570296287537
ShoulderCenter -0,0731367468833923 0,517487645149231 2,38167428970337
Head -0,145675778388977 0,661274671554565 2,28868722915649
ShoulderLeft -0,206157848238945 0,454312294721603 2,39414954185486
ElbowLeft -0,153870031237602 0,213368356227875 2,49166226387024
WristLeft -0,13093438744545 -0,0158176627010107 2,52757501602173
HandLeft -0,123289175331593 -0,0922129973769188 2,54401612281799
ShoulderRight 0,102092556655407 0,487114071846008 2,41275382041931
ElbowRight 0,254068106412888 0,29067274928093 2,50658702850342
WristRight 0,343243926763535 0,112351596355438 2,56190466880798
HandRight 0,367977380752563 0,0663431733846664 2,60644841194153
HipLeft 0,0148078743368387 0,0947925448417664 2,5854024887085
KneeLeft 0,029087882488966 -0,281464666128159 2,59056091308594
AnkleLeft 0,0535468384623528 -0,643285393714905 2,58548283576965
FootLeft 0,0596223026514053 -0,692837059497833 2,52291989326477
HipRight 0,145428612828255 0,121845632791519 2,56344604492188
KneeRight 0,269413679838181 -0,284674614667892 2,65016651153564
AnkleRight 0,298163503408432 -0,675670206546783 2,69297695159912
FootRight 0,304238975048065 -0,725221872329712 2,63041400909424

