HipCenter -0,0454374887049198 0,129108801484108 2,55856966972351
Spine -0,0713663846254349 0,175458922982216 2,51205992698669
ShoulderCenter -0,203797340393066 0,405114769935608 2,2980694770813
Head -0,330178439617157 0,499867409467697 2,2068030834198
ShoulderLeft -0,328389674425125 0,270223140716553 2,37446308135986
ElbowLeft -0,272272855043411 0,124913975596428 2,47798156738281
WristLeft -0,234978228807449 -0,0703952461481094 2,50456357002258
HandLeft -0,201256513595581 -0,132181137800217 2,55370020866394
ShoulderRight -0,0357591174542904 0,377826154232025 2,34039807319641
ElbowRight 0,151708334684372 0,230671301484108 2,45004105567932
WristRight 0,300208777189255 0,0336125083267689 2,55486989021301
HandRight 0,311014980077744 -0,0439276359975338 2,59008073806763
HipLeft -0,0846969410777092 0,0648500770330429 2,60279655456543
KneeLeft 0,0171599164605141 -0,306803047657013 2,58686280250549
AnkleLeft 0,0490452945232391 -0,641828656196594 2,58231544494629
FootLeft 0,0576968938112259 -0,702502310276031 2,53147506713867
HipRight 0,0473963394761086 0,106489613652229 2,59980034828186
KneeRight 0,250351190567017 -0,287853360176086 2,6277801990509
AnkleRight 0,309958279132843 -0,656385838985443 2,67657661437988
FootRight 0,318609893321991 -0,71705949306488 2,62573623657227

