HipCenter 0,233853325247765 0,0827593207359314 2,11684966087341
Spine 0,185916021466255 0,154286131262779 2,1497859954834
ShoulderCenter 0,20025697350502 0,554620027542114 2,17869400978088
Head 0,269286155700684 0,738556385040283 2,24031734466553
ShoulderLeft 0,146706432104111 0,434333354234695 2,09280490875244
ElbowLeft 0,206653222441673 0,216597139835358 1,99522829055786
WristLeft 0,402408629655838 0,12657605111599 2,03069114685059
HandLeft 0,494574844837189 0,119705893099308 2,05082750320435
ShoulderRight 0,276152789592743 0,530613899230957 2,32111167907715
ElbowRight 0,333877205848694 0,305884718894959 2,17850255966187
WristRight 0,430497974157333 0,0698537677526474 2,11838984489441
HandRight 0,456373035907745 -0,0196471959352493 2,1020393371582
HipLeft 0,207829743623734 0,0607364550232887 2,11445283889771
KneeLeft 0,18889744579792 -0,331973224878311 2,06118869781494
AnkleLeft 0,152779668569565 -0,639101326465607 2,03535175323486
FootLeft 0,231015682220459 -0,680140733718872 1,98060238361359
HipRight 0,26814204454422 0,0339234247803688 2,10807538032532
KneeRight 0,228159502148628 -0,43866091966629 2,07490706443787
AnkleRight 0,174059629440308 -0,752444505691528 2,04623055458069
FootRight 0,260801792144775 -0,763162195682526 2,05910658836365

