HipCenter 0,225765228271484 0,080357164144516 2,11850595474243
Spine 0,183013558387756 0,153138607740402 2,15283489227295
ShoulderCenter 0,208060622215271 0,551855981349945 2,19092297554016
Head 0,18701159954071 0,74942147731781 2,22418117523193
ShoulderLeft 0,152570217847824 0,428860634565353 2,09637856483459
ElbowLeft 0,209680542349815 0,214306354522705 1,99790322780609
WristLeft 0,45072603225708 0,128524258732796 2,04253315925598
HandLeft 0,513696610927582 0,162018418312073 2,04199624061584
ShoulderRight 0,285742163658142 0,528727114200592 2,33311343193054
ElbowRight 0,33503994345665 0,304647386074066 2,17863273620605
WristRight 0,43341338634491 0,0668669044971466 2,11328744888306
HandRight 0,456753730773926 -0,0227647870779037 2,08620071411133
HipLeft 0,196145832538605 0,0561009868979454 2,11779689788818
KneeLeft 0,190608501434326 -0,336407631635666 2,06240344047546
AnkleLeft 0,138067409396172 -0,65520977973938 2,04151916503906
FootLeft 0,183597102761269 -0,765463888645172 2,06622076034546
HipRight 0,257116436958313 0,0309238042682409 2,10598230361938
KneeRight 0,158089026808739 -0,4491828083992 2,07557225227356
AnkleRight 0,175924822688103 -0,766379714012146 2,045086145401
FootRight 0,164546296000481 -0,645205855369568 2,03993725776672

