HipCenter -0,10809849947691 0,0238730553537607 2,46015334129334
Spine -0,117655538022518 0,0802804753184319 2,52564764022827
ShoulderCenter -0,108288876712322 0,450524508953094 2,57009601593018
Head -0,0984251350164413 0,639942049980164 2,55091452598572
ShoulderLeft -0,285543888807297 0,354209065437317 2,48162627220154
ElbowLeft -0,493259191513062 0,396313577890396 2,33587861061096
WristLeft -0,670876264572144 0,477791666984558 2,20939469337463
HandLeft -0,698789656162262 0,496917605400085 2,18131470680237
ShoulderRight 0,0471735820174217 0,319029718637466 2,53464603424072
ElbowRight 0,106053203344345 0,0587689764797688 2,49507689476013
WristRight 0,105589911341667 -0,153264731168747 2,40456366539001
HandRight 0,103750765323639 -0,24066236615181 2,38224482536316
HipLeft -0,181148424744606 -0,047603253275156 2,42463445663452
KneeLeft -0,243697196245193 -0,510461151599884 2,49535799026489
AnkleLeft -0,287203103303909 -0,83419269323349 2,50007724761963
FootLeft -0,313537567853928 -0,911297023296356 2,43174386024475
HipRight -0,0352219454944134 -0,0518414899706841 2,45327162742615
KneeRight -0,0156238693743944 -0,506113708019257 2,51469445228577
AnkleRight 0,0117704905569553 -0,84141331911087 2,52391195297241
FootRight 0,0340351723134518 -0,918157637119293 2,44958996772766

