HipCenter 0,0985137820243835 0,261492431163788 2,13326048851013
Spine 0,0998749285936356 0,33643627166748 2,19285702705383
ShoulderCenter 0,0980410426855087 0,748859524726868 2,17512106895447
Head 0,0852473378181458 0,954614043235779 2,115886926651
ShoulderLeft -0,0814911350607872 0,617001414299011 2,17528700828552
ElbowLeft -0,211492627859116 0,419308006763458 2,08793210983276
WristLeft -0,320079445838928 0,457247316837311 1,8777459859848
HandLeft -0,315195649862289 0,465138852596283 1,87038600444794
ShoulderRight 0,262938946485519 0,637286186218262 2,16936945915222
ElbowRight 0,358285933732986 0,381583273410797 2,17728734016418
WristRight 0,374216675758362 0,169177353382111 2,08524751663208
HandRight 0,363943010568619 0,0904842913150787 2,04541063308716
HipLeft 0,0196439232677221 0,182201266288757 2,12922596931458
KneeLeft 0,00281600747257471 -0,292213261127472 2,22430539131165
AnkleLeft 0,0313235707581043 -0,666292607784271 2,25689077377319
FootLeft -0,00882598571479321 -0,735734581947327 2,20870876312256
HipRight 0,177784979343414 0,186350613832474 2,11870980262756
KneeRight 0,208283990621567 -0,289238393306732 2,22496032714844
AnkleRight 0,206905841827393 -0,676684141159058 2,27730083465576
FootRight 0,241945683956146 -0,741841375827789 2,22912669181824

