HipCenter 0,0975073128938675 0,26203453540802 2,13581442832947
Spine 0,0995758175849915 0,336673468351364 2,19591069221497
ShoulderCenter 0,0982287004590034 0,750713229179382 2,18067598342896
Head 0,0870341211557388 0,956427276134491 2,12350034713745
ShoulderLeft -0,0717102885246277 0,630883574485779 2,18289279937744
ElbowLeft -0,208490490913391 0,417694866657257 2,14515018463135
WristLeft -0,384011328220367 0,445097893476486 1,98800933361053
HandLeft -0,389607310295105 0,450785398483276 1,953861951828
ShoulderRight 0,263568699359894 0,636977136135101 2,17046332359314
ElbowRight 0,360085099935532 0,38106980919838 2,17243909835815
WristRight 0,369091153144836 0,168464317917824 2,07703709602356
HandRight 0,357828825712204 0,090718224644661 2,04436135292053
HipLeft 0,0194135569036007 0,185115471482277 2,13205480575562
KneeLeft 0,002897665835917 -0,294854998588562 2,22680616378784
AnkleLeft 0,0300329439342022 -0,667060375213623 2,25895953178406
FootLeft -0,0104622859507799 -0,737601637840271 2,21106004714966
HipRight 0,1757692694664 0,187497541308403 2,12035489082336
KneeRight 0,208414480090141 -0,289765924215317 2,22719860076904
AnkleRight 0,206907033920288 -0,67804628610611 2,27909994125366
FootRight 0,23918753862381 -0,74125874042511 2,2289731502533

