HipCenter 0,097210630774498 0,26529848575592 2,1344780921936
Spine 0,10154540091753 0,338982880115509 2,19428873062134
ShoulderCenter 0,102148413658142 0,749901533126831 2,17897987365723
Head 0,0878657922148705 0,960068941116333 2,13117623329163
ShoulderLeft -0,0720542669296265 0,629576921463013 2,18767333030701
ElbowLeft -0,208326652646065 0,41763374209404 2,15256094932556
WristLeft -0,383054465055466 0,436651736497879 1,9937047958374
HandLeft -0,398621797561646 0,435342758893967 1,9657895565033
ShoulderRight 0,263451308012009 0,635339498519897 2,16669034957886
ElbowRight 0,360098779201508 0,388861089944839 2,16914558410645
WristRight 0,373780906200409 0,17640982568264 2,07172608375549
HandRight 0,363494277000427 0,0922323241829872 2,03775238990784
HipLeft 0,0192837510257959 0,189455911517143 2,13216543197632
KneeLeft 0,00336901354603469 -0,294614315032959 2,22748589515686
AnkleLeft 0,0321274399757385 -0,665823400020599 2,2592830657959
FootLeft -0,00952586904168129 -0,736635565757751 2,20881390571594
HipRight 0,173598736524582 0,190009996294975 2,11796569824219
KneeRight 0,207681968808174 -0,290752381086349 2,22661924362183
AnkleRight 0,207593709230423 -0,678180038928986 2,27962851524353
FootRight 0,240338355302811 -0,74189829826355 2,22968173027039

