HipCenter -0,00267984974198043 0,23624512553215 1,81849825382233
Spine 0,0028198875952512 0,282305836677551 1,81468057632446
ShoulderCenter 0,0275456756353378 0,512704789638519 1,80367374420166
Head -0,077103279531002 0,656781136989594 1,79069674015045
ShoulderLeft -0,134796947240829 0,465394884347916 1,87533342838287
ElbowLeft 0,00980274379253387 0,403747290372849 1,68538761138916
WristLeft 0,240844532847404 0,381315022706985 1,70510506629944
HandLeft 0,296819925308228 0,384839862585068 1,7135511636734
ShoulderRight -0,0307135060429573 0,461355060338974 1,69326567649841
ElbowRight 0,188942492008209 0,386518478393555 1,70533335208893
WristRight 0,352240860462189 0,343257009983063 1,73332405090332
HandRight 0,406673669815063 0,328836530447006 1,74550986289978
HipLeft -0,0261025615036488 0,204790249466896 1,82950985431671
KneeLeft -0,0271310266107321 -0,272198259830475 1,80932939052582
AnkleLeft -0,0381554439663887 -0,60816365480423 1,8068231344223
FootLeft 0,00778855383396149 -0,677711844444275 1,81247341632843
HipRight 0,0169586855918169 0,213858678936958 1,80735743045807
KneeRight 0,0643336400389671 -0,182572364807129 2,00993156433105
AnkleRight 0,0531382821500301 -0,501280903816223 1,88588440418243
FootRight -0,00412075594067574 -0,53167337179184 1,85309147834778

