HipCenter 0,459941923618317 0,188734173774719 2,50909948348999
Spine 0,41436955332756 0,248098194599152 2,49349904060364
ShoulderCenter 0,180479377508163 0,543972969055176 2,43049645423889
Head 0,0764060392975807 0,694478392601013 2,39046478271484
ShoulderLeft 0,095147043466568 0,462240129709244 2,44610261917114
ElbowLeft -0,152129143476486 0,480199486017227 2,39306235313416
WristLeft 0,0505882948637009 0,420561850070953 2,41999864578247
HandLeft 0,118160776793957 0,400682628154755 2,43389058113098
ShoulderRight 0,357152462005615 0,534929990768433 2,45048975944519
ElbowRight 0,608662009239197 0,46383461356163 2,55039381980896
WristRight 0,708995640277863 0,234723180532455 2,53417253494263
HandRight 0,722398042678833 0,174091264605522 2,53176188468933
HipLeft 0,447663247585297 0,115095041692257 2,51391172409058
KneeLeft 0,472280323505402 -0,313394010066986 2,55090236663818
AnkleLeft 0,487279057502747 -0,664059221744537 2,59105372428894
FootLeft 0,470422744750977 -0,744603753089905 2,55135798454285
HipRight 0,544997930526733 0,165029779076576 2,52174043655396
KneeRight 0,750042855739594 -0,297904998064041 2,56676363945007
AnkleRight 0,806053102016449 -0,644916474819183 2,60457921028137
FootRight 0,825219094753265 -0,736960172653198 2,57579755783081

