HipCenter 0,114463210105896 0,171402677893639 2,74851250648499
Spine 0,139646038413048 0,240509361028671 2,8046863079071
ShoulderCenter 0,201018303632736 0,637990832328796 2,79239153862
Head 0,201855301856995 0,810639321804047 2,81486582756042
ShoulderLeft -0,00142159953247756 0,662853300571442 2,82486414909363
ElbowLeft -0,138719111680984 0,856990694999695 2,70297861099243
WristLeft -0,220445543527603 1,05950701236725 2,65092921257019
HandLeft -0,266378909349442 1,11730623245239 2,61584544181824
ShoulderRight 0,267845541238785 0,507061779499054 2,74271488189697
ElbowRight -0,00352692604064941 0,535375952720642 2,59006452560425
WristRight -0,215206623077393 0,585976958274841 2,53393530845642
HandRight -0,288020104169846 0,616399049758911 2,51262354850769
HipLeft 0,0310258436948061 0,11178108304739 2,74632120132446
KneeLeft 0,0299952942878008 -0,456534385681152 2,74801540374756
AnkleLeft 0,0608411729335785 -0,860441923141479 2,75462961196899
FootLeft 0,0353806875646114 -0,920484304428101 2,70561456680298
HipRight 0,172616437077522 0,091714508831501 2,73365950584412
KneeRight 0,226172626018524 -0,47750049829483 2,74327898025513
AnkleRight 0,23413947224617 -0,872126698493958 2,73860597610474
FootRight 0,253529965877533 -0,927831172943115 2,67505979537964

