HipCenter 0,115553513169289 0,169135332107544 2,75041127204895
Spine 0,14049232006073 0,238546952605247 2,80674982070923
ShoulderCenter 0,203127801418304 0,639019370079041 2,79779744148254
Head 0,206698462367058 0,812467277050018 2,820481300354
ShoulderLeft 0,00238908408209682 0,660756587982178 2,82525277137756
ElbowLeft -0,129004374146461 0,817964971065521 2,71324396133423
WristLeft -0,204881176352501 1,01919448375702 2,64661073684692
HandLeft -0,250863611698151 1,0732547044754 2,60713267326355
ShoulderRight 0,267668604850769 0,500625133514404 2,74348950386047
ElbowRight 0,000728398561477661 0,529579102993011 2,58264660835266
WristRight -0,209187731146812 0,580327451229095 2,51989030838013
HandRight -0,281870037317276 0,601979672908783 2,49084067344666
HipLeft 0,0329828374087811 0,111059121787548 2,74720621109009
KneeLeft 0,0300909485667944 -0,459687143564224 2,74845337867737
AnkleLeft 0,0619479380548 -0,861570358276367 2,75504493713379
FootLeft 0,0350421518087387 -0,920966565608978 2,70555377006531
HipRight 0,173158675432205 0,0894869565963745 2,73576784133911
KneeRight 0,227103680372238 -0,475769251585007 2,74346137046814
AnkleRight 0,23439621925354 -0,872512996196747 2,7380805015564
FootRight 0,254670351743698 -0,929323434829712 2,67312550544739

