HipCenter 0,14038497209549 0,133025586605072 2,77065992355347
Spine 0,152732327580452 0,193907231092453 2,8349494934082
ShoulderCenter 0,180119425058365 0,582156419754028 2,86719703674316
Head 0,18220080435276 0,77247017621994 2,83289265632629
ShoulderLeft 0,0244520902633667 0,503854513168335 2,81299591064453
ElbowLeft -0,0763972774147987 0,419748306274414 2,60795831680298
WristLeft -0,211383074522018 0,335137099027634 2,34188604354858
HandLeft -0,289977073669434 0,356012016534805 2,27064228057861
ShoulderRight 0,321345716714859 0,466661870479584 2,77221322059631
ElbowRight 0,303631335496902 0,272251546382904 2,64213109016418
WristRight 0,190940976142883 0,0955781191587448 2,56029319763184
HandRight 0,138840675354004 0,0235099121928215 2,49800515174866
HipLeft 0,0700166374444962 0,0733924880623817 2,75899529457092
KneeLeft 0,0396857336163521 -0,468283385038376 2,75657844543457
AnkleLeft 0,0589234754443169 -0,863758683204651 2,75632977485657
FootLeft 0,0325999818742275 -0,927807092666626 2,69225406646729
HipRight 0,199552416801453 0,0588419549167156 2,7507152557373
KneeRight 0,234642744064331 -0,481494337320328 2,7534282207489
AnkleRight 0,235875129699707 -0,874731063842773 2,73853659629822
FootRight 0,25585350394249 -0,932572960853577 2,67316341400146

