HipCenter 0,104240968823433 0,0802198722958565 2,37421107292175
Spine 0,0982266068458557 0,141372859477997 2,43641901016235
ShoulderCenter 0,101765304803848 0,520037770271301 2,46924877166748
Head 0,105855777859688 0,692017734050751 2,47442626953125
ShoulderLeft -0,0428602546453476 0,397286832332611 2,41606187820435
ElbowLeft -0,187729150056839 0,437908589839935 2,22177052497864
WristLeft -0,321978211402893 0,507978022098541 2,01262235641479
HandLeft -0,365029126405716 0,539219677448273 1,94079256057739
ShoulderRight 0,265794634819031 0,371482014656067 2,44450163841248
ElbowRight 0,298268705606461 0,10443302243948 2,41051506996155
WristRight 0,316442281007767 -0,139964252710342 2,33764839172363
HandRight 0,310590803623199 -0,217562526464462 2,3170952796936
HipLeft 0,0330168716609478 0,0165700484067202 2,34679293632507
KneeLeft 0,000841912114992738 -0,434957146644592 2,41285800933838
AnkleLeft 0,00223692506551743 -0,807465672492981 2,40641832351685
FootLeft 0,0295785441994667 -0,91251665353775 2,34748840332031
HipRight 0,176541790366173 0,00728090014308691 2,36814022064209
KneeRight 0,176655113697052 -0,356989771127701 2,38748455047607
AnkleRight 0,20769327878952 -0,80907130241394 2,41411089897156
FootRight 0,200905650854111 -0,871915936470032 2,34823942184448

