HipCenter 0,106305129826069 0,0799179971218109 2,37505483627319
Spine 0,0997344851493835 0,141277506947517 2,43750929832459
ShoulderCenter 0,103087298572063 0,521146953105927 2,47238039970398
Head 0,107351861894131 0,69486266374588 2,48141312599182
ShoulderLeft -0,0378263369202614 0,40017831325531 2,41938853263855
ElbowLeft -0,18832916021347 0,438794016838074 2,23014664649963
WristLeft -0,332229793071747 0,500130176544189 2,02361106872559
HandLeft -0,382003366947174 0,527184426784515 1,95148110389709
ShoulderRight 0,266370266675949 0,369405567646027 2,44943237304688
ElbowRight 0,299016892910004 0,130211651325226 2,41526031494141
WristRight 0,325768291950226 -0,144630253314972 2,33558440208435
HandRight 0,316599011421204 -0,215621709823608 2,31887245178223
HipLeft 0,0354287400841713 0,0176801905035973 2,34625625610352
KneeLeft 0,0052856313996017 -0,410754233598709 2,40486693382263
AnkleLeft 0,0146731529384851 -0,816577851772308 2,40916395187378
FootLeft 0,0161483641713858 -0,908722758293152 2,34956693649292
HipRight 0,178245112299919 0,00611764099448919 2,37001895904541
KneeRight 0,184691324830055 -0,428352802991867 2,40504050254822
AnkleRight 0,211074098944664 -0,820606052875519 2,4190878868103
FootRight 0,207673281431198 -0,900648713111877 2,34757614135742

