HipCenter 0,105558820068836 0,078070767223835 2,37691903114319
Spine 0,0995597392320633 0,139530718326569 2,43974637985229
ShoulderCenter 0,100727275013924 0,521902799606323 2,47719216346741
Head 0,102224536240101 0,69293487071991 2,4834315776825
ShoulderLeft -0,0404665246605873 0,397080093622208 2,42302322387695
ElbowLeft -0,184613525867462 0,388598382472992 2,22799873352051
WristLeft -0,328044652938843 0,407010793685913 2,00564002990723
HandLeft -0,371215790510178 0,42660003900528 1,94060552120209
ShoulderRight 0,260082870721817 0,370437204837799 2,44854259490967
ElbowRight 0,30954384803772 0,154540508985519 2,42191123962402
WristRight 0,320842146873474 -0,0873988047242165 2,35191535949707
HandRight 0,320316225290298 -0,184882655739784 2,33299708366394
HipLeft 0,036129716783762 0,0154568832367659 2,35038805007935
KneeLeft 0,00826582219451666 -0,414395987987518 2,40910243988037
AnkleLeft 0,0163001511245966 -0,81073522567749 2,40788459777832
FootLeft 0,00765749625861645 -0,903107225894928 2,35205364227295
HipRight 0,176356613636017 0,00686611700803041 2,36971163749695
KneeRight 0,185020446777344 -0,444451630115509 2,40972805023193
AnkleRight 0,205345928668976 -0,82162994146347 2,40979385375977
FootRight 0,211447358131409 -0,907361388206482 2,34965229034424

