HipCenter 0,104961678385735 0,0825671702623367 2,37434482574463
Spine 0,097812294960022 0,143281981348991 2,43663477897644
ShoulderCenter 0,100388631224632 0,520366609096527 2,47094345092773
Head 0,102702774107456 0,6930051445961 2,47477245330811
ShoulderLeft -0,0466396249830723 0,387678146362305 2,41515517234802
ElbowLeft -0,197162717580795 0,423968493938446 2,22060537338257
WristLeft -0,332410424947739 0,482590168714523 2,0148458480835
HandLeft -0,379949688911438 0,508917987346649 1,94247376918793
ShoulderRight 0,262482702732086 0,375772327184677 2,45348453521729
ElbowRight 0,295656263828278 0,108218759298325 2,41220259666443
WristRight 0,313416659832001 -0,110579505562782 2,33626461029053
HandRight 0,313716918230057 -0,208223581314087 2,31354141235352
HipLeft 0,0347343198955059 0,017666082829237 2,34471035003662
KneeLeft 0,00775139592587948 -0,446580171585083 2,41445541381836
AnkleLeft 0,0162570364773273 -0,814126491546631 2,40814280509949
FootLeft 0,0114591214805841 -0,907953500747681 2,35087203979492
HipRight 0,175612300634384 0,0102198822423816 2,36898279190063
KneeRight 0,181325599551201 -0,43504872918129 2,40365529060364
AnkleRight 0,209856167435646 -0,829653143882751 2,41281676292419
FootRight 0,212753117084503 -0,90112578868866 2,35254693031311

