HipCenter -0,018898569047451 0,235379412770271 1,99731838703156
Spine -0,0163301769644022 0,290549457073212 1,99122262001038
ShoulderCenter -0,00402108952403069 0,565870940685272 1,97487854957581
Head -0,091543436050415 0,747626602649689 2,00856804847717
ShoulderLeft -0,140695676207542 0,53391832113266 1,99355590343475
ElbowLeft 0,0552154183387756 0,439381867647171 1,89274942874908
WristLeft 0,226210311055183 0,442255795001984 1,86894488334656
HandLeft 0,280620187520981 0,454692423343658 1,86364650726318
ShoulderRight 0,0358027629554272 0,429964512586594 1,92068779468536
ElbowRight 0,182900235056877 0,415998518466949 1,98808419704437
WristRight 0,216652005910873 0,41480165719986 2,20764970779419
HandRight 0,267123699188232 0,413009971380234 2,23199248313904
HipLeft -0,0595562793314457 0,186056151986122 2,01046228408813
KneeLeft 0,0102116819471121 -0,309253066778183 1,97953307628632
AnkleLeft -0,016276516020298 -0,675071239471436 2,01037073135376
FootLeft 0,0751098766922951 -0,73487114906311 2,00632405281067
HipRight 0,0178638063371181 0,18728432059288 1,98833405971527
KneeRight -0,0512576848268509 -0,234683692455292 1,9842277765274
AnkleRight 0,0359729304909706 -0,557087779045105 2,12422585487366
FootRight 0,00227521732449532 -0,599785804748535 2,04629874229431

