HipCenter -0,0181155018508434 0,239130601286888 1,99892044067383
Spine -0,0162211693823338 0,293907791376114 1,99259769916534
ShoulderCenter -0,00615020422264934 0,568743526935577 1,97444176673889
Head -0,0923297628760338 0,745832502841949 2,00828528404236
ShoulderLeft -0,144611731171608 0,530544638633728 1,99980688095093
ElbowLeft 0,05572809278965 0,441863596439362 1,90173971652985
WristLeft 0,225894242525101 0,44188004732132 1,86687302589417
HandLeft 0,279919594526291 0,45419779419899 1,86210000514984
ShoulderRight 0,0359068587422371 0,432221531867981 1,92438125610352
ElbowRight 0,180254131555557 0,411524802446365 1,99573218822479
WristRight 0,221765697002411 0,42215633392334 2,21432495117188
HandRight 0,227482080459595 0,379578173160553 2,24964761734009
HipLeft -0,0579695180058479 0,1900445073843 2,01302433013916
KneeLeft 0,00892743933945894 -0,308519065380096 1,98011767864227
AnkleLeft -0,0135451937094331 -0,673547863960266 2,01072692871094
FootLeft 0,0763871669769287 -0,735500395298004 2,00573897361755
HipRight 0,0183005779981613 0,192272886633873 1,98915731906891
KneeRight -0,0566283576190472 -0,237932845950127 1,98787677288055
AnkleRight 0,0373575128614903 -0,565017700195313 2,11117267608643
FootRight 0,00310210511088371 -0,608042538166046 2,03363585472107

