HipCenter 0,0876829922199249 0,199931144714355 2,18674850463867
Spine 0,0840704217553139 0,264516651630402 2,18274784088135
ShoulderCenter 0,0276213772594929 0,578395426273346 2,13652992248535
Head -0,0105416961014271 0,769886016845703 2,20632433891296
ShoulderLeft -0,0322788283228874 0,53710675239563 2,23821330070496
ElbowLeft -0,299448579549789 0,538541495800018 2,10961818695068
WristLeft -0,520277738571167 0,410487115383148 2,04214668273926
HandLeft -0,593887448310852 0,367802321910858 2,02424454689026
ShoulderRight 0,0845843330025673 0,600045502185822 2,12063050270081
ElbowRight -0,153012901544571 0,586790680885315 2,06269407272339
WristRight -0,36259925365448 0,562339007854462 2,05937051773071
HandRight -0,432461380958557 0,554188430309296 2,06285095214844
HipLeft 0,0629224702715874 0,134180724620819 2,24419856071472
KneeLeft 0,24079929292202 -0,316249817609787 2,19417905807495
AnkleLeft 0,115769669413567 -0,642058253288269 2,39636611938477
FootLeft 0,10750374943018 -0,735226690769196 2,38664603233337
HipRight 0,124510914087296 0,181456297636032 2,14484262466431
KneeRight 0,183329179883003 -0,280424475669861 2,15936136245728
AnkleRight 0,21681173145771 -0,672949492931366 2,12976884841919
FootRight 0,142492830753326 -0,728339910507202 2,11787843704224

