HipCenter 0,0827254429459572 0,266362488269806 2,06089520454407
Spine 0,0765971466898918 0,334983676671982 2,11910033226013
ShoulderCenter 0,109626524150372 0,721048176288605 2,11708974838257
Head 0,117741942405701 0,935051798820496 2,0764057636261
ShoulderLeft -0,0737103223800659 0,672370195388794 2,06788372993469
ElbowLeft -0,242020815610886 0,751722872257233 1,91729319095612
WristLeft -0,434779763221741 0,842602133750916 1,76280534267426
HandLeft -0,491510182619095 0,869348585605621 1,72157752513885
ShoulderRight 0,224929198622704 0,630855858325958 2,12383246421814
ElbowRight 0,318029761314392 0,355738431215286 2,1152560710907
WristRight 0,319681882858276 0,141025438904762 2,04184174537659
HandRight 0,315650582313538 0,0470123961567879 2,00367045402527
HipLeft 0,0142050040885806 0,204372137784958 2,03224444389343
KneeLeft -0,0235198475420475 -0,293859958648682 2,12223601341248
AnkleLeft 0,00299310870468616 -0,664055705070496 2,14763164520264
FootLeft -0,0233953855931759 -0,734850645065308 2,08917999267578
HipRight 0,143960073590279 0,196692392230034 2,06873917579651
KneeRight 0,189437046647072 -0,289296627044678 2,13213157653809
AnkleRight 0,183819860219955 -0,678136169910431 2,17530059814453
FootRight 0,208038881421089 -0,73883992433548 2,12672185897827

