HipCenter 0,0825881287455559 0,261957317590714 2,05768465995789
Spine 0,0701467096805573 0,334625065326691 2,11463975906372
ShoulderCenter 0,066361092031002 0,740630209445953 2,10491442680359
Head 0,125002399086952 0,943452954292297 2,05853390693665
ShoulderLeft -0,0955359637737274 0,609810709953308 2,0512216091156
ElbowLeft -0,183524489402771 0,386304914951324 1,94808971881866
WristLeft -0,257117986679077 0,201413795351982 1,8340836763382
HandLeft -0,275133401155472 0,162128373980522 1,78872621059418
ShoulderRight 0,232700556516647 0,619609355926514 2,11485409736633
ElbowRight 0,319086670875549 0,357267618179321 2,10548734664917
WristRight 0,31881919503212 0,144817918539047 2,02485942840576
HandRight 0,317700505256653 0,0615066774189472 1,99395000934601
HipLeft 0,0121592357754707 0,189720332622528 2,03678417205811
KneeLeft -0,0220019798725843 -0,296590179204941 2,12394547462463
AnkleLeft 0,00219166278839111 -0,662320494651794 2,14812779426575
FootLeft -0,0242451913654804 -0,735326409339905 2,0905544757843
HipRight 0,157941818237305 0,18995726108551 2,05956268310547
KneeRight 0,190663233399391 -0,289042890071869 2,132887840271
AnkleRight 0,182735174894333 -0,677982568740845 2,17426109313965
FootRight 0,207553580403328 -0,737855195999146 2,12687969207764

