HipCenter 0,0932378694415092 0,273136883974075 2,14494109153748
Spine 0,0833611488342285 0,345631688833237 2,20221519470215
ShoulderCenter 0,0701013803482056 0,746685683727264 2,18519592285156
Head 0,0969635844230652 0,94555538892746 2,10841798782349
ShoulderLeft -0,0937433689832687 0,629320025444031 2,15047883987427
ElbowLeft -0,198252856731415 0,4212426841259 1,98000633716583
WristLeft -0,207027390599251 0,478328704833984 1,7461234331131
HandLeft -0,191524088382721 0,496302932500839 1,75941300392151
ShoulderRight 0,247071668505669 0,630205154418945 2,18922448158264
ElbowRight 0,334115505218506 0,366522938013077 2,18773722648621
WristRight 0,339877247810364 0,136553481221199 2,12280511856079
HandRight 0,343723863363266 0,0512597970664501 2,09418201446533
HipLeft 0,0208203662186861 0,195656910538673 2,12813711166382
KneeLeft -0,0125455940142274 -0,292513787746429 2,2256178855896
AnkleLeft -0,000183059586561285 -0,665988802909851 2,25435924530029
FootLeft -0,0332254841923714 -0,735447943210602 2,20460224151611
HipRight 0,172434419393539 0,199588447809219 2,14210319519043
KneeRight 0,201836913824081 -0,287928849458694 2,23211240768433
AnkleRight 0,191707521677017 -0,68081134557724 2,28010821342468
FootRight 0,223669975996017 -0,741881430149078 2,2301652431488

