HipCenter 0,107811868190765 0,287740141153336 2,16271948814392
Spine 0,0932390093803406 0,358165264129639 2,21397256851196
ShoulderCenter 0,0832407921552658 0,743659019470215 2,19708681106567
Head 0,112906254827976 0,951315641403198 2,13326478004456
ShoulderLeft -0,0752448216080666 0,624166250228882 2,14426159858704
ElbowLeft -0,110217973589897 0,407722681760788 2,03902530670166
WristLeft 0,154641672968864 0,47067129611969 1,95160341262817
HandLeft 0,242928221821785 0,49165415763855 1,92739546298981
ShoulderRight 0,263318836688995 0,637404978275299 2,21749925613403
ElbowRight 0,339424312114716 0,372096300125122 2,21536064147949
WristRight 0,347532391548157 0,135235667228699 2,1605076789856
HandRight 0,355823159217834 0,0455356389284134 2,13661670684814
HipLeft 0,0370261035859585 0,205342978239059 2,12813329696655
KneeLeft -0,00679804338142276 -0,290681570768356 2,23256850242615
AnkleLeft -0,000116400406113826 -0,664517641067505 2,25637483596802
FootLeft -0,029482314363122 -0,732619106769562 2,20699238777161
HipRight 0,187854111194611 0,207598954439163 2,18067908287048
KneeRight 0,204157814383507 -0,290659725666046 2,24488568305969
AnkleRight 0,192846968770027 -0,681580007076263 2,28221559524536
FootRight 0,225274205207825 -0,744691491127014 2,23319554328918

