HipCenter 0,106282383203506 0,289669930934906 2,16475915908813
Spine 0,0903878882527351 0,359810620546341 2,21533060073853
ShoulderCenter 0,0809042155742645 0,746691882610321 2,20068693161011
Head 0,114347293972969 0,95263284444809 2,13472485542297
ShoulderLeft -0,0746447741985321 0,618457019329071 2,1388566493988
ElbowLeft -0,12666454911232 0,384890496730804 2,12522006034851
WristLeft 0,0677753984928131 0,421040087938309 1,9913432598114
HandLeft 0,132588714361191 0,433089941740036 1,95165205001831
ShoulderRight 0,261932492256165 0,638057410717011 2,22381162643433
ElbowRight 0,341159582138062 0,368984162807465 2,22427845001221
WristRight 0,354016453027725 0,136564910411835 2,16892027854919
HandRight 0,360110282897949 0,0521511770784855 2,14392733573914
HipLeft 0,0367829836905003 0,208369508385658 2,12771964073181
KneeLeft -0,00630015041679144 -0,290587425231934 2,23355221748352
AnkleLeft 0,000975005212239921 -0,664475679397583 2,25657105445862
FootLeft -0,0302051994949579 -0,732743263244629 2,20509767532349
HipRight 0,184213504195213 0,209801703691483 2,18396902084351
KneeRight 0,204908341169357 -0,291045069694519 2,24741530418396
AnkleRight 0,193032577633858 -0,681923985481262 2,28310489654541
FootRight 0,224549606442451 -0,743754923343658 2,23143339157104

