HipCenter 0,000240030436543748 -0,127043455839157 2,11543893814087
Spine -0,0121764168143272 -0,0798780247569084 2,08010292053223
ShoulderCenter -0,0600448176264763 0,154484778642654 1,91673195362091
Head -0,0227010995149612 0,0393750071525574 1,72407686710358
ShoulderLeft -0,172239616513252 0,0664612501859665 1,93956935405731
ElbowLeft -0,280676186084747 -0,00510414689779282 2,05196762084961
WristLeft -0,145159125328064 -0,00378467701375484 1,83018052577972
HandLeft -0,0999867618083954 -0,00334485364146531 1,75968551635742
ShoulderRight 0,112223416566849 0,0808141753077507 1,92746829986572
ElbowRight 0,163665354251862 -0,131604015827179 2,00590658187866
WristRight 0,156647011637688 -0,310907602310181 1,85776257514954
HandRight 0,151077911257744 -0,388933837413788 1,861781001091
HipLeft -0,054130531847477 -0,19126769900322 2,11753416061401
KneeLeft -0,140057504177094 -0,374521404504776 1,84161126613617
AnkleLeft -0,0758861750364304 -0,667625367641449 1,93664026260376
FootLeft -0,0874360427260399 -0,738267719745636 1,90059375762939
HipRight 0,0735635310411453 -0,180343210697174 2,19115471839905
KneeRight 0,165672540664673 -0,329734474420547 1,89674353599548
AnkleRight 0,101264841854572 -0,670929670333862 1,94754457473755
FootRight 0,0970818251371384 -0,736114323139191 1,90350675582886

