HipCenter -0,00163518323097378 -0,117984808981419 2,09643125534058
Spine -0,0108066294342279 -0,0719111263751984 2,06497001647949
ShoulderCenter -0,055670440196991 0,159888744354248 1,90674698352814
Head -0,0212589986622334 0,0327140986919403 1,70946085453033
ShoulderLeft -0,165616899728775 0,063412182033062 1,93377006053925
ElbowLeft -0,279043078422546 -0,00375036150217056 2,04780149459839
WristLeft -0,121753245592117 0,0146387815475464 1,83774948120117
HandLeft -0,145032405853271 -0,0315573625266552 1,80389857292175
ShoulderRight 0,158516496419907 0,045736201107502 1,95049846172333
ElbowRight 0,200232535600662 -0,132550716400146 2,10721611976624
WristRight 0,172749325633049 -0,312726408243179 1,91871738433838
HandRight 0,156572446227074 -0,371679872274399 1,92791974544525
HipLeft -0,0480902567505836 -0,184454903006554 2,104163646698
KneeLeft -0,144837230443954 -0,388128578662872 1,83488249778748
AnkleLeft -0,0773638263344765 -0,666437208652496 1,93388366699219
FootLeft -0,0976859554648399 -0,741226434707642 1,90509688854218
HipRight 0,0715807303786278 -0,193852305412292 2,18253016471863
KneeRight 0,171392604708672 -0,337624549865723 1,87677955627441
AnkleRight 0,101957872509956 -0,668492019176483 1,94551086425781
FootRight 0,0978999063372612 -0,737148523330688 1,90486025810242

