HipCenter -0,00840978510677814 -0,123901791870594 2,10121870040894
Spine -0,0153682371601462 -0,0751456692814827 2,06878280639648
ShoulderCenter -0,0604254901409149 0,161354705691338 1,91299736499786
Head -0,0220847278833389 0,0299313068389893 1,71543025970459
ShoulderLeft -0,164084821939468 0,0629552975296974 1,93284249305725
ElbowLeft -0,282938957214355 -0,00527466181665659 2,0550856590271
WristLeft -0,132424116134644 0,00759065244346857 1,83743810653687
HandLeft -0,145353630185127 -0,0430608652532101 1,80279719829559
ShoulderRight 0,110196888446808 0,0780874937772751 1,92593121528625
ElbowRight 0,256262421607971 -0,00872607156634331 2,05545997619629
WristRight 0,200404480099678 -0,230092212557793 1,92830491065979
HandRight 0,184595972299576 -0,289633244276047 1,94003963470459
HipLeft -0,045099500566721 -0,186910137534142 2,10294508934021
KneeLeft -0,147513061761856 -0,390179663896561 1,83171820640564
AnkleLeft -0,0769775286316872 -0,668205857276917 1,93698346614838
FootLeft -0,094703420996666 -0,739537477493286 1,90344834327698
HipRight 0,0563876405358315 -0,18572686612606 2,17836570739746
KneeRight 0,172663122415543 -0,33930030465126 1,88032376766205
AnkleRight 0,102154269814491 -0,670940279960632 1,9477379322052
FootRight 0,0975935161113739 -0,737864136695862 1,90540146827698

