HipCenter 0,08653424680233 -0,192835330963135 2,1662130355835
Spine 0,100593641400337 -0,177611440420151 2,16849589347839
ShoulderCenter 0,173322603106499 -0,100117169320583 2,17627096176147
Head 0,0800136625766754 -0,103800073266029 1,95764684677124
ShoulderLeft -0,0298172682523727 -0,125213891267776 2,13338851928711
ElbowLeft -0,257490634918213 -0,0181828066706657 2,06299567222595
WristLeft -0,124800130724907 -0,00754314195364714 1,83329665660858
HandLeft 0,0435799695551395 -0,0652779415249825 1,6305216550827
ShoulderRight 0,246093645691872 -0,186361134052277 2,16902542114258
ElbowRight 0,25717568397522 -0,0133258644491434 2,06594848632813
WristRight 0,199777811765671 -0,232173219323158 1,93470013141632
HandRight 0,18684084713459 -0,29302442073822 1,94269263744354
HipLeft -0,0215468462556601 -0,230399042367935 2,10240125656128
KneeLeft -0,16767792403698 -0,378547132015228 1,81519651412964
AnkleLeft -0,0776066482067108 -0,669425487518311 1,93637800216675
FootLeft -0,0945787727832794 -0,73996764421463 1,90318596363068
HipRight 0,0952353402972221 -0,261441767215729 2,20648789405823
KneeRight 0,167695879936218 -0,327252835035324 1,86389493942261
AnkleRight 0,101970717310905 -0,67103785276413 1,94843816757202
FootRight 0,0976756066083908 -0,73748379945755 1,90465700626373

