HipCenter -0,00839162245392799 -0,117446936666965 2,09702229499817
Spine -0,017114570364356 -0,0698137879371643 2,06551051139832
ShoulderCenter -0,0610345378518105 0,161349475383759 1,91200184822083
Head -0,0195371359586716 0,0309050232172012 1,71412444114685
ShoulderLeft -0,164092198014259 0,0611456669867039 1,9318596124649
ElbowLeft -0,285966336727142 -0,00558736268430948 2,05802702903748
WristLeft -0,147236794233322 -0,00311699602752924 1,83192610740662
HandLeft -0,0874946564435959 -0,0171168502420187 1,81877648830414
ShoulderRight 0,109466843307018 0,077988289296627 1,92680823802948
ElbowRight 0,257373332977295 -0,0110296998172998 2,06332421302795
WristRight 0,198936954140663 -0,213350474834442 1,90657961368561
HandRight 0,183412835001945 -0,295428097248077 1,92176616191864
HipLeft -0,0548684969544411 -0,188589692115784 2,10209584236145
KneeLeft -0,144774317741394 -0,39329120516777 1,82708930969238
AnkleLeft -0,0778004825115204 -0,668852508068085 1,9359827041626
FootLeft -0,095734603703022 -0,740720629692078 1,90506517887115
HipRight 0,0641028210520744 -0,193448543548584 2,18357110023499
KneeRight 0,17196050286293 -0,338990688323975 1,87788724899292
AnkleRight 0,101289927959442 -0,671612918376923 1,94958627223969
FootRight 0,0975718125700951 -0,737411499023438 1,90480720996857

