HipCenter 0,0177699718624353 -0,123705178499222 2,10619497299194
Spine 0,0272420048713684 -0,0732748359441757 2,08030366897583
ShoulderCenter 0,0893461480736732 0,135532915592194 1,95702087879181
Head 0,00228133797645569 0,0395435243844986 1,75275492668152
ShoulderLeft -0,123757556080818 0,103715837001801 1,89741992950439
ElbowLeft -0,279681146144867 -0,00117293000221252 2,05107951164246
WristLeft -0,137643426656723 0,00308773992583156 1,82716524600983
HandLeft -0,119052678346634 -0,0513321533799171 1,80182230472565
ShoulderRight 0,158684805035591 0,0456712990999222 1,94854652881622
ElbowRight 0,217279374599457 -0,124079093337059 1,98828709125519
WristRight 0,159981667995453 -0,341265857219696 1,85425901412964
HandRight 0,149708762764931 -0,425296902656555 1,86216080188751
HipLeft -0,0481245778501034 -0,167490154504776 2,09733891487122
KneeLeft -0,143772974610329 -0,394178867340088 1,84058666229248
AnkleLeft -0,0773945674300194 -0,667867422103882 1,93684709072113
FootLeft -0,0958045497536659 -0,741087853908539 1,90432822704315
HipRight 0,0691873654723167 -0,199507012963295 2,18062615394592
KneeRight 0,173727989196777 -0,340608358383179 1,86955404281616
AnkleRight 0,101338364183903 -0,668828010559082 1,94651734828949
FootRight 0,0962626114487648 -0,738492488861084 1,90733134746552

