HipCenter 0,0221432186663151 -0,0745303854346275 2,16703677177429
Spine 0,0219035297632217 -0,0409719794988632 2,14737796783447
ShoulderCenter 0,0091015538200736 0,108875334262848 2,0661768913269
Head 0,00374572398141027 0,229858905076981 1,87626075744629
ShoulderLeft -0,162161320447922 0,114814981818199 2,06151795387268
ElbowLeft -0,307773232460022 0,0305094122886658 2,12302446365356
WristLeft -0,159546703100204 0,0273643359541893 1,99869287014008
HandLeft -0,0838202685117722 0,0300862770527601 1,99644148349762
ShoulderRight 0,17945197224617 0,128871724009514 2,08912634849548
ElbowRight 0,256537675857544 -0,0477614142000675 2,19766664505005
WristRight 0,206546381115913 -0,197225138545036 2,08663964271545
HandRight 0,212562471628189 -0,24259814620018 2,05431699752808
HipLeft -0,0569968968629837 -0,151654317975044 2,18377637863159
KneeLeft -0,125895902514458 -0,335843205451965 1,90296220779419
AnkleLeft -0,0679059103131294 -0,670120418071747 1,94145119190216
FootLeft -0,0855060219764709 -0,736526072025299 1,8976686000824
HipRight 0,0996422171592712 -0,139748364686966 2,20832872390747
KneeRight 0,156101629137993 -0,321996688842773 1,9233500957489
AnkleRight 0,0942530706524849 -0,670218169689178 1,94775581359863
FootRight 0,0986061617732048 -0,734481453895569 1,90729415416718

