HipCenter -0,00921378936618567 -0,119225703179836 2,10111713409424
Spine -0,0220334660261869 -0,0718994736671448 2,0728235244751
ShoulderCenter -0,0625440776348114 0,163366213440895 1,9167857170105
Head -0,0244435183703899 0,0264948606491089 1,71877503395081
ShoulderLeft -0,158339500427246 0,0624493584036827 1,92789793014526
ElbowLeft -0,278607457876205 -0,00462739588692784 2,04967379570007
WristLeft -0,13239398598671 0,00675366958603263 1,82852327823639
HandLeft -0,123628355562687 -0,0479004122316837 1,79854130744934
ShoulderRight 0,118457391858101 0,128581956028938 1,89486289024353
ElbowRight 0,193238735198975 -0,0518350303173065 1,967205286026
WristRight 0,159278407692909 -0,285785377025604 1,8568035364151
HandRight 0,155031517148018 -0,370547920465469 1,86394679546356
HipLeft -0,0364884212613106 -0,191946044564247 2,10275316238403
KneeLeft -0,153166547417641 -0,389676451683044 1,82998633384705
AnkleLeft -0,0749767273664474 -0,671081244945526 1,93759059906006
FootLeft -0,0955628901720047 -0,740004777908325 1,90565645694733
HipRight 0,0557704530656338 -0,169916182756424 2,17329978942871
KneeRight 0,171454340219498 -0,342339992523193 1,8828272819519
AnkleRight 0,101591259241104 -0,670120477676392 1,9471982717514
FootRight 0,0967415198683739 -0,738830327987671 1,90747308731079

