HipCenter -0,0206345953047276 -0,153943061828613 2,13321280479431
Spine -0,0322706252336502 -0,145469516515732 2,11638188362122
ShoulderCenter -0,0901145786046982 -0,113267622888088 2,0399169921875
Head -0,0415367595851421 -0,0266354829072952 1,81816434860229
ShoulderLeft -0,200854048132896 -0,210989400744438 2,07104992866516
ElbowLeft -0,284548550844193 -0,00657510850578547 2,06148362159729
WristLeft -0,147887006402016 -0,0155349532142282 1,83338475227356
HandLeft -0,158353298902512 -0,0725494250655174 1,80793797969818
ShoulderRight 0,0771329402923584 -0,195676654577255 2,05927586555481
ElbowRight 0,254003167152405 -0,0103001594543457 2,05866932868958
WristRight 0,198431089520454 -0,214800402522087 1,90263235569
HandRight 0,182109773159027 -0,297073841094971 1,91997122764587
HipLeft -0,0648383647203445 -0,171999365091324 2,11185073852539
KneeLeft -0,135774850845337 -0,391249746084213 1,83690059185028
AnkleLeft -0,0746887102723122 -0,670927345752716 1,93941569328308
FootLeft -0,0931687951087952 -0,739679038524628 1,90595602989197
HipRight 0,114269368350506 -0,187976583838463 2,2489926815033
KneeRight 0,155288398265839 -0,318948119878769 1,9156711101532
AnkleRight 0,100929759442806 -0,669888377189636 1,94837868213654
FootRight 0,0961720570921898 -0,738424181938171 1,90769195556641

