HipCenter 0,012281758710742 -0,112163208425045 2,10932302474976
Spine 0,012350469827652 -0,0983116030693054 2,09253811836243
ShoulderCenter 0,0132448207587004 -0,0333856791257858 2,02374339103699
Head -0,0114743560552597 0,0825074315071106 1,83233797550201
ShoulderLeft -0,180146723985672 0,0495887398719788 1,99783027172089
ElbowLeft -0,317319303750992 0,0032445602118969 2,09438443183899
WristLeft -0,172964364290237 0,0188262946903706 1,87873065471649
HandLeft -0,146390080451965 0,0873521417379379 1,85999691486359
ShoulderRight 0,199095338582993 0,0398513674736023 2,06582522392273
ElbowRight 0,191148102283478 -0,145625814795494 2,05597734451294
WristRight 0,163556158542633 -0,319052159786224 1,87446010112762
HandRight 0,154544472694397 -0,39398205280304 1,86689472198486
HipLeft -0,0743775367736816 -0,184572577476501 2,12444376945496
KneeLeft -0,138073056936264 -0,371869176626205 1,8484787940979
AnkleLeft -0,0708155184984207 -0,670111119747162 1,94174265861511
FootLeft -0,0851577967405319 -0,735267996788025 1,89899957180023
HipRight 0,0967410057783127 -0,184881538152695 2,21142864227295
KneeRight 0,162617564201355 -0,320642352104187 1,90627193450928
AnkleRight 0,0964555367827415 -0,669532060623169 1,94670581817627
FootRight 0,0987579748034477 -0,733015596866608 1,90638160705566

