HipCenter 0,0902737081050873 0,26225808262825 2,84289860725403
Spine 0,115807697176933 0,329983294010162 2,90812516212463
ShoulderCenter 0,134138107299805 0,760925054550171 2,93136978149414
Head 0,112039923667908 0,95613044500351 2,96975469589233
ShoulderLeft -0,0671922191977501 0,758274555206299 2,97015714645386
ElbowLeft -0,192180335521698 0,946315884590149 2,82954621315002
WristLeft -0,213984698057175 1,19517767429352 2,8361918926239
HandLeft -0,22125281393528 1,27813160419464 2,84373092651367
ShoulderRight 0,271568596363068 0,615967631340027 2,82366251945496
ElbowRight 0,018359363079071 0,584262907505035 2,56859183311462
WristRight -0,222669258713722 0,647071957588196 2,5229651927948
HandRight -0,292699635028839 0,673203825950623 2,51066851615906
HipLeft 0,00904407165944576 0,187376707792282 2,83298397064209
KneeLeft -0,0339241214096546 -0,42022705078125 2,84108924865723
AnkleLeft -0,0381922721862793 -0,837477087974548 2,85358166694641
FootLeft -0,0658042430877686 -0,925160646438599 2,78152084350586
HipRight 0,158460050821304 0,177194118499756 2,81896138191223
KneeRight 0,236847445368767 -0,431434243917465 2,82624411582947
AnkleRight 0,250029385089874 -0,84650045633316 2,83483743667603
FootRight 0,263391464948654 -0,925727546215057 2,76686096191406

