HipCenter 0,118396855890751 0,281977623701096 2,44579911231995
Spine 0,0915533155202866 0,340557903051376 2,49888134002686
ShoulderCenter 0,0987357944250107 0,690533936023712 2,50520896911621
Head 0,0927122309803963 0,841109812259674 2,49017786979675
ShoulderLeft -0,00987145956605673 0,558167994022369 2,41400051116943
ElbowLeft -0,0890302881598473 0,621385335922241 2,1849889755249
WristLeft -0,0754203945398331 0,671509563922882 1,95163464546204
HandLeft -0,067463643848896 0,684460937976837 1,88923192024231
ShoulderRight 0,21529994904995 0,639019310474396 2,54559135437012
ElbowRight 0,284860998392105 0,34397092461586 2,4865140914917
WristRight 0,314487606287003 0,0764916837215424 2,41534495353699
HandRight 0,321023315191269 -0,00629489123821259 2,38120412826538
HipLeft 0,0720888152718544 0,207541525363922 2,38611578941345
KneeLeft -0,00566130969673395 -0,278764873743057 2,47645258903503
AnkleLeft 0,020736938342452 -0,649623334407806 2,46824097633362
FootLeft 0,0560200586915016 -0,684367656707764 2,39801168441772
HipRight 0,171536579728127 0,211224868893623 2,47942471504211
KneeRight 0,197263494133949 -0,281014800071716 2,48415613174438
AnkleRight 0,186435490846634 -0,652145087718964 2,49678730964661
FootRight 0,221718609333038 -0,686889410018921 2,42655801773071

