HipCenter 0,119682967662811 0,283180236816406 2,45058155059814
Spine 0,0913645029067993 0,342520266771317 2,50295114517212
ShoulderCenter 0,0968429893255234 0,692694008350372 2,51012945175171
Head 0,0973633527755737 0,849175453186035 2,495441198349
ShoulderLeft -0,0125889470800757 0,563992977142334 2,42014002799988
ElbowLeft -0,0748996958136559 0,631047606468201 2,16381597518921
WristLeft -0,0637349262833595 0,689253628253937 1,9316440820694
HandLeft -0,0625291615724564 0,696179211139679 1,89338099956512
ShoulderRight 0,197538763284683 0,671721398830414 2,55454730987549
ElbowRight 0,278130769729614 0,378239214420319 2,49801754951477
WristRight 0,314002841711044 0,081427276134491 2,42007756233215
HandRight 0,32076159119606 -0,00756710069254041 2,38708019256592
HipLeft 0,0751984268426895 0,203600138425827 2,38923597335815
KneeLeft -0,00542917335405946 -0,276680201292038 2,47451281547546
AnkleLeft 0,0204445067793131 -0,646615147590637 2,4691698551178
FootLeft 0,0569006353616714 -0,681340575218201 2,39954090118408
HipRight 0,174053549766541 0,209601610898972 2,48862290382385
KneeRight 0,197049349546432 -0,282188445329666 2,48540091514587
AnkleRight 0,187455743551254 -0,65886527299881 2,49671149253845
FootRight 0,223911866545677 -0,693590700626373 2,42708253860474

