HipCenter 0,117490813136101 0,285521447658539 2,4474413394928
Spine 0,0927592515945435 0,342681854963303 2,50201416015625
ShoulderCenter 0,10365104675293 0,692844212055206 2,51522994041443
Head 0,106078960001469 0,852139234542847 2,50182914733887
ShoulderLeft -0,0106398314237595 0,569044828414917 2,42205929756165
ElbowLeft -0,0749412700533867 0,634613990783691 2,17082214355469
WristLeft -0,0615251660346985 0,693493485450745 1,94070446491241
HandLeft -0,0614659450948238 0,707737922668457 1,87530040740967
ShoulderRight 0,208413317799568 0,675855040550232 2,55075097084045
ElbowRight 0,280868917703629 0,382612884044647 2,49395418167114
WristRight 0,314366370439529 0,0875711739063263 2,41726756095886
HandRight 0,319988071918488 0,00363106280565262 2,38374185562134
HipLeft 0,072009913623333 0,217853665351868 2,39316391944885
KneeLeft -0,00459632510319352 -0,277515470981598 2,47428131103516
AnkleLeft 0,0231277495622635 -0,649114787578583 2,46900701522827
FootLeft 0,0567284934222698 -0,683679103851318 2,39795994758606
HipRight 0,170396745204926 0,21976312994957 2,47534394264221
KneeRight 0,197190448641777 -0,280956268310547 2,48463439941406
AnkleRight 0,187282919883728 -0,656853973865509 2,49497413635254
FootRight 0,220883667469025 -0,691418290138245 2,42392706871033

