HipCenter 0,119017973542213 0,284565299749374 2,44864320755005
Spine 0,0936476364731789 0,342228323221207 2,50289463996887
ShoulderCenter 0,104456886649132 0,693269550800323 2,51607227325439
Head 0,106067553162575 0,852330803871155 2,50171303749084
ShoulderLeft -0,0106155090034008 0,569172561168671 2,42212438583374
ElbowLeft -0,074709340929985 0,634159684181213 2,17214798927307
WristLeft -0,0615249350667 0,693128883838654 1,94215321540833
HandLeft -0,061531126499176 0,707327842712402 1,87673914432526
ShoulderRight 0,208253026008606 0,68058180809021 2,55448293685913
ElbowRight 0,280253022909164 0,387635856866837 2,49519634246826
WristRight 0,313832759857178 0,0927798748016357 2,41838431358337
HandRight 0,319459438323975 0,00883594155311584 2,38486886024475
HipLeft 0,07278161495924 0,210807308554649 2,38929080963135
KneeLeft -0,00461354805156589 -0,277493864297867 2,47427082061768
AnkleLeft 0,0232435949146748 -0,649101972579956 2,46983456611633
FootLeft 0,0575717464089394 -0,683683395385742 2,39915013313293
HipRight 0,175605088472366 0,215127274394035 2,48360991477966
KneeRight 0,19729933142662 -0,281083315610886 2,48472714424133
AnkleRight 0,187227636575699 -0,656486630439758 2,49529361724854
FootRight 0,221555784344673 -0,691068053245544 2,42460918426514

