HipCenter -0,0612950287759304 0,00754759833216667 2,51350831985474
Spine -0,0659781321883202 0,0690248608589172 2,57421612739563
ShoulderCenter -0,0712646469473839 0,442418813705444 2,59462237358093
Head -0,0608851313591003 0,629250049591064 2,56882309913635
ShoulderLeft -0,223935037851334 0,320255428552628 2,5456759929657
ElbowLeft -0,309113800525665 0,0703614503145218 2,49816226959229
WristLeft -0,41020479798317 -0,10426028072834 2,41393041610718
HandLeft -0,422011643648148 -0,120724342763424 2,39092874526978
ShoulderRight 0,0983993038535118 0,311492264270782 2,56361937522888
ElbowRight 0,199721038341522 0,0851151868700981 2,57496070861816
WristRight 0,303466379642487 -0,0869506224989891 2,48833680152893
HandRight 0,309374034404755 -0,131639301776886 2,44646549224854
HipLeft -0,133639395236969 -0,0652104243636131 2,49343943595886
KneeLeft -0,235448896884918 -0,526138126850128 2,51959848403931
AnkleLeft -0,312913417816162 -0,834974527359009 2,5129292011261
FootLeft -0,350826740264893 -0,906946659088135 2,44798421859741
HipRight 0,0140139497816563 -0,061852902173996 2,50236105918884
KneeRight 0,098207488656044 -0,508189082145691 2,50541996955872
AnkleRight 0,163533210754395 -0,825940310955048 2,4986252784729
FootRight 0,198393285274506 -0,908630430698395 2,42589926719666

