HipCenter -0,0651304572820663 0,00342178018763661 2,50718832015991
Spine -0,0687801614403725 0,063545785844326 2,56986117362976
ShoulderCenter -0,0740698203444481 0,439577430486679 2,60362339019775
Head -0,0701004043221474 0,624385893344879 2,57360577583313
ShoulderLeft -0,238840371370316 0,314594268798828 2,54777193069458
ElbowLeft -0,390222370624542 0,144333884119987 2,43635606765747
WristLeft -0,533463954925537 0,00929364562034607 2,32825326919556
HandLeft -0,593339085578918 0,0222140401601791 2,29456400871277
ShoulderRight 0,0927504301071167 0,311065137386322 2,56112170219421
ElbowRight 0,171276122331619 0,0694891586899757 2,53920078277588
WristRight 0,196090891957283 -0,124004282057285 2,42746353149414
HandRight 0,188485845923424 -0,145641475915909 2,40013456344604
HipLeft -0,139340564608574 -0,0711506903171539 2,48798751831055
KneeLeft -0,235907480120659 -0,527955889701843 2,51813006401062
AnkleLeft -0,312679320573807 -0,837434887886047 2,51347804069519
FootLeft -0,349585115909576 -0,906267106533051 2,44827723503113
HipRight 0,012083737179637 -0,0667072385549545 2,49087977409363
KneeRight 0,0938765034079552 -0,513163506984711 2,50470042228699
AnkleRight 0,162902861833572 -0,831357657909393 2,49800682067871
FootRight 0,197966426610947 -0,910255491733551 2,42386627197266

