HipCenter -0,087082676589489 0,0277354549616575 2,13510346412659
Spine -0,0926951244473457 0,0896710231900215 2,20144414901733
ShoulderCenter -0,0912438929080963 0,483500897884369 2,24153566360474
Head -0,0884168595075607 0,667288959026337 2,21343469619751
ShoulderLeft -0,25376296043396 0,343432486057281 2,16882300376892
ElbowLeft -0,332814604043961 0,122358955442905 2,13203501701355
WristLeft -0,202143222093582 0,185349524021149 1,94313645362854
HandLeft -0,137381836771965 0,200465589761734 1,90586423873901
ShoulderRight 0,0579205825924873 0,350712537765503 2,20087170600891
ElbowRight 0,124664470553398 0,0873208492994308 2,17273807525635
WristRight 0,133417919278145 -0,118917986750603 2,09336686134338
HandRight 0,13184654712677 -0,179734542965889 2,07830238342285
HipLeft -0,156938388943672 -0,0393876768648624 2,1067807674408
KneeLeft -0,1989436596632 -0,46531018614769 2,15943336486816
AnkleLeft -0,222414597868919 -0,782899260520935 2,16912984848022
FootLeft -0,239855825901031 -0,842622458934784 2,14431095123291
HipRight -0,0162634961307049 -0,0423053950071335 2,12714910507202
KneeRight 0,0164222307503223 -0,471467941999435 2,17854881286621
AnkleRight 0,0539596788585186 -0,784444987773895 2,19332051277161
FootRight 0,0719714984297752 -0,850493550300598 2,16223478317261

