HipCenter -0,0853570625185966 0,0250438842922449 2,13031458854675
Spine -0,0964082181453705 0,0858145579695702 2,19706916809082
ShoulderCenter -0,109647899866104 0,476689219474792 2,23986148834229
Head -0,103899724781513 0,662353694438934 2,20797920227051
ShoulderLeft -0,258854001760483 0,331446141004562 2,15650415420532
ElbowLeft -0,333341389894485 0,110187545418739 2,1250433921814
WristLeft -0,205097675323486 0,171270713210106 1,89561486244202
HandLeft -0,153623044490814 0,189526468515396 1,84545195102692
ShoulderRight 0,0512467250227928 0,350146323442459 2,20397448539734
ElbowRight 0,126596823334694 0,0825436934828758 2,17369222640991
WristRight 0,136280432343483 -0,123446904122829 2,09094095230103
HandRight 0,136819124221802 -0,175686821341515 2,08216047286987
HipLeft -0,151805058121681 -0,0440366230905056 2,10096383094788
KneeLeft -0,195874497294426 -0,465299010276794 2,15341854095459
AnkleLeft -0,220594152808189 -0,782885432243347 2,16754198074341
FootLeft -0,241239413619041 -0,841403603553772 2,14174866676331
HipRight -0,0115464953705668 -0,0423481166362762 2,12232685089111
KneeRight 0,020684203132987 -0,467116862535477 2,17730832099915
AnkleRight 0,054844506084919 -0,785263299942017 2,19412851333618
FootRight 0,0726547390222549 -0,851870119571686 2,16443061828613

