HipCenter 0,0654008463025093 0,0501874536275864 2,6680326461792
Spine 0,0673281848430634 0,114506185054779 2,72891688346863
ShoulderCenter 0,0593767911195755 0,503077149391174 2,75698709487915
Head 0,0508675798773766 0,674339890480042 2,75121092796326
ShoulderLeft -0,0970239862799644 0,360248446464539 2,71791958808899
ElbowLeft -0,170873641967773 0,238030165433884 2,5206446647644
WristLeft -0,183241426944733 0,111347571015358 2,3299994468689
HandLeft -0,155351787805557 0,0627417862415314 2,24295330047607
ShoulderRight 0,193228900432587 0,354309558868408 2,69967603683472
ElbowRight 0,286142230033875 0,229617059230804 2,52007842063904
WristRight 0,278346985578537 0,0970281660556793 2,29406309127808
HandRight 0,255404829978943 0,0589266531169415 2,24914503097534
HipLeft 0,000430165440775454 -0,0144284535199404 2,65221738815308
KneeLeft 0,00493908859789371 -0,490229845046997 2,71697974205017
AnkleLeft 0,0240744445472956 -0,84460836648941 2,6850414276123
FootLeft 0,0416117534041405 -0,9208664894104 2,61394834518433
HipRight 0,132255658507347 -0,0128938732668757 2,65631222724915
KneeRight 0,128655508160591 -0,45638507604599 2,69527816772461
AnkleRight 0,119296804070473 -0,843400716781616 2,67004990577698
FootRight 0,100741595029831 -0,919450640678406 2,61333250999451

