HipCenter 0,250899314880371 -0,252619743347168 2,6722514629364
Spine 0,19816567003727 -0,201847404241562 2,66249918937683
ShoulderCenter -0,059315387159586 0,043143555521965 2,63334465026855
Head -0,24735164642334 0,253580391407013 2,68142247200012
ShoulderLeft -0,122328624129295 0,0690756291151047 2,89475345611572
ElbowLeft -0,268737435340881 0,158732086420059 3,06694912910461
WristLeft -0,339807271957397 0,076051689684391 2,83202958106995
HandLeft -0,385215282440186 0,0911258235573769 2,79724502563477
ShoulderRight 0,0204613823443651 0,161403805017471 2,58038830757141
ElbowRight -0,163504227995872 0,211382359266281 2,52129864692688
WristRight -0,355916380882263 0,230340152978897 2,51744174957275
HandRight -0,420053780078888 0,236659422516823 2,52049565315247
HipLeft 0,25555157661438 -0,293251216411591 2,69388103485107
KneeLeft 0,225751325488091 -0,659178376197815 2,7469379901886
AnkleLeft 0,128430098295212 -0,9119992852211 2,70842337608337
FootLeft 0,0780676305294037 -0,904122292995453 2,66761374473572
HipRight 0,317041218280792 -0,285267025232315 2,65812087059021
KneeRight 0,516728579998016 -0,624188363552094 2,57616329193115
AnkleRight 0,639835357666016 -0,865851879119873 2,54947423934937
FootRight 0,591226518154144 -0,90821647644043 2,53916549682617

