HipCenter 0,259222060441971 -0,264446884393692 2,67373394966125
Spine 0,203205227851868 -0,205636873841286 2,66206383705139
ShoulderCenter -0,0750513523817062 0,0832300633192062 2,62002921104431
Head -0,279988616704941 0,284669160842896 2,68147039413452
ShoulderLeft -0,138064563274384 0,109162069857121 2,88143754005432
ElbowLeft -0,284218430519104 0,198662370443344 3,05322003364563
WristLeft -0,355543255805969 0,116138055920601 2,81860971450806
HandLeft -0,400786459445953 0,131157591938972 2,7839515209198
ShoulderRight 0,0773367434740067 0,0930093750357628 2,58948493003845
ElbowRight -0,127817571163177 0,19013999402523 2,52730965614319
WristRight -0,320752531290054 0,234630584716797 2,50715088844299
HandRight -0,38506418466568 0,249460786581039 2,5047824382782
HipLeft 0,26327833533287 -0,305128902196884 2,69159889221191
KneeLeft 0,225469470024109 -0,660602748394012 2,74824714660645
AnkleLeft 0,128502190113068 -0,914412498474121 2,7095320224762
FootLeft 0,0866898447275162 -0,913698434829712 2,65957117080688
HipRight 0,325854420661926 -0,297485947608948 2,66401243209839
KneeRight 0,5174360871315 -0,624255478382111 2,57784008979797
AnkleRight 0,638719379901886 -0,867728650569916 2,55007290840149
FootRight 0,590799629688263 -0,911350786685944 2,54331350326538

