HipCenter 0,258655846118927 -0,258646070957184 2,67547750473022
Spine 0,20341095328331 -0,202297523617744 2,66522979736328
ShoulderCenter -0,0721176490187645 0,076312467455864 2,63545155525208
Head -0,272484809160233 0,288013875484467 2,69497466087341
ShoulderLeft -0,135130852460861 0,102244488894939 2,89686012268066
ElbowLeft -0,281639635562897 0,191962152719498 3,06894159317017
WristLeft -0,352609634399414 0,109220609068871 2,8337607383728
HandLeft -0,398469567298889 0,124444879591465 2,79862976074219
ShoulderRight 0,0825699269771576 0,0971424952149391 2,5955274105072
ElbowRight -0,126254588365555 0,201344832777977 2,53511524200439
WristRight -0,344570994377136 0,236779063940048 2,51964950561523
HandRight -0,417343139648438 0,248590469360352 2,51887607574463
HipLeft 0,262635797262192 -0,296627938747406 2,69472408294678
KneeLeft 0,225755095481873 -0,663862705230713 2,75061106681824
AnkleLeft 0,126773834228516 -0,918667197227478 2,71513795852661
FootLeft 0,0976541563868523 -0,886145174503326 2,66639685630798
HipRight 0,32078617811203 -0,287175118923187 2,66203022003174
KneeRight 0,517931699752808 -0,624278247356415 2,57781052589417
AnkleRight 0,639650642871857 -0,869207739830017 2,54881811141968
FootRight 0,588528573513031 -0,908723831176758 2,5385057926178

