HipCenter 0,0664533451199532 -0,166341960430145 2,09176468849182
Spine 0,0812478214502335 -0,124742351472378 2,07932591438293
ShoulderCenter 0,159115940332413 0,0834716856479645 2,02601218223572
Head 0,0671034082770348 0,0569381676614285 1,86100590229034
ShoulderLeft -0,114045977592468 -0,0130360769107938 2,02513313293457
ElbowLeft -0,251700848340988 0,0266136787831783 2,0685772895813
WristLeft -0,390517234802246 0,0555144399404526 2,12439465522766
HandLeft -0,440304577350616 0,0630924329161644 2,12333273887634
ShoulderRight 0,213192760944366 0,0158547945320606 2,03356981277466
ElbowRight 0,251701533794403 -0,148964583873749 2,14130830764771
WristRight 0,248905763030052 -0,295620203018188 2,07846188545227
HandRight 0,224472880363464 -0,284149706363678 2,02794241905212
HipLeft -0,0224079675972462 -0,244752466678619 2,09236550331116
KneeLeft -0,0487779453396797 -0,500605463981628 1,95274555683136
AnkleLeft -0,03228610008955 -0,753367304801941 1,96189916133881
FootLeft -0,00280619040131569 -0,70585036277771 1,96497702598572
HipRight 0,10620741546154 -0,225650399923325 2,13034510612488
KneeRight 0,122573569417 -0,471247613430023 1,97084581851959
AnkleRight 0,0981172844767571 -0,721471190452576 1,99374067783356
FootRight 0,11413249373436 -0,759380280971527 1,95575630664825

