HipCenter 0,0791419520974159 -0,152859151363373 2,09061884880066
Spine 0,090686060488224 -0,112880364060402 2,07646703720093
ShoulderCenter 0,150495976209641 0,0845005735754967 2,0184383392334
Head 0,0626023933291435 0,0432125255465508 1,85742795467377
ShoulderLeft -0,117011852562428 -0,0201063491404057 2,02659153938293
ElbowLeft -0,248037695884705 0,0314442738890648 2,06438684463501
WristLeft -0,376724392175674 0,0409910306334496 2,1345489025116
HandLeft -0,423729419708252 0,0467956587672234 2,1332573890686
ShoulderRight 0,220324277877808 0,0139406872913241 2,03227114677429
ElbowRight 0,288575321435928 -0,107761152088642 2,16426277160645
WristRight 0,273368090391159 -0,258495002985001 2,15176963806152
HandRight 0,268299013376236 -0,308739632368088 2,15069818496704
HipLeft -0,013847122900188 -0,234545767307281 2,13229131698608
KneeLeft -0,0409638620913029 -0,447952806949615 1,95114886760712
AnkleLeft -0,0188572201877832 -0,690546214580536 1,98660159111023
FootLeft -0,0257510468363762 -0,742596030235291 1,95853173732758
HipRight 0,124862298369408 -0,223007380962372 2,09190011024475
KneeRight 0,118648327887058 -0,465082794427872 1,95156455039978
AnkleRight 0,0995759814977646 -0,692535281181335 1,98778975009918
FootRight 0,107269167900085 -0,743867993354797 1,96682596206665

