HipCenter 0,0775997042655945 -0,141255587339401 2,07667279243469
Spine 0,0865615457296371 -0,101843491196632 2,06416583061218
ShoulderCenter 0,124966591596603 0,0954299122095108 2,00810551643372
Head 0,0424564927816391 0,054280549287796 1,84475457668304
ShoulderLeft -0,115721762180328 -0,0263510756194592 2,02681541442871
ElbowLeft -0,243606314063072 0,0339548960328102 2,0621771812439
WristLeft -0,371232807636261 0,0329042710363865 2,13396286964417
HandLeft -0,413774967193604 0,0325540639460087 2,16098046302795
ShoulderRight 0,216138109564781 0,0168087854981422 2,02801752090454
ElbowRight 0,288069248199463 -0,102039001882076 2,15997171401978
WristRight 0,281914979219437 -0,251161992549896 2,17486357688904
HandRight 0,261236369609833 -0,266271412372589 2,12550044059753
HipLeft -0,0112307444214821 -0,236969649791718 2,14856123924255
KneeLeft -0,0402702540159225 -0,438924789428711 1,95648097991943
AnkleLeft -0,0194233823567629 -0,689916133880615 1,98305475711823
FootLeft -0,022840853780508 -0,743255615234375 1,95797109603882
HipRight 0,127107501029968 -0,222181499004364 2,04169702529907
KneeRight 0,116666600108147 -0,484497487545013 1,95412862300873
AnkleRight 0,0976588726043701 -0,691936671733856 1,98695635795593
FootRight 0,107731074094772 -0,743870615959167 1,96625852584839

