HipCenter 0,0789463073015213 -0,127295598387718 2,07625222206116
Spine 0,0885714516043663 -0,0914392247796059 2,06287932395935
ShoulderCenter 0,145994037389755 0,086451031267643 2,01086282730103
Head 0,0715002864599228 0,0374378710985184 1,84645140171051
ShoulderLeft -0,118933543562889 -0,00171197555027902 2,02129411697388
ElbowLeft -0,24873860180378 0,00210464233532548 2,07824087142944
WristLeft -0,35163676738739 0,109490066766739 2,08848810195923
HandLeft -0,397965282201767 0,115321442484856 2,08577227592468
ShoulderRight 0,216450273990631 0,0158746130764484 2,02554297447205
ElbowRight 0,280147284269333 -0,107350215315819 2,1555495262146
WristRight 0,276698380708694 -0,272257119417191 2,15916800498962
HandRight 0,256476283073425 -0,297464430332184 2,11040711402893
HipLeft -0,0139662595465779 -0,223004207015038 2,15855574607849
KneeLeft -0,0377732403576374 -0,422838091850281 1,96933782100677
AnkleLeft -0,0197705533355474 -0,691439747810364 1,98381149768829
FootLeft -0,0246637482196093 -0,744178235530853 1,95642220973969
HipRight 0,124121427536011 -0,217616349458694 2,04793834686279
KneeRight 0,118339106440544 -0,473790794610977 1,95363819599152
AnkleRight 0,098877377808094 -0,69285660982132 1,98707294464111
FootRight 0,107823386788368 -0,743660509586334 1,96475684642792

