HipCenter 0,0598024427890778 -0,0952641889452934 2,13534688949585
Spine 0,0578388348221779 -0,0645571798086166 2,11882352828979
ShoulderCenter 0,0447267293930054 0,0981804579496384 2,03781247138977
Head 0,0230798162519932 0,245925396680832 1,91569292545319
ShoulderLeft -0,108560115098953 0,0643454641103745 2,09730243682861
ElbowLeft -0,24939352273941 0,032644584774971 2,11704158782959
WristLeft -0,388045191764832 0,0812928080558777 2,08181953430176
HandLeft -0,434262424707413 0,0975088849663734 2,07314610481262
ShoulderRight 0,227824330329895 0,0836718305945396 2,13429617881775
ElbowRight 0,277395069599152 -0,0881393253803253 2,20730447769165
WristRight 0,258290141820908 -0,23936615884304 2,14116644859314
HandRight 0,255155503749847 -0,28727650642395 2,10044574737549
HipLeft -0,0148794334381819 -0,166121929883957 2,16574907302856
KneeLeft -0,0420362688601017 -0,391070932149887 1,96796631813049
AnkleLeft -0,0218125823885202 -0,690070271492004 1,98328542709351
FootLeft -0,0256807319819927 -0,745528519153595 1,95710110664368
HipRight 0,145313054323196 -0,160453766584396 2,16758704185486
KneeRight 0,119604960083961 -0,384245872497559 1,95882654190063
AnkleRight 0,10234646499157 -0,688870072364807 1,98739039897919
FootRight 0,107683725655079 -0,74319976568222 1,96585190296173

