HipCenter 0,0201456528156996 -0,154538422822952 2,09658718109131
Spine 0,00667120143771172 -0,116773188114166 2,08247447013855
ShoulderCenter -0,0609455183148384 0,0743255317211151 2,02655029296875
Head 0,0222551375627518 0,0530843734741211 1,85214293003082
ShoulderLeft -0,113965347409248 -0,00593864172697067 2,0365777015686
ElbowLeft -0,264308989048004 0,026851512491703 2,07414293289185
WristLeft -0,414078891277313 0,065585196018219 2,11873054504395
HandLeft -0,467624723911285 0,0742160230875015 2,11797022819519
ShoulderRight 0,274986445903778 -0,102920845150948 2,18337154388428
ElbowRight 0,251483231782913 -0,265051007270813 2,17039465904236
WristRight 0,271401017904282 -0,144464403390884 2,04031491279602
HandRight 0,246698528528214 -0,147138088941574 1,98464632034302
HipLeft -0,0295033864676952 -0,213219165802002 2,12931203842163
KneeLeft -0,0481975227594376 -0,468479871749878 1,96655714511871
AnkleLeft -0,0266721677035093 -0,738322138786316 1,97735333442688
FootLeft -0,0249800514429808 -0,74645608663559 1,92210268974304
HipRight 0,128747835755348 -0,255431920289993 2,10951471328735
KneeRight 0,12043222784996 -0,48133385181427 1,9053168296814
AnkleRight 0,100825555622578 -0,684151470661163 1,99181222915649
FootRight 0,108822107315063 -0,742924749851227 1,97444558143616

