HipCenter 0,289198249578476 0,110540367662907 2,29497957229614
Spine 0,279874742031097 0,167447835206985 2,35341787338257
ShoulderCenter 0,273463934659958 0,518473505973816 2,3674304485321
Head 0,269969254732132 0,702648103237152 2,36512732505798
ShoulderLeft 0,129036381840706 0,394456386566162 2,34431028366089
ElbowLeft 0,0666306614875793 0,120043285191059 2,24306845664978
WristLeft -0,00693013798445463 0,04574154317379 1,99853050708771
HandLeft 0,00412711128592491 -0,0233054701238871 1,99414622783661
ShoulderRight 0,413602620363235 0,51115608215332 2,40926599502563
ElbowRight 0,460455060005188 0,225433766841888 2,34370803833008
WristRight 0,47222974896431 -0,0565430223941803 2,25465679168701
HandRight 0,486798852682114 -0,203511476516724 2,23432874679565
HipLeft 0,228298932313919 0,038039930164814 2,27117276191711
KneeLeft 0,174923703074455 -0,36660698056221 2,30995440483093
AnkleLeft 0,187993854284286 -0,764597773551941 2,32305312156677
FootLeft 0,198716580867767 -0,798183798789978 2,23242497444153
HipRight 0,354153752326965 0,0448442995548248 2,29015254974365
KneeRight 0,35483255982399 -0,393936395645142 2,30195069313049
AnkleRight 0,383514612913132 -0,807161092758179 2,3085949420929
FootRight 0,394237339496613 -0,840747117996216 2,21796679496765

