HipCenter 0,291247487068176 0,105991885066032 2,29646825790405
Spine 0,28684601187706 0,165054723620415 2,3552360534668
ShoulderCenter 0,286141037940979 0,51581472158432 2,36610317230225
Head 0,286473572254181 0,698107898235321 2,36378479003906
ShoulderLeft 0,140126734972 0,392300546169281 2,3512864112854
ElbowLeft 0,0505636297166348 0,139029443264008 2,28115797042847
WristLeft -0,195385232567787 0,144094556570053 2,18468618392944
HandLeft -0,215473353862762 0,230666697025299 2,19971823692322
ShoulderRight 0,4487284719944 0,421691417694092 2,38234090805054
ElbowRight 0,485453516244888 0,127868950366974 2,32859134674072
WristRight 0,46870681643486 -0,121598653495312 2,22688031196594
HandRight 0,493140697479248 -0,20785254240036 2,23509335517883
HipLeft 0,226891458034515 0,03614541888237 2,27347350120544
KneeLeft 0,175793886184692 -0,363323181867599 2,30973172187805
AnkleLeft 0,193212658166885 -0,799261569976807 2,32194662094116
FootLeft 0,198919609189034 -0,832849264144897 2,23109483718872
HipRight 0,356734901666641 0,0341964736580849 2,29154920578003
KneeRight 0,364484190940857 -0,385232180356979 2,304931640625
AnkleRight 0,384964108467102 -0,821986854076386 2,30929899215698
FootRight 0,394799947738647 -0,897437870502472 2,27747821807861

