HipCenter 0,298474878072739 0,0930965542793274 2,29184412956238
Spine 0,288533329963684 0,153773128986359 2,35175013542175
ShoulderCenter 0,278894364833832 0,519058167934418 2,37036037445068
Head 0,28825432062149 0,699137687683105 2,37323689460754
ShoulderLeft 0,136450216174126 0,405852735042572 2,34598350524902
ElbowLeft 0,0546559914946556 0,153864815831184 2,22407698631287
WristLeft 0,0811919271945953 0,0666634142398834 1,998450756073
HandLeft 0,0802555829286575 0,253957509994507 1,97888350486755
ShoulderRight 0,446231544017792 0,391792505979538 2,38338398933411
ElbowRight 0,483325332403183 0,129047930240631 2,33527445793152
WristRight 0,480307966470718 -0,124283626675606 2,24504137039185
HandRight 0,493763357400894 -0,208961099386215 2,24295854568481
HipLeft 0,23550720512867 0,0247000362724066 2,26465177536011
KneeLeft 0,180574879050255 -0,43116694688797 2,31989932060242
AnkleLeft 0,194874972105026 -0,804166376590729 2,3221607208252
FootLeft 0,204804390668869 -0,837453603744507 2,23186016082764
HipRight 0,368748754262924 0,0220571085810661 2,28787207603455
KneeRight 0,364143550395966 -0,441449522972107 2,31539916992188
AnkleRight 0,384368717670441 -0,812575578689575 2,30994462966919
FootRight 0,394298136234283 -0,845862805843353 2,21964406967163

