HipCenter 0,294244647026062 0,100906021893024 2,29359197616577
Spine 0,288056999444962 0,16025522351265 2,35219287872314
ShoulderCenter 0,289513289928436 0,518984317779541 2,36467003822327
Head 0,292086064815521 0,700922310352325 2,36688017845154
ShoulderLeft 0,145039677619934 0,393435746431351 2,34670543670654
ElbowLeft 0,0536568872630596 0,137285783886909 2,28031325340271
WristLeft -0,195247322320938 0,139648675918579 2,18349027633667
HandLeft -0,218851581215858 0,223609209060669 2,2013087272644
ShoulderRight 0,445771455764771 0,446180582046509 2,3896746635437
ElbowRight 0,485544323921204 0,154733747243881 2,33108353614807
WristRight 0,49990850687027 -0,132654160261154 2,24860620498657
HandRight 0,494990408420563 -0,207403793931007 2,2321605682373
HipLeft 0,229132384061813 0,034380704164505 2,27016854286194
KneeLeft 0,18165023624897 -0,424277395009995 2,32043027877808
AnkleLeft 0,194572865962982 -0,802703201770782 2,32042956352234
FootLeft 0,202518820762634 -0,836350917816162 2,22980809211731
HipRight 0,361321181058884 0,0303803831338882 2,28895831108093
KneeRight 0,369768977165222 -0,432556450366974 2,31311869621277
AnkleRight 0,385807931423187 -0,815180063247681 2,30948090553284
FootRight 0,393753886222839 -0,84882777929306 2,21885943412781

