HipCenter 0,219045475125313 -0,264677077531815 2,56742238998413
Spine 0,196228787302971 -0,228038236498833 2,55231380462646
ShoulderCenter 0,0823518559336662 -0,0446671955287457 2,48766350746155
Head 0,171693950891495 -0,0508918464183807 2,29234790802002
ShoulderLeft 0,0233282148838043 -0,132568091154099 2,49905490875244
ElbowLeft -0,107873290777206 -0,15701425075531 2,58599781990051
WristLeft -0,259180843830109 -0,169653594493866 2,6539204120636
HandLeft -0,299665093421936 -0,209524586796761 2,67471575737
ShoulderRight 0,222108632326126 0,0535823069512844 2,73895788192749
ElbowRight 0,31196528673172 -0,145231440663338 2,64439058303833
WristRight 0,357704639434814 -0,276069045066834 2,45001602172852
HandRight 0,372951090335846 -0,319681584835052 2,38850259780884
HipLeft 0,214390248060226 -0,35640424489975 2,56267142295837
KneeLeft 0,0693252608180046 -0,491429895162582 2,23587465286255
AnkleLeft 0,0839911550283432 -0,801778197288513 2,23001074790955
FootLeft 0,0808204561471939 -0,871009588241577 2,19692134857178
HipRight 0,291383415460587 -0,280520856380463 2,60483622550964
KneeRight 0,383637845516205 -0,520984947681427 2,26790428161621
AnkleRight 0,395574033260345 -0,812842667102814 2,24888515472412
FootRight 0,44437363743782 -0,841968476772308 2,19425296783447

