HipCenter 0,219804063439369 -0,264128893613815 2,56808090209961
Spine 0,196534886956215 -0,227614268660545 2,55251145362854
ShoulderCenter 0,0784925296902657 -0,0457296334207058 2,48714518547058
Head 0,155788153409958 -0,070974625647068 2,28455758094788
ShoulderLeft 0,023028876632452 -0,132756605744362 2,49943709373474
ElbowLeft -0,10807204246521 -0,157413244247437 2,58645558357239
WristLeft -0,250925987958908 -0,205058008432388 2,65675950050354
HandLeft -0,290746539831162 -0,247458130121231 2,67339038848877
ShoulderRight 0,218249291181564 0,0525198951363564 2,73843908309937
ElbowRight 0,311199307441711 -0,144385308027267 2,64263343811035
WristRight 0,358203738927841 -0,276136010885239 2,44923424720764
HandRight 0,373871892690659 -0,320052921772003 2,38804531097412
HipLeft 0,21577288210392 -0,355364859104156 2,56502461433411
KneeLeft 0,0694530084729195 -0,492425471544266 2,23619842529297
AnkleLeft 0,084461085498333 -0,803269684314728 2,22942614555359
FootLeft 0,0809030905365944 -0,87043160200119 2,1964259147644
HipRight 0,291883736848831 -0,279100894927979 2,6061053276062
KneeRight 0,385088205337524 -0,520985841751099 2,26758694648743
AnkleRight 0,395009577274323 -0,812820315361023 2,24936079978943
FootRight 0,443788141012192 -0,841795980930328 2,19463229179382

