HipCenter 0,216492354869843 -0,262191116809845 2,5655677318573
Spine 0,19500620663166 -0,226011455059052 2,55018258094788
ShoulderCenter 0,0863230600953102 -0,0449272692203522 2,48411202430725
Head 0,173598796129227 -0,056143868714571 2,28617262840271
ShoulderLeft 0,0268541593104601 -0,137089610099792 2,49460291862488
ElbowLeft -0,104317232966423 -0,156588897109032 2,58249282836914
WristLeft -0,251543283462524 -0,185856804251671 2,65353345870972
HandLeft -0,291851192712784 -0,224818184971809 2,67605090141296
ShoulderRight 0,22607983648777 0,0533222518861294 2,73540616035461
ElbowRight 0,312525004148483 -0,14651545882225 2,63994646072388
WristRight 0,358267307281494 -0,278229296207428 2,44635796546936
HandRight 0,373514741659164 -0,322133898735046 2,38510155677795
HipLeft 0,21066951751709 -0,353494942188263 2,5606803894043
KneeLeft 0,0689915046095848 -0,49441522359848 2,23489451408386
AnkleLeft 0,0847641006112099 -0,802262187004089 2,23021125793457
FootLeft 0,0802409797906876 -0,872189521789551 2,19730734825134
HipRight 0,288338720798492 -0,282186269760132 2,60531401634216
KneeRight 0,384281635284424 -0,52016419172287 2,26686120033264
AnkleRight 0,394674032926559 -0,815412700176239 2,24946331977844
FootRight 0,443929851055145 -0,844821691513062 2,19539332389832

