HipCenter 0,217365756630898 -0,309875160455704 2,56391000747681
Spine 0,219137847423553 -0,298398107290268 2,55746364593506
ShoulderCenter 0,229079365730286 -0,247759103775024 2,53997921943665
Head 0,21994760632515 -0,0954530090093613 2,37231183052063
ShoulderLeft 0,0505720674991608 -0,12436581403017 2,51281547546387
ElbowLeft -0,0907985121011734 -0,14818774163723 2,58366298675537
WristLeft -0,199668735265732 -0,235026687383652 2,66877365112305
HandLeft -0,25828817486763 -0,242197513580322 2,68036842346191
ShoulderRight 0,399673283100128 -0,210397183895111 2,54727673530579
ElbowRight 0,386691063642502 -0,366936922073364 2,58906888961792
WristRight 0,405573338270187 -0,401972651481628 2,35461854934692
HandRight 0,378724366426468 -0,45039102435112 2,23210072517395
HipLeft 0,111759647727013 -0,376775979995728 2,5623950958252
KneeLeft 0,0734091401100159 -0,484378784894943 2,22964429855347
AnkleLeft 0,0866161212325096 -0,803727865219116 2,22974443435669
FootLeft 0,0816056355834007 -0,869860231876373 2,19813275337219
HipRight 0,290960431098938 -0,407351553440094 2,59091520309448
KneeRight 0,383857935667038 -0,50016063451767 2,26472640037537
AnkleRight 0,400548577308655 -0,820035636425018 2,25080943107605
FootRight 0,402919858694077 -0,862029790878296 2,18273830413818

