HipCenter 0,229927316308022 -0,259158581495285 2,56048226356506
Spine 0,206261962652206 -0,222974345088005 2,54561758041382
ShoulderCenter 0,085763119161129 -0,0422757752239704 2,48574876785278
Head 0,169745847582817 -0,0609446167945862 2,28283762931824
ShoulderLeft 0,023260684683919 -0,132005468010902 2,49447083473206
ElbowLeft -0,107506603002548 -0,157401904463768 2,58459997177124
WristLeft -0,00780417025089264 -0,0698342695832253 2,46481156349182
HandLeft 0,0254299715161324 -0,0406450554728508 2,42814874649048
ShoulderRight 0,225519895553589 0,0559737421572208 2,73704314231873
ElbowRight 0,312746673822403 -0,14591857790947 2,64030408859253
WristRight 0,359158039093018 -0,278849303722382 2,44462537765503
HandRight 0,374628484249115 -0,323159545660019 2,38266587257385
HipLeft 0,220179513096809 -0,343970417976379 2,59221744537354
KneeLeft 0,0691166073083878 -0,494317352771759 2,23465800285339
AnkleLeft 0,0843473896384239 -0,802159667015076 2,23036909103394
FootLeft 0,0806778892874718 -0,872285008430481 2,19674587249756
HipRight 0,311051309108734 -0,282144695520401 2,5606381893158
KneeRight 0,383642286062241 -0,520898818969727 2,26680469512939
AnkleRight 0,395437896251678 -0,817376852035522 2,24836921691895
FootRight 0,443121641874313 -0,84606009721756 2,19268345832825

