HipCenter 0,193162977695465 -0,257374823093414 2,69632768630981
Spine 0,196710050106049 -0,229033634066582 2,74539923667908
ShoulderCenter 0,185519114136696 0,00373480492271483 2,81652927398682
Head 0,197057396173477 0,227687418460846 2,80728507041931
ShoulderLeft 0,0440054126083851 -0,0574140809476376 2,77453923225403
ElbowLeft -0,105553857982159 -0,14133021235466 2,71224164962769
WristLeft -0,0274077355861664 -0,0384713560342789 2,58917999267578
HandLeft -0,00135902687907219 -0,00418506935238838 2,55143141746521
ShoulderRight 0,357518583536148 -0,0750457569956779 2,72508811950684
ElbowRight 0,37178760766983 -0,192246705293655 2,58103322982788
WristRight 0,260337769985199 0,0112155377864838 2,58539724349976
HandRight 0,240707769989967 0,0690236985683441 2,58288168907166
HipLeft 0,12168725579977 -0,319567501544952 2,67144894599915
KneeLeft 0,0752094388008118 -0,471340894699097 2,24905872344971
AnkleLeft 0,0852299407124519 -0,806187868118286 2,22889757156372
FootLeft 0,0754461884498596 -0,834577441215515 2,15615463256836
HipRight 0,264826714992523 -0,323866575956345 2,66329669952393
KneeRight 0,379314780235291 -0,484144538640976 2,27501320838928
AnkleRight 0,401823103427887 -0,803773283958435 2,25165867805481
FootRight 0,392039358615875 -0,832162857055664 2,17891573905945

