HipCenter 0,196409657597542 -0,260485917329788 2,69883799552917
Spine 0,20861454308033 -0,231866613030434 2,74647641181946
ShoulderCenter 0,196760058403015 -0,00126913038548082 2,81736707687378
Head 0,195321589708328 0,226308479905128 2,80944609642029
ShoulderLeft 0,0457172021269798 -0,0601562671363354 2,77669739723206
ElbowLeft -0,105685174465179 -0,140352040529251 2,71429538726807
WristLeft -0,0248167812824249 -0,0389050990343094 2,59210109710693
HandLeft 0,00213935039937496 -0,00508945062756538 2,55464220046997
ShoulderRight 0,350625067949295 -0,0371564850211143 2,66615986824036
ElbowRight 0,377648651599884 -0,184620887041092 2,56332039833069
WristRight 0,286064803600311 0,0186812281608582 2,61835098266602
HandRight 0,266425758600235 0,0765161216259003 2,61583423614502
HipLeft 0,125755831599236 -0,322482943534851 2,67536282539368
KneeLeft 0,0754712447524071 -0,469938904047012 2,25162553787231
AnkleLeft 0,0851932093501091 -0,805948972702026 2,22934126853943
FootLeft 0,0584570541977882 -0,833741903305054 2,16074895858765
HipRight 0,266303032636642 -0,323243260383606 2,66376137733459
KneeRight 0,379237502813339 -0,483913540840149 2,27512145042419
AnkleRight 0,402838438749313 -0,804781675338745 2,25155401229858
FootRight 0,376102298498154 -0,832574605941772 2,1829617023468

