HipCenter 0,197483837604523 -0,259426176548004 2,70164203643799
Spine 0,211255460977554 -0,231217563152313 2,74926710128784
ShoulderCenter 0,20085996389389 -0,000716176000423729 2,82163524627686
Head 0,194198235869408 0,224716871976852 2,81547236442566
ShoulderLeft 0,0469883158802986 -0,06230179220438 2,78026056289673
ElbowLeft -0,105575069785118 -0,140582740306854 2,71539378166199
WristLeft -0,0277059599757195 -0,0409371331334114 2,58949422836304
HandLeft -0,00174959003925323 -0,0077219270169735 2,55080032348633
ShoulderRight 0,340181410312653 -0,0190098322927952 2,67282342910767
ElbowRight 0,391381919384003 -0,132317259907722 2,53519749641418
WristRight 0,319672822952271 0,0327813029289246 2,63409280776978
HandRight 0,300025880336761 0,0906394794583321 2,63157486915588
HipLeft 0,127425581216812 -0,321583658456802 2,6781165599823
KneeLeft 0,0760111957788467 -0,469120264053345 2,25431609153748
AnkleLeft 0,0852118358016014 -0,804685711860657 2,22933435440063
FootLeft 0,0562239550054073 -0,832597434520721 2,16171860694885
HipRight 0,265607327222824 -0,318988025188446 2,66631531715393
KneeRight 0,379245847463608 -0,483102858066559 2,27531290054321
AnkleRight 0,403100669384003 -0,805272161960602 2,25186610221863
FootRight 0,374112784862518 -0,833183884620667 2,18425035476685

