HipCenter 0,195865333080292 -0,307967185974121 2,55721187591553
Spine 0,175745755434036 -0,263205826282501 2,54593420028687
ShoulderCenter 0,0849596858024597 -0,0323869548738003 2,49384164810181
Head 0,173607796430588 -0,0626093372702599 2,29026985168457
ShoulderLeft 0,0411288514733315 -0,116279512643814 2,50302743911743
ElbowLeft -0,0965424627065659 -0,153246626257896 2,58357191085815
WristLeft -0,23111928999424 -0,214466363191605 2,65584754943848
HandLeft -0,283286988735199 -0,238214373588562 2,67499136924744
ShoulderRight 0,224716454744339 0,0658625736832619 2,74513626098633
ElbowRight 0,314618974924088 -0,130911558866501 2,65111255645752
WristRight 0,359430193901062 -0,264369964599609 2,46080636978149
HandRight 0,377458512783051 -0,321974694728851 2,40565800666809
HipLeft 0,164417594671249 -0,390682816505432 2,56330800056458
KneeLeft 0,0732855796813965 -0,483987420797348 2,2415657043457
AnkleLeft 0,0851330235600472 -0,802298009395599 2,23117923736572
FootLeft 0,13740599155426 -0,832315623760223 2,17964339256287
HipRight 0,273782759904861 -0,327568739652634 2,56651878356934
KneeRight 0,38056081533432 -0,507311820983887 2,27185535430908
AnkleRight 0,399245023727417 -0,818116664886475 2,25441980361938
FootRight 0,398060411214828 -0,886766254901886 2,22181391716003

