HipCenter 0,188032805919647 -0,29417672753334 2,55273628234863
Spine 0,170223757624626 -0,251978784799576 2,54112339019775
ShoulderCenter 0,0833891704678535 -0,0421320088207722 2,49408721923828
Head 0,174367159605026 -0,0607711300253868 2,2877299785614
ShoulderLeft 0,0336299948394299 -0,123385436832905 2,50131988525391
ElbowLeft -0,0991420224308968 -0,155063554644585 2,58352422714233
WristLeft -0,238386750221252 -0,207975253462791 2,65525007247925
HandLeft -0,288752019405365 -0,235432624816895 2,67496371269226
ShoulderRight 0,22314590215683 0,0561174862086773 2,74538159370422
ElbowRight 0,32418167591095 -0,124240934848785 2,62561178207397
WristRight 0,365398466587067 -0,264466643333435 2,43838953971863
HandRight 0,379137396812439 -0,311208546161652 2,37927913665771
HipLeft 0,168749392032623 -0,377173006534576 2,54761219024658
KneeLeft 0,0720101967453957 -0,48690390586853 2,23903179168701
AnkleLeft 0,0849009975790977 -0,803992629051209 2,23066711425781
FootLeft 0,0807614549994469 -0,870872497558594 2,19842767715454
HipRight 0,256689131259918 -0,331184208393097 2,58120203018188
KneeRight 0,382344543933868 -0,513983070850372 2,26969909667969
AnkleRight 0,396137595176697 -0,816864609718323 2,25426316261292
FootRight 0,447573751211166 -0,846599638462067 2,20239734649658

