HipCenter 0,181686609983444 -0,293056339025497 2,55599045753479
Spine 0,164820522069931 -0,250992178916931 2,54346394538879
ShoulderCenter 0,0829590559005737 -0,0411624573171139 2,48999810218811
Head 0,177172243595123 -0,0616488642990589 2,28256154060364
ShoulderLeft 0,0320202298462391 -0,119907818734646 2,49762153625488
ElbowLeft -0,100755006074905 -0,155240744352341 2,58096623420715
WristLeft -0,234286457300186 -0,215763032436371 2,65749430656433
HandLeft -0,286391109228134 -0,236429795622826 2,68074607849121
ShoulderRight 0,222715809941292 0,0570870861411095 2,74129223823547
ElbowRight 0,309335052967072 -0,141808032989502 2,64474964141846
WristRight 0,357461005449295 -0,273406982421875 2,45216751098633
HandRight 0,373502999544144 -0,317273288965225 2,39126920700073
HipLeft 0,160772547125816 -0,37346088886261 2,5490882396698
KneeLeft 0,0698450207710266 -0,487608224153519 2,23728799819946
AnkleLeft 0,085055835545063 -0,806258141994476 2,22986221313477
FootLeft 0,0825055167078972 -0,873326301574707 2,19800138473511
HipRight 0,2497498691082 -0,330961346626282 2,58673477172852
KneeRight 0,382215619087219 -0,516166925430298 2,26946306228638
AnkleRight 0,396981000900269 -0,815411150455475 2,25254273414612
FootRight 0,448915749788284 -0,845651268959045 2,20182776451111

