HipCenter 0,234428688883781 -0,259630680084229 2,56604957580566
Spine 0,209638431668282 -0,223925024271011 2,55087661743164
ShoulderCenter 0,0843403413891792 -0,0441384539008141 2,48771953582764
Head 0,16772323846817 -0,0631454885005951 2,28414869308472
ShoulderLeft 0,023179929703474 -0,131997153162956 2,49901819229126
ElbowLeft -0,10764391720295 -0,157782077789307 2,58596587181091
WristLeft -0,252968490123749 -0,197163611650467 2,65615844726563
HandLeft -0,288938760757446 -0,242277652025223 2,67458152770996
ShoulderRight 0,2240971326828 0,054111048579216 2,73901391029358
ElbowRight 0,313285410404205 -0,144808426499367 2,64416074752808
WristRight 0,357929855585098 -0,275929272174835 2,44980883598328
HandRight 0,37281134724617 -0,319636225700378 2,38830971717834
HipLeft 0,226316392421722 -0,345585733652115 2,60516357421875
KneeLeft 0,070178858935833 -0,491959601640701 2,23640608787537
AnkleLeft 0,0838272199034691 -0,801154613494873 2,23139834403992
FootLeft 0,0803498700261116 -0,872245490550995 2,19608974456787
HipRight 0,316936135292053 -0,280519247055054 2,56233716011047
KneeRight 0,383224308490753 -0,518819451332092 2,26887273788452
AnkleRight 0,395566344261169 -0,814082860946655 2,24907231330872
FootRight 0,442968040704727 -0,842685461044312 2,19319272041321

