HipCenter 0,0996876209974289 0,110976122319698 2,3955442905426
Spine 0,0841631069779396 0,166340798139572 2,45589661598206
ShoulderCenter 0,0640849396586418 0,527139663696289 2,48908710479736
Head 0,07402753084898 0,697616219520569 2,47262620925903
ShoulderLeft -0,0585228204727173 0,391548633575439 2,41567206382751
ElbowLeft -0,0939974114298821 0,455111354589462 2,15871810913086
WristLeft -0,069439709186554 0,512693405151367 1,89336502552032
HandLeft -0,0656687542796135 0,51925402879715 1,85347473621368
ShoulderRight 0,232295110821724 0,392917156219482 2,47818517684937
ElbowRight 0,290944516658783 0,114612199366093 2,43642997741699
WristRight 0,312105864286423 -0,0916440039873123 2,36110639572144
HandRight 0,310202389955521 -0,180830255150795 2,33895659446716
HipLeft 0,0369145646691322 0,0484201014041901 2,35090756416321
KneeLeft -0,00739165861159563 -0,365838438272476 2,40407824516296
AnkleLeft 0,0111108757555485 -0,795228719711304 2,41497468948364
FootLeft 0,018488546833396 -0,897949993610382 2,35828876495361
HipRight 0,172968104481697 0,037634864449501 2,40479516983032
KneeRight 0,190231010317802 -0,347629994153976 2,3972282409668
AnkleRight 0,209832802414894 -0,801292896270752 2,41346716880798
FootRight 0,186300277709961 -0,854992210865021 2,34933972358704

