HipCenter 0,1033750846982 0,116593785583973 2,39304709434509
Spine 0,0877980217337608 0,172384798526764 2,45247387886047
ShoulderCenter 0,0702817216515541 0,527223706245422 2,48161029815674
Head 0,0741270110011101 0,699106276035309 2,46805000305176
ShoulderLeft -0,0616651736199856 0,390591412782669 2,40851473808289
ElbowLeft -0,0826294794678688 0,462456852197647 2,14942264556885
WristLeft -0,0760282278060913 0,532388150691986 1,93304860591888
HandLeft -0,0610521286725998 0,531380236148834 1,85249078273773
ShoulderRight 0,227279454469681 0,391209751367569 2,46854948997498
ElbowRight 0,295939534902573 0,127710923552513 2,43825316429138
WristRight 0,31404310464859 -0,146263539791107 2,34986162185669
HandRight 0,318061709403992 -0,214463353157043 2,33976769447327
HipLeft 0,0406661629676819 0,0598516911268234 2,3466432094574
KneeLeft 0,000366926775313914 -0,414963662624359 2,41789317131042
AnkleLeft 0,0135377459228039 -0,815271973609924 2,40870404243469
FootLeft 0,0113350814208388 -0,905259966850281 2,35035085678101
HipRight 0,178122878074646 0,0411219708621502 2,40492844581604
KneeRight 0,18542505800724 -0,426660984754562 2,41433548927307
AnkleRight 0,208603516221046 -0,827931702136993 2,40842342376709
FootRight 0,21756500005722 -0,902270555496216 2,34894275665283

