HipCenter 0,111252382397652 0,13986074924469 2,40051746368408
Spine 0,0973410606384277 0,192242234945297 2,4597475528717
ShoulderCenter 0,0684589892625809 0,526963353157043 2,48374795913696
Head 0,077628031373024 0,703278601169586 2,47167897224426
ShoulderLeft -0,0657672733068466 0,385900437831879 2,41002798080444
ElbowLeft -0,0825875252485275 0,461210459470749 2,15293455123901
WristLeft -0,0655782297253609 0,514689981937408 1,9089412689209
HandLeft -0,0617134980857372 0,525930166244507 1,8502641916275
ShoulderRight 0,196316570043564 0,543371617794037 2,48822736740112
ElbowRight 0,26217383146286 0,273223668336868 2,43735861778259
WristRight 0,288074254989624 -0,00949665904045105 2,36810636520386
HandRight 0,300390422344208 -0,0986842438578606 2,35579681396484
HipLeft 0,0566119626164436 0,0702984407544136 2,35994911193848
KneeLeft -0,00121290772221982 -0,411677330732346 2,41330552101135
AnkleLeft 0,0124331284314394 -0,827641725540161 2,40611338615417
FootLeft 0,00866033881902695 -0,898506164550781 2,35417914390564
HipRight 0,182154789566994 0,0704961270093918 2,40557527542114
KneeRight 0,182991728186607 -0,423807978630066 2,41350388526917
AnkleRight 0,208629101514816 -0,833127379417419 2,40641379356384
FootRight 0,227157950401306 -0,917185485363007 2,35695672035217

