HipCenter 0,1119379773736 0,140214443206787 2,40418601036072
Spine 0,0979880690574646 0,191841602325439 2,46321678161621
ShoulderCenter 0,0682930201292038 0,527169466018677 2,49077033996582
Head 0,0782364755868912 0,70172780752182 2,47945928573608
ShoulderLeft -0,0587815307080746 0,393166333436966 2,41439580917358
ElbowLeft -0,0905176103115082 0,452143669128418 2,17751741409302
WristLeft -0,0670250281691551 0,512674272060394 1,8915992975235
HandLeft -0,0633346885442734 0,518007159233093 1,85093951225281
ShoulderRight 0,195644780993462 0,542700946331024 2,49121379852295
ElbowRight 0,264404684305191 0,280623435974121 2,44237565994263
WristRight 0,288726300001144 -0,00457763671875 2,37221646308899
HandRight 0,299885898828506 -0,0931994616985321 2,35950303077698
HipLeft 0,0591023601591587 0,0694899559020996 2,36185336112976
KneeLeft 8,44888854771852E-05 -0,413517564535141 2,41499328613281
AnkleLeft 0,0121913747861981 -0,813191413879395 2,40732169151306
FootLeft 0,0079242279753089 -0,905250310897827 2,34690451622009
HipRight 0,181110590696335 0,0716305896639824 2,41064310073853
KneeRight 0,189438909292221 -0,413469225168228 2,4122428894043
AnkleRight 0,209634780883789 -0,826537609100342 2,41208148002625
FootRight 0,221243068575859 -0,913387298583984 2,3485996723175

