HipCenter -0,119088664650917 0,0314957424998283 2,45118069648743
Spine -0,123366348445415 0,0893235206604004 2,51537442207336
ShoulderCenter -0,125179946422577 0,45623305439949 2,54310274124146
Head -0,114285133779049 0,640682995319366 2,50777006149292
ShoulderLeft -0,307642370462418 0,374466419219971 2,50587463378906
ElbowLeft -0,527139544487 0,43891429901123 2,49546217918396
WristLeft -0,752389073371887 0,496707916259766 2,48069024085999
HandLeft -0,824160218238831 0,505038142204285 2,45577096939087
ShoulderRight 0,0336258672177792 0,321268737316132 2,51393747329712
ElbowRight 0,101975493133068 0,0636945068836212 2,50106263160706
WristRight 0,105969026684761 -0,1327745616436 2,42711019515991
HandRight 0,105559691786766 -0,20800806581974 2,41364884376526
HipLeft -0,193043068051338 -0,0414509065449238 2,42254066467285
KneeLeft -0,236147969961166 -0,491188198328018 2,47906017303467
AnkleLeft -0,275494575500488 -0,831766605377197 2,50123333930969
FootLeft -0,306435465812683 -0,909835278987885 2,43832015991211
HipRight -0,0429634600877762 -0,0472022071480751 2,44149088859558
KneeRight -0,0259847324341536 -0,501204609870911 2,50562119483948
AnkleRight 0,000474158208817244 -0,837243378162384 2,5281879901886
FootRight 0,0302738957107067 -0,916537642478943 2,4638614654541

