HipCenter -0,116703413426876 0,0243205390870571 2,44796895980835
Spine -0,120094798505306 0,0827561169862747 2,51246857643127
ShoulderCenter -0,117923900485039 0,453210949897766 2,54311347007751
Head -0,109623745083809 0,64111065864563 2,50665140151978
ShoulderLeft -0,301909476518631 0,350293338298798 2,49961161613464
ElbowLeft -0,53370600938797 0,342349529266357 2,47685313224792
WristLeft -0,73403537273407 0,309470504522324 2,42903017997742
HandLeft -0,810243308544159 0,297683477401733 2,41557621955872
ShoulderRight 0,0369990766048431 0,322766900062561 2,51232528686523
ElbowRight 0,102588787674904 0,0658185929059982 2,4982328414917
WristRight 0,104369789361954 -0,130442559719086 2,42212605476379
HandRight 0,105230875313282 -0,207104951143265 2,40632343292236
HipLeft -0,191258370876312 -0,0486602000892162 2,41993141174316
KneeLeft -0,23599399626255 -0,489206343889236 2,47989416122437
AnkleLeft -0,275893867015839 -0,829477310180664 2,50205159187317
FootLeft -0,306205213069916 -0,909758746623993 2,43868660926819
HipRight -0,0413466095924377 -0,0526230223476887 2,43780994415283
KneeRight -0,0274433828890324 -0,497264832258224 2,50525593757629
AnkleRight 0,000848819501698017 -0,838598966598511 2,52708578109741
FootRight 0,0320066548883915 -0,915337026119232 2,45969772338867

