HipCenter -0,115931630134583 -9,53504713834263E-05 2,44365882873535
Spine -0,12053994089365 0,0618103668093681 2,50918221473694
ShoulderCenter -0,117876209318638 0,450880080461502 2,54579043388367
Head -0,112129107117653 0,640722751617432 2,5090856552124
ShoulderLeft -0,261828035116196 0,320745319128037 2,48547649383545
ElbowLeft -0,343236684799194 0,0645746886730194 2,47717642784119
WristLeft -0,354445725679398 -0,145419329404831 2,42486906051636
HandLeft -0,366165816783905 -0,199774086475372 2,40715789794922
ShoulderRight 0,0367994830012321 0,317462593317032 2,50985050201416
ElbowRight 0,100005216896534 0,0602801814675331 2,48815512657166
WristRight 0,099309153854847 -0,137883633375168 2,41410374641418
HandRight 0,102310009300709 -0,212902531027794 2,40027618408203
HipLeft -0,183857545256615 -0,0636722818017006 2,41844654083252
KneeLeft -0,237948343157768 -0,493733912706375 2,48166799545288
AnkleLeft -0,275398284196854 -0,829686105251312 2,50189185142517
FootLeft -0,30345556139946 -0,907501876354218 2,4392557144165
HipRight -0,0477747358381748 -0,067602850496769 2,43511366844177
KneeRight -0,0280527099967003 -0,499682009220123 2,50490355491638
AnkleRight 0,00145316170528531 -0,837303042411804 2,52669143676758
FootRight 0,0304222535341978 -0,914305210113525 2,45765209197998

