HipCenter 0,126877680420876 0,0872939601540565 2,50919938087463
Spine 0,109820634126663 0,147867232561111 2,56730580329895
ShoulderCenter 0,115650035440922 0,514647126197815 2,5854914188385
Head 0,127024456858635 0,68523371219635 2,58716797828674
ShoulderLeft -0,00513052800670266 0,398778200149536 2,51826453208923
ElbowLeft -0,0706899240612984 0,486149430274963 2,2742075920105
WristLeft -0,0687139481306076 0,55874764919281 2,04862713813782
HandLeft -0,0632373169064522 0,561860740184784 1,94196116924286
ShoulderRight 0,271684944629669 0,410807102918625 2,60652923583984
ElbowRight 0,307269722223282 0,131103858351707 2,56886458396912
WristRight 0,319156587123871 -0,0745401233434677 2,46759963035584
HandRight 0,318886160850525 -0,141894936561584 2,43405032157898
HipLeft 0,0666587725281715 0,0262467227876186 2,46638059616089
KneeLeft 0,00999588239938021 -0,496281623840332 2,47466230392456
AnkleLeft 0,0225725546479225 -0,798179686069489 2,47699666023254
FootLeft 0,0478547364473343 -0,832450449466705 2,38844156265259
HipRight 0,191445618867874 0,0126733751967549 2,52497506141663
KneeRight 0,218935951590538 -0,494643181562424 2,49028563499451
AnkleRight 0,256519168615341 -0,826202571392059 2,50430917739868
FootRight 0,24327452480793 -0,894943714141846 2,45675158500671

