HipCenter 0,125401705503464 0,0874306634068489 2,51206088066101
Spine 0,108703263103962 0,146960884332657 2,5704984664917
ShoulderCenter 0,115460895001888 0,5104900598526 2,59182691574097
Head 0,125447914004326 0,68364429473877 2,59394383430481
ShoulderLeft -0,0038882412482053 0,397759705781937 2,52397918701172
ElbowLeft -0,0711236000061035 0,486646145582199 2,2816424369812
WristLeft -0,0675756335258484 0,557421386241913 2,05553317070007
HandLeft -0,0639961883425713 0,562299132347107 1,94701623916626
ShoulderRight 0,270582675933838 0,40729084610939 2,61199879646301
ElbowRight 0,307400345802307 0,127141207456589 2,56731963157654
WristRight 0,319047778844833 -0,0772344172000885 2,46321892738342
HandRight 0,319135516881943 -0,139790028333664 2,42863392829895
HipLeft 0,0656022354960442 0,0279316436499357 2,46926283836365
KneeLeft 0,0096096433699131 -0,497871518135071 2,47199678421021
AnkleLeft 0,0180643703788519 -0,82981288433075 2,47635674476624
FootLeft 0,0434892326593399 -0,86377626657486 2,38822102546692
HipRight 0,188155442476273 0,012245224788785 2,52635645866394
KneeRight 0,218787536025047 -0,499151587486267 2,48896455764771
AnkleRight 0,244621813297272 -0,815961480140686 2,50022864341736
FootRight 0,24671944975853 -0,904164433479309 2,44627904891968

