HipCenter 0,125232100486755 0,0900884792208672 2,51769304275513
Spine 0,10839331895113 0,148620501160622 2,57703471183777
ShoulderCenter 0,116367340087891 0,511977910995483 2,60502529144287
Head 0,130518391728401 0,683848798274994 2,6005232334137
ShoulderLeft -0,00186921283602715 0,402657747268677 2,53394675254822
ElbowLeft -0,0708062648773193 0,489656448364258 2,29393839836121
WristLeft -0,0609830357134342 0,565597832202911 2,0700204372406
HandLeft -0,0651668906211853 0,569907784461975 1,96297776699066
ShoulderRight 0,274591773748398 0,407197237014771 2,62370252609253
ElbowRight 0,308558881282806 0,123147517442703 2,57013940811157
WristRight 0,32000669836998 -0,0793210715055466 2,46221899986267
HandRight 0,320007026195526 -0,138303771615028 2,42779397964478
HipLeft 0,0656068399548531 0,031786072999239 2,47571897506714
KneeLeft 0,00995920784771442 -0,479605257511139 2,47340059280396
AnkleLeft 0,0154800955206156 -0,827312767505646 2,47595453262329
FootLeft 0,0413852781057358 -0,860888838768005 2,38826537132263
HipRight 0,188034474849701 0,0151108736172318 2,52884960174561
KneeRight 0,217304557561874 -0,501684904098511 2,48945426940918
AnkleRight 0,252348899841309 -0,825405895709991 2,50036811828613
FootRight 0,24694137275219 -0,904075264930725 2,45053362846375

