HipCenter 0,124924145638943 0,0882702246308327 2,51792359352112
Spine 0,10828536003828 0,146959856152534 2,57737374305725
ShoulderCenter 0,115520350635052 0,511048316955566 2,60504961013794
Head 0,130607932806015 0,682828307151794 2,60059976577759
ShoulderLeft -0,00167281250469387 0,403236865997314 2,53445076942444
ElbowLeft -0,071313701570034 0,489514797925949 2,29340744018555
WristLeft -0,0572085753083229 0,567177414894104 2,07040119171143
HandLeft -0,0643037408590317 0,569384396076202 1,96413397789001
ShoulderRight 0,273314774036407 0,402719795703888 2,62095928192139
ElbowRight 0,3098304271698 0,124549590051174 2,57086658477783
WristRight 0,320161432027817 -0,0781052634119987 2,46329784393311
HandRight 0,320141732692719 -0,138202488422394 2,42768383026123
HipLeft 0,0657928809523582 0,0299550145864487 2,47595715522766
KneeLeft 0,00992930121719837 -0,480695635080338 2,47413444519043
AnkleLeft 0,0158485230058432 -0,828835427761078 2,47402381896973
FootLeft 0,041290171444416 -0,862350344657898 2,38634276390076
HipRight 0,187470749020576 0,0137974554672837 2,52947950363159
KneeRight 0,218557387590408 -0,500271320343018 2,48985195159912
AnkleRight 0,252955764532089 -0,829008936882019 2,499831199646
FootRight 0,25014740228653 -0,905280947685242 2,44988822937012

