HipCenter 0,131464645266533 0,0599939785897732 2,52006697654724
Spine 0,11302986741066 0,12187372148037 2,58083200454712
ShoulderCenter 0,113229565322399 0,50379866361618 2,6155903339386
Head 0,134394139051437 0,684748888015747 2,60932636260986
ShoulderLeft 0,00609529623761773 0,386373430490494 2,52894592285156
ElbowLeft -0,0376443825662136 0,329522728919983 2,29075598716736
WristLeft -0,0934822857379913 0,223150044679642 2,08929920196533
HandLeft -0,080926887691021 0,156982332468033 2,02609372138977
ShoulderRight 0,279031097888947 0,387286514043808 2,61815977096558
ElbowRight 0,307386547327042 0,124537818133831 2,56667065620422
WristRight 0,319220900535584 -0,0781044438481331 2,46111822128296
HandRight 0,31896385550499 -0,137963056564331 2,42529201507568
HipLeft 0,0739209726452827 0,0016830611275509 2,48284506797791
KneeLeft 0,0142255267128348 -0,495577722787857 2,47418451309204
AnkleLeft 0,0174161270260811 -0,810096979141235 2,47857332229614
FootLeft 0,0434378385543823 -0,843163788318634 2,39187049865723
HipRight 0,194094777107239 -0,00834817532449961 2,52718091011047
KneeRight 0,222571462392807 -0,516690373420715 2,48884272575378
AnkleRight 0,255558133125305 -0,82544618844986 2,50123906135559
FootRight 0,251696705818176 -0,908810496330261 2,43963813781738

