HipCenter 0,162074267864227 0,200238212943077 2,56222653388977
Spine 0,161825403571129 0,244188442826271 2,62008285522461
ShoulderCenter 0,163790658116341 0,534576296806335 2,62291216850281
Head 0,14956733584404 0,695505857467651 2,63249969482422
ShoulderLeft -0,00231892918236554 0,542770981788635 2,6604163646698
ElbowLeft -0,0664660483598709 0,741015255451202 2,6419312953949
WristLeft -0,088704340159893 0,970488309860229 2,69031405448914
HandLeft -0,0867365002632141 1,04237771034241 2,69044375419617
ShoulderRight 0,321434378623962 0,563048005104065 2,66758227348328
ElbowRight 0,399655312299728 0,756303668022156 2,63437128067017
WristRight 0,412078827619553 0,994458079338074 2,67298722267151
HandRight 0,413978904485703 1,05377519130707 2,67067265510559
HipLeft 0,0998879745602608 0,130824565887451 2,54103016853333
KneeLeft 0,0516649074852467 -0,439638137817383 2,49887943267822
AnkleLeft 0,039926715195179 -0,814244508743286 2,51229119300842
FootLeft 0,0389976240694523 -0,904994130134583 2,47769498825073
HipRight 0,224702626466751 0,126657009124756 2,55175018310547
KneeRight 0,268666416406631 -0,444335877895355 2,51367664337158
AnkleRight 0,298192203044891 -0,850679576396942 2,53371620178223
FootRight 0,304877907037735 -0,931126236915588 2,48451209068298

