HipCenter 0,15669359266758 0,203185796737671 2,56621289253235
Spine 0,160330608487129 0,245730459690094 2,62456727027893
ShoulderCenter 0,160626605153084 0,534921050071716 2,62962961196899
Head 0,14959405362606 0,694823861122131 2,6374044418335
ShoulderLeft -0,00551373558118939 0,577783465385437 2,69139790534973
ElbowLeft -0,0744474455714226 0,77321994304657 2,67854475975037
WristLeft -0,0877901837229729 1,02541661262512 2,73962688446045
HandLeft -0,0742345303297043 1,08039677143097 2,72158193588257
ShoulderRight 0,326218485832214 0,565786063671112 2,67274451255798
ElbowRight 0,406348586082459 0,757462441921234 2,64644861221313
WristRight 0,414516448974609 1,01503872871399 2,69551372528076
HandRight 0,409403085708618 1,07416296005249 2,69873523712158
HipLeft 0,0895472019910812 0,134097427129745 2,55024909973145
KneeLeft 0,0496850423514843 -0,438646823167801 2,50407433509827
AnkleLeft 0,0395043008029461 -0,81045001745224 2,51097846031189
FootLeft 0,0339469015598297 -0,84305727481842 2,4208996295929
HipRight 0,222080081701279 0,129049301147461 2,54776334762573
KneeRight 0,266952961683273 -0,443895936012268 2,5142707824707
AnkleRight 0,299425154924393 -0,846853494644165 2,5317554473877
FootRight 0,300870835781097 -0,928010106086731 2,47374582290649

