HipCenter 0,164414495229721 0,0579361207783222 2,54350209236145
Spine 0,15895713865757 0,12051173299551 2,60607624053955
ShoulderCenter 0,15514612197876 0,503713726997375 2,63183069229126
Head 0,164927110075951 0,683213829994202 2,62720155715942
ShoulderLeft 0,013050097040832 0,382299602031708 2,59864473342896
ElbowLeft -0,0547603145241737 0,155733034014702 2,54041457176209
WristLeft -0,0806209072470665 -0,0648285672068596 2,43852305412292
HandLeft -0,0982242673635483 -0,123980164527893 2,40733242034912
ShoulderRight 0,31535080075264 0,377807080745697 2,62153768539429
ElbowRight 0,374481618404388 0,140412509441376 2,56339359283447
WristRight 0,405226826667786 -0,0740274116396904 2,45076060295105
HandRight 0,403464734554291 -0,13620799779892 2,43048191070557
HipLeft 0,0974793583154678 -0,00666233105584979 2,51721405982971
KneeLeft 0,0526759512722492 -0,492968052625656 2,49336910247803
AnkleLeft 0,0473027899861336 -0,824832677841187 2,5103645324707
FootLeft 0,0526685528457165 -0,857419490814209 2,42123532295227
HipRight 0,234119936823845 -0,0121001731604338 2,53902792930603
KneeRight 0,265382945537567 -0,518391191959381 2,51205992698669
AnkleRight 0,298349678516388 -0,854093134403229 2,53617739677429
FootRight 0,299038916826248 -0,929387211799622 2,47806262969971

