HipCenter 0,154048323631287 0,110181361436844 2,54999113082886
Spine 0,153366357088089 0,167875051498413 2,61325144767761
ShoulderCenter 0,150765359401703 0,529472053050995 2,64591407775879
Head 0,158480942249298 0,690203726291656 2,65891528129578
ShoulderLeft 0,0276174489408731 0,451110124588013 2,60110998153687
ElbowLeft -0,0629694536328316 0,661172568798065 2,41632723808289
WristLeft -0,0877988338470459 0,815231025218964 2,26300311088562
HandLeft -0,0916878059506416 0,856335759162903 2,21604919433594
ShoulderRight 0,298372149467468 0,450179398059845 2,60211539268494
ElbowRight 0,3896823823452 0,611465096473694 2,44393444061279
WristRight 0,416324108839035 0,811771094799042 2,26723718643188
HandRight 0,411319345235825 0,849504888057709 2,22139596939087
HipLeft 0,0930640697479248 0,0528663545846939 2,53055024147034
KneeLeft 0,046815812587738 -0,462421238422394 2,50393295288086
AnkleLeft 0,039045162498951 -0,813877105712891 2,50994682312012
FootLeft 0,0379592105746269 -0,846297562122345 2,41932010650635
HipRight 0,216157555580139 0,048718050122261 2,53715467453003
KneeRight 0,266627430915833 -0,478810608386993 2,51005840301514
AnkleRight 0,300069391727448 -0,848188877105713 2,5276460647583
FootRight 0,299387812614441 -0,928053915500641 2,46505999565125

