HipCenter 0,163381397724152 0,0487930700182915 2,5388400554657
Spine 0,162453785538673 0,11487390100956 2,60076260566711
ShoulderCenter 0,160480305552483 0,509839117527008 2,62254214286804
Head 0,167068094015121 0,691229581832886 2,61157655715942
ShoulderLeft 0,0204551517963409 0,382714927196503 2,57784938812256
ElbowLeft -0,0422201193869114 0,143196538090706 2,54067468643188
WristLeft -0,068349227309227 -0,0673980265855789 2,46040058135986
HandLeft -0,0908767729997635 -0,129676908254623 2,43221020698547
ShoulderRight 0,308341413736343 0,371653527021408 2,57826614379883
ElbowRight 0,380094766616821 0,132706463336945 2,55083107948303
WristRight 0,422937452793121 -0,0775583609938622 2,47075510025024
HandRight 0,424233257770538 -0,145171567797661 2,44678950309753
HipLeft 0,0978827476501465 -0,0121218897402287 2,51949191093445
KneeLeft 0,0482119545340538 -0,492904931306839 2,49770998954773
AnkleLeft 0,0422399491071701 -0,817912757396698 2,51122498512268
FootLeft 0,0381958298385143 -0,905227303504944 2,47761678695679
HipRight 0,229441925883293 -0,0174948517233133 2,53070092201233
KneeRight 0,265220731496811 -0,512747347354889 2,50412559509277
AnkleRight 0,294279187917709 -0,842379808425903 2,52120041847229
FootRight 0,303065955638886 -0,93008279800415 2,46757698059082

