HipCenter 0,162876933813095 0,0496527180075645 2,53853297233582
Spine 0,161921039223671 0,11545941978693 2,60042905807495
ShoulderCenter 0,160343989729881 0,509681940078735 2,62216210365295
Head 0,165408685803413 0,691095411777496 2,6104953289032
ShoulderLeft 0,0202986616641283 0,382504463195801 2,57792139053345
ElbowLeft -0,0421612076461315 0,14209221303463 2,54100346565247
WristLeft -0,0685166418552399 -0,0681301578879356 2,46017932891846
HandLeft -0,0919640213251114 -0,129974901676178 2,43252325057983
ShoulderRight 0,309039086103439 0,373261451721191 2,57955455780029
ElbowRight 0,380195379257202 0,133418932557106 2,55059599876404
WristRight 0,42555820941925 -0,0793615579605103 2,46906971931458
HandRight 0,42449426651001 -0,145023703575134 2,44582033157349
HipLeft 0,0972761809825897 -0,0115148406475782 2,51947331428528
KneeLeft 0,0483278185129166 -0,493930906057358 2,49757814407349
AnkleLeft 0,0422144494950771 -0,81882631778717 2,51127243041992
FootLeft 0,0389145612716675 -0,907678723335266 2,48037600517273
HipRight 0,228937104344368 -0,0164328813552856 2,53010678291321
KneeRight 0,265552997589111 -0,512885272502899 2,50395274162292
AnkleRight 0,296620070934296 -0,839883327484131 2,52158617973328
FootRight 0,300258874893188 -0,926363825798035 2,46117925643921

