HipCenter 0,16336989402771 0,0564434975385666 2,53816199302673
Spine 0,161937981843948 0,120897062122822 2,59969973564148
ShoulderCenter 0,160243809223175 0,509667038917542 2,62057733535767
Head 0,168031752109528 0,690025150775909 2,61477947235107
ShoulderLeft 0,0177474748343229 0,384959578514099 2,58122944831848
ElbowLeft -0,05406204611063 0,157256349921227 2,54892444610596
WristLeft -0,0661098435521126 -0,0611077956855297 2,46082854270935
HandLeft -0,088580958545208 -0,128130406141281 2,43506860733032
ShoulderRight 0,317548781633377 0,375557690858841 2,58450531959534
ElbowRight 0,3899886906147 0,1460892111063 2,54255986213684
WristRight 0,423188388347626 -0,068650871515274 2,44644141197205
HandRight 0,422659665346146 -0,133867561817169 2,42423367500305
HipLeft 0,096376933157444 -0,00720305740833282 2,51879835128784
KneeLeft 0,0510497130453587 -0,488940894603729 2,49475073814392
AnkleLeft 0,0413529351353645 -0,815912246704102 2,51142191886902
FootLeft 0,0414898246526718 -0,849054157733917 2,42117428779602
HipRight 0,231130689382553 -0,0123758101835847 2,52951097488403
KneeRight 0,266475111246109 -0,514539480209351 2,50239491462708
AnkleRight 0,297287344932556 -0,844157636165619 2,52339959144592
FootRight 0,300135314464569 -0,927808165550232 2,46326375007629

