HipCenter 0,167482703924179 0,0482594817876816 2,5544855594635
Spine 0,162926897406578 0,110969945788383 2,61909580230713
ShoulderCenter 0,159487679600716 0,502646565437317 2,65831851959229
Head 0,162967145442963 0,68077164888382 2,65219664573669
ShoulderLeft 0,0315606519579887 0,387868791818619 2,58395218849182
ElbowLeft 0,00825362652540207 0,236176878213882 2,3914155960083
WristLeft 0,0475036092102528 0,274740397930145 2,09844136238098
HandLeft -0,0571188516914845 0,286398231983185 2,04493999481201
ShoulderRight 0,305421650409698 0,386114776134491 2,60020518302917
ElbowRight 0,365231692790985 0,300805389881134 2,35820460319519
WristRight 0,406477332115173 0,249588698148727 2,07390594482422
HandRight 0,367197543382645 0,251935869455338 2,0733335018158
HipLeft 0,103802502155304 -0,0126414205878973 2,52912306785584
KneeLeft 0,0539229586720467 -0,496417164802551 2,49904274940491
AnkleLeft 0,0457637012004852 -0,820461332798004 2,51200771331787
FootLeft 0,0495166182518005 -0,852541565895081 2,42284083366394
HipRight 0,233441397547722 -0,0169216301292181 2,54814195632935
KneeRight 0,267304062843323 -0,52069491147995 2,51501965522766
AnkleRight 0,299917370080948 -0,849988102912903 2,53712749481201
FootRight 0,30215972661972 -0,929983556270599 2,47992062568665

