HipCenter 0,165383920073509 0,0364199727773666 2,55041599273682
Spine 0,162483707070351 0,103236235678196 2,61640691757202
ShoulderCenter 0,160660415887833 0,505728125572205 2,65741872787476
Head 0,162626668810844 0,680533230304718 2,65276956558228
ShoulderLeft 0,0357601940631866 0,37385830283165 2,57480216026306
ElbowLeft -0,00525807216763496 0,258235573768616 2,37664699554443
WristLeft -0,0363221541047096 0,321154028177261 2,13832473754883
HandLeft -0,0529195591807365 0,351481556892395 2,02381610870361
ShoulderRight 0,291407972574234 0,369209110736847 2,58563590049744
ElbowRight 0,369663119316101 0,341506093740463 2,35979318618774
WristRight 0,396981507539749 0,325769603252411 2,06333684921265
HandRight 0,283162832260132 0,355198800563812 2,044673204422
HipLeft 0,103543810546398 -0,0172778107225895 2,52800631523132
KneeLeft 0,053865447640419 -0,4967160820961 2,49963688850403
AnkleLeft 0,0431243069469929 -0,815878391265869 2,51177716255188
FootLeft 0,0456934161484241 -0,84795743227005 2,42254281044006
HipRight 0,228951901197433 -0,0232608485966921 2,54431700706482
KneeRight 0,268015474081039 -0,51684582233429 2,51466822624207
AnkleRight 0,301279634237289 -0,847239375114441 2,53403997421265
FootRight 0,30221226811409 -0,930478632450104 2,4764564037323

