HipCenter 0,098915658891201 0,314834445714951 2,63955354690552
Spine 0,0790667310357094 0,38426148891449 2,69669795036316
ShoulderCenter 0,0896735042333603 0,782056450843811 2,70092988014221
Head 0,102351687848568 0,972448468208313 2,6718692779541
ShoulderLeft -0,0410821288824081 0,665010929107666 2,61567735671997
ElbowLeft -0,106984667479992 0,621791839599609 2,36904096603394
WristLeft -0,162116229534149 0,550434708595276 2,14086508750916
HandLeft -0,168984025716782 0,556949079036713 1,98153579235077
ShoulderRight 0,257790744304657 0,672214806079865 2,72631120681763
ElbowRight 0,29491326212883 0,394462287425995 2,68108892440796
WristRight 0,296571671962738 0,143014743924141 2,61113500595093
HandRight 0,296293884515762 0,0643281787633896 2,60380053520203
HipLeft 0,0327135249972343 0,246680170297623 2,60470986366272
KneeLeft -0,0113726397976279 -0,299251407384872 2,65904641151428
AnkleLeft 0,0319299325346947 -0,66876608133316 2,67734050750732
FootLeft 0,023077828809619 -0,736197948455811 2,60636520385742
HipRight 0,16789548099041 0,242559149861336 2,6520893573761
KneeRight 0,1763054728508 -0,297089576721191 2,66922736167908
AnkleRight 0,158296674489975 -0,667401254177094 2,68184423446655
FootRight 0,17314775288105 -0,740387737751007 2,61620140075684

