HipCenter 0,0937735438346863 0,315475910902023 2,64524698257446
Spine 0,077121876180172 0,384613454341888 2,70213031768799
ShoulderCenter 0,0862198323011398 0,77662867307663 2,69836735725403
Head 0,0956451669335365 0,968277335166931 2,65510582923889
ShoulderLeft -0,0581172034144402 0,672195017337799 2,63167858123779
ElbowLeft -0,123823158442974 0,548061728477478 2,4112594127655
WristLeft -0,167487561702728 0,435162961483002 2,17617559432983
HandLeft -0,193142503499985 0,37301829457283 2,07951593399048
ShoulderRight 0,256342142820358 0,66728937625885 2,725022315979
ElbowRight 0,297880321741104 0,387451231479645 2,68653678894043
WristRight 0,296482861042023 0,139877870678902 2,62353610992432
HandRight 0,30534303188324 0,0625564604997635 2,61312174797058
HipLeft 0,024260088801384 0,243600025773048 2,61609435081482
KneeLeft -0,0101845394819975 -0,306386291980743 2,6607677936554
AnkleLeft 0,0310283042490482 -0,66920006275177 2,67731094360352
FootLeft 0,0271239876747131 -0,737021207809448 2,6076979637146
HipRight 0,167302504181862 0,239982068538666 2,6530613899231
KneeRight 0,177028462290764 -0,300603330135345 2,67113494873047
AnkleRight 0,158297061920166 -0,66924124956131 2,68116307258606
FootRight 0,173622816801071 -0,741068005561829 2,61425161361694

