HipCenter 0,10196441411972 0,294545471668243 2,47106599807739
Spine 0,0902239978313446 0,361950546503067 2,52861523628235
ShoulderCenter 0,0979790762066841 0,749146938323975 2,53182506561279
Head 0,0892787724733353 0,927039802074432 2,52821803092957
ShoulderLeft -0,0457602217793465 0,637751460075378 2,48650908470154
ElbowLeft -0,117661692202091 0,681947290897369 2,25117659568787
WristLeft -0,111642442643642 0,74252724647522 2,02135372161865
HandLeft -0,107175223529339 0,757858991622925 1,97692382335663
ShoulderRight 0,254739552736282 0,630780220031738 2,55136513710022
ElbowRight 0,321329474449158 0,360125780105591 2,54757189750671
WristRight 0,32448473572731 0,104800410568714 2,48671698570251
HandRight 0,321966886520386 0,0094621330499649 2,47352433204651
HipLeft 0,0351927913725376 0,227082803845406 2,44698452949524
KneeLeft -0,0101987347006798 -0,300354719161987 2,53771734237671
AnkleLeft -0,0145600726827979 -0,670150101184845 2,55032539367676
FootLeft -0,038441464304924 -0,743204295635223 2,50083374977112
HipRight 0,170043796300888 0,225948989391327 2,47284245491028
KneeRight 0,191429242491722 -0,299261957406998 2,54465985298157
AnkleRight 0,212636530399323 -0,663721919059753 2,5461094379425
FootRight 0,231969282031059 -0,740053176879883 2,49609756469727

