HipCenter 0,089457243680954 0,205264508724213 2,4072425365448
Spine 0,084040105342865 0,26609194278717 2,46191811561584
ShoulderCenter 0,0655283257365227 0,619633436203003 2,46541666984558
Head 0,0643617287278175 0,794798374176025 2,44288063049316
ShoulderLeft -0,086645595729351 0,500474512577057 2,44772100448608
ElbowLeft -0,139959633350372 0,301187515258789 2,40102100372314
WristLeft -0,194205224514008 0,0953747406601906 2,33150410652161
HandLeft -0,209911033511162 0,0293214879930019 2,30794072151184
ShoulderRight 0,218555018305779 0,504556775093079 2,45750784873962
ElbowRight 0,266381442546844 0,26569128036499 2,42764329910278
WristRight 0,282938987016678 0,0710065364837646 2,35983896255493
HandRight 0,287224680185318 0,0215517543256283 2,34052109718323
HipLeft 0,0249875243753195 0,13579161465168 2,38876581192017
KneeLeft 0,00343879940919578 -0,321656346321106 2,36355566978455
AnkleLeft 0,0411490090191364 -0,626677513122559 2,47256660461426
FootLeft 0,0541415363550186 -0,694851219654083 2,46413445472717
HipRight 0,161308720707893 0,140101164579391 2,40134644508362
KneeRight 0,188604146242142 -0,314428001642227 2,37708759307861
AnkleRight 0,165023326873779 -0,61762809753418 2,48406028747559
FootRight 0,153494700789452 -0,686164200305939 2,47648048400879

