HipCenter 0,0789707154035568 0,204170152544975 2,40155124664307
Spine 0,0784441009163857 0,267537802457809 2,45287203788757
ShoulderCenter 0,063239224255085 0,618782699108124 2,43893194198608
Head 0,0569941215217113 0,786805808544159 2,41043305397034
ShoulderLeft -0,0883443653583527 0,507545530796051 2,45223903656006
ElbowLeft -0,127878710627556 0,281067252159119 2,44828653335571
WristLeft -0,161003246903419 0,0634374618530273 2,40995240211487
HandLeft -0,176201775670052 -0,000907032052055001 2,40436434745789
ShoulderRight 0,215273469686508 0,507545650005341 2,43970155715942
ElbowRight 0,260436356067657 0,274102449417114 2,42137908935547
WristRight 0,278748780488968 0,0749803483486176 2,35432267189026
HandRight 0,287192195653915 0,0276405736804008 2,33917617797852
HipLeft 0,0129161030054092 0,133798524737358 2,39677691459656
KneeLeft 0,00702627375721931 -0,329059600830078 2,36877298355103
AnkleLeft 0,0341527685523033 -0,623875141143799 2,46756386756897
FootLeft 0,0560602582991123 -0,687400877475739 2,46549940109253
HipRight 0,150126695632935 0,138548314571381 2,38961887359619
KneeRight 0,190387889742851 -0,324605107307434 2,38131594657898
AnkleRight 0,173302009701729 -0,598022699356079 2,48291420936584
FootRight 0,169994965195656 -0,630743443965912 2,41098308563232

