HipCenter 0,0870752036571503 0,231185585260391 2,40611815452576
Spine 0,0777880474925041 0,28859081864357 2,460120677948
ShoulderCenter 0,0696512013673782 0,628840267658234 2,46595621109009
Head 0,071685716509819 0,799777805805206 2,45294117927551
ShoulderLeft -0,0536074675619602 0,566330790519714 2,43617248535156
ElbowLeft -0,11443629860878 0,652248382568359 2,20819807052612
WristLeft -0,13651742041111 0,75117027759552 1,96938097476959
HandLeft -0,137618288397789 0,767745792865753 1,91954779624939
ShoulderRight 0,212883800268173 0,532478868961334 2,46629452705383
ElbowRight 0,259654998779297 0,272869676351547 2,43236947059631
WristRight 0,283875495195389 0,0756560787558556 2,3532977104187
HandRight 0,285502672195435 0,0260820910334587 2,33600378036499
HipLeft 0,0277683828026056 0,173177883028984 2,38391351699829
KneeLeft -0,00397024629637599 -0,303441435098648 2,361163854599
AnkleLeft 0,0376338660717011 -0,626522243022919 2,467857837677
FootLeft 0,057794526219368 -0,692216396331787 2,464919090271
HipRight 0,151749461889267 0,168008223176003 2,40673160552979
KneeRight 0,181283235549927 -0,283447802066803 2,37668991088867
AnkleRight 0,163974553346634 -0,624468982219696 2,48286080360413
FootRight 0,17368358373642 -0,657097101211548 2,4094512462616

