HipCenter -0,0135157220065594 0,170440003275871 1,85622441768646
Spine -0,0473309978842735 0,254429012537003 1,88643705844879
ShoulderCenter 0,0236000120639801 0,675280749797821 1,8950526714325
Head -0,0323392562568188 0,862858772277832 1,97896540164948
ShoulderLeft -0,0125679718330503 0,563588917255402 1,78136146068573
ElbowLeft 0,161810681223869 0,374997019767761 1,74812686443329
WristLeft 0,329879254102707 0,28789296746254 1,74912738800049
HandLeft 0,370622396469116 0,303888708353043 1,76725363731384
ShoulderRight 0,146849036216736 0,597069442272186 2,02018404006958
ElbowRight 0,136183902621269 0,405488610267639 1,82176530361176
WristRight 0,272432565689087 0,312502920627594 2,00469040870667
HandRight 0,32670533657074 0,282619208097458 2,00368309020996
HipLeft -0,0573636330664158 0,130096703767776 1,87147331237793
KneeLeft -0,027480136603117 -0,237688615918159 1,84853279590607
AnkleLeft 0,0487491749227047 -0,654339671134949 1,85670578479767
FootLeft 0,122223600745201 -0,698901832103729 1,80760025978088
HipRight 0,0215607788413763 0,126253351569176 1,83249819278717
KneeRight 0,0167405046522617 -0,331651389598846 1,83879339694977
AnkleRight 0,0748630836606026 -0,68106997013092 1,85648369789124
FootRight 0,140626490116119 -0,739725232124329 1,9285215139389

