HipCenter 0,109293691813946 0,269171059131622 2,3851113319397
Spine 0,102461077272892 0,33846515417099 2,43298006057739
ShoulderCenter 0,095607653260231 0,714917182922363 2,4197633266449
Head 0,0850461423397064 0,892844796180725 2,39940118789673
ShoulderLeft -0,0670341774821281 0,58552747964859 2,38708257675171
ElbowLeft -0,124426573514938 0,402788639068604 2,24136853218079
WristLeft -0,117757767438889 0,256545931100845 2,05633354187012
HandLeft -0,11150486767292 0,206461057066917 2,01374554634094
ShoulderRight 0,258731782436371 0,599561870098114 2,42103314399719
ElbowRight 0,329131245613098 0,335802346467972 2,42720222473145
WristRight 0,336150228977203 0,113762617111206 2,37614393234253
HandRight 0,33538156747818 0,0482291281223297 2,36926484107971
HipLeft 0,0379911661148071 0,193541496992111 2,37319755554199
KneeLeft 0,0138422092422843 -0,315323263406754 2,44910883903503
AnkleLeft 0,0180390551686287 -0,662090063095093 2,45019197463989
FootLeft 0,00103878986556083 -0,731452345848084 2,38521242141724
HipRight 0,185684949159622 0,198117062449455 2,38228845596313
KneeRight 0,22050042450428 -0,316519916057587 2,45553684234619
AnkleRight 0,220281004905701 -0,665700316429138 2,46366620063782
FootRight 0,234973266720772 -0,736492097377777 2,40831232070923

