HipCenter 0,109615281224251 0,269372820854187 2,38583374023438
Spine 0,102038450539112 0,338580697774887 2,4342052936554
ShoulderCenter 0,0965266525745392 0,715818226337433 2,42170524597168
Head 0,085613526403904 0,8930384516716 2,4005024433136
ShoulderLeft -0,0650926530361176 0,586561143398285 2,38395309448242
ElbowLeft -0,127902835607529 0,422488391399384 2,21600770950317
WristLeft -0,117940224707127 0,279445230960846 2,02861618995667
HandLeft -0,111215963959694 0,24226588010788 1,98672413825989
ShoulderRight 0,25996071100235 0,59990382194519 2,42358374595642
ElbowRight 0,329576820135117 0,336099743843079 2,4284553527832
WristRight 0,337588280439377 0,114157676696777 2,37780952453613
HandRight 0,335853397846222 0,0487406477332115 2,37018871307373
HipLeft 0,0382543466985226 0,193822860717773 2,37335467338562
KneeLeft 0,0138555932790041 -0,315256237983704 2,44930624961853
AnkleLeft 0,0180408675223589 -0,662083208560944 2,45019125938416
FootLeft 0,00103758368641138 -0,731469810009003 2,38508701324463
HipRight 0,185830980539322 0,198301360011101 2,38344287872314
KneeRight 0,220535799860954 -0,317222684621811 2,45567727088928
AnkleRight 0,220386832952499 -0,665634512901306 2,46356678009033
FootRight 0,234799295663834 -0,736626148223877 2,40732574462891

