HipCenter 0,113826975226402 0,275776624679565 2,38984036445618
Spine 0,101565062999725 0,344238668680191 2,44394254684448
ShoulderCenter 0,0976798161864281 0,725613653659821 2,43069124221802
Head 0,0769524797797203 0,893650054931641 2,42375993728638
ShoulderLeft -0,0410207882523537 0,605814933776855 2,37501358985901
ElbowLeft -0,11009369790554 0,626468062400818 2,12784218788147
WristLeft -0,09134491533041 0,671823024749756 1,88489985466003
HandLeft -0,0793595984578133 0,692523181438446 1,79376244544983
ShoulderRight 0,248457610607147 0,614465832710266 2,43112134933472
ElbowRight 0,331869095563889 0,343331694602966 2,43833303451538
WristRight 0,337153762578964 0,110297292470932 2,38022947311401
HandRight 0,3430215716362 0,0446996092796326 2,37848162651062
HipLeft 0,0496550910174847 0,20772522687912 2,36668419837952
KneeLeft 0,0121562778949738 -0,309658080339432 2,45090913772583
AnkleLeft 0,0179897751659155 -0,662832736968994 2,4493362903595
FootLeft 0,000528904784005135 -0,730775952339172 2,38477349281311
HipRight 0,183251917362213 0,210906952619553 2,39679217338562
KneeRight 0,220094278454781 -0,318100154399872 2,45594573020935
AnkleRight 0,222595900297165 -0,665654480457306 2,46205544471741
FootRight 0,236093506217003 -0,734383821487427 2,40971875190735

