HipCenter 0,0456590950489044 0,176471129059792 2,63128447532654
Spine 0,0381900183856487 0,224964439868927 2,68981504440308
ShoulderCenter 0,0212586857378483 0,540355443954468 2,71172142028809
Head 0,0314765609800816 0,701080501079559 2,71756386756897
ShoulderLeft -0,112140595912933 0,530189454555511 2,71359515190125
ElbowLeft -0,195634543895721 0,748786449432373 2,61062598228455
WristLeft -0,205834791064262 0,969788014888763 2,59144902229309
HandLeft -0,194773524999619 1,0391081571579 2,5790581703186
ShoulderRight 0,192490309476852 0,509582817554474 2,72843432426453
ElbowRight 0,262928575277328 0,712176442146301 2,64758229255676
WristRight 0,284172832965851 0,951747298240662 2,62464833259583
HandRight 0,266304969787598 1,01963829994202 2,60527181625366
HipLeft -0,0161174647510052 0,106960140168667 2,61526894569397
KneeLeft -0,0265115015208721 -0,393703252077103 2,65467476844788
AnkleLeft -0,0110355857759714 -0,826672971248627 2,65619158744812
FootLeft 0,0125302486121655 -0,92087596654892 2,58969736099243
HipRight 0,117441207170486 0,112515427172184 2,61378765106201
KneeRight 0,136671334505081 -0,387879699468613 2,65325856208801
AnkleRight 0,117232151329517 -0,832520604133606 2,63477277755737
FootRight 0,103208772838116 -0,92626678943634 2,57843708992004

