HipCenter 0,105608113110065 0,246879935264587 2,45168089866638
Spine 0,0973615348339081 0,310998171567917 2,50811719894409
ShoulderCenter 0,112687207758427 0,677827894687653 2,50489068031311
Head 0,123311825096607 0,845303416252136 2,48310256004334
ShoulderLeft -0,0581338703632355 0,571226716041565 2,47669529914856
ElbowLeft -0,293190628290176 0,642117619514465 2,44260001182556
WristLeft -0,517540335655212 0,664591372013092 2,39864063262939
HandLeft -0,601658940315247 0,661073386669159 2,37148880958557
ShoulderRight 0,260179400444031 0,553487122058868 2,53274345397949
ElbowRight 0,310694962739944 0,277222394943237 2,49219584465027
WristRight 0,31728857755661 0,0572172552347183 2,42083978652954
HandRight 0,317395657300949 -0,0109294280409813 2,40318989753723
HipLeft 0,0356812328100204 0,177516654133797 2,42357659339905
KneeLeft 0,00025370653020218 -0,286029607057571 2,47581076622009
AnkleLeft 0,0225608870387077 -0,648608148097992 2,46925950050354
FootLeft 0,0357982404530048 -0,68269956111908 2,39391803741455
HipRight 0,174095809459686 0,170731320977211 2,45695614814758
KneeRight 0,201173737645149 -0,291340380907059 2,49747371673584
AnkleRight 0,18577678501606 -0,657425463199615 2,49945497512817
FootRight 0,199014142155647 -0,691516876220703 2,42411351203918

