HipCenter 0,106862746179104 0,246525973081589 2,45152354240417
Spine 0,0985236465930939 0,31072661280632 2,50794339179993
ShoulderCenter 0,113512113690376 0,677892923355103 2,50467991828918
Head 0,125195905566216 0,845475971698761 2,48321557044983
ShoulderLeft -0,0566506125032902 0,571960687637329 2,47596836090088
ElbowLeft -0,290583491325378 0,642093479633331 2,44176912307739
WristLeft -0,514866828918457 0,663561284542084 2,39711880683899
HandLeft -0,599840760231018 0,661554634571075 2,3715832233429
ShoulderRight 0,261003255844116 0,552373647689819 2,5318009853363
ElbowRight 0,311475515365601 0,276534736156464 2,49138879776001
WristRight 0,318639248609543 0,0563896894454956 2,4209246635437
HandRight 0,318893402814865 -0,0114370295777917 2,40267539024353
HipLeft 0,0371071323752403 0,177243292331696 2,42279672622681
KneeLeft 0,000933227012865245 -0,286890745162964 2,47584748268127
AnkleLeft 0,0225922539830208 -0,64837908744812 2,469646692276
FootLeft 0,0358753874897957 -0,682480335235596 2,39429688453674
HipRight 0,175252318382263 0,17003059387207 2,457435131073
KneeRight 0,201407343149185 -0,291021823883057 2,49754619598389
AnkleRight 0,187224224209785 -0,656513035297394 2,50004410743713
FootRight 0,20050735771656 -0,690614283084869 2,42469429969788

