HipCenter 0,10624073445797 0,237107247114182 2,44892239570618
Spine 0,100061528384686 0,303570032119751 2,50602269172668
ShoulderCenter 0,114502646028996 0,678750932216644 2,50353336334229
Head 0,121764272451401 0,845325171947479 2,48409628868103
ShoulderLeft -0,0537596791982651 0,562697649002075 2,47314858436584
ElbowLeft -0,301242262125015 0,553050994873047 2,42691397666931
WristLeft -0,520620286464691 0,509731233119965 2,37499141693115
HandLeft -0,595643877983093 0,48108121752739 2,33387398719788
ShoulderRight 0,252856731414795 0,552770793437958 2,51761770248413
ElbowRight 0,30433714389801 0,27881246805191 2,47981429100037
WristRight 0,321671664714813 0,057399645447731 2,41979956626892
HandRight 0,319251656532288 -0,0102471131831408 2,39900803565979
HipLeft 0,0372319631278515 0,170170441269875 2,42369246482849
KneeLeft 0,0013939127093181 -0,286535680294037 2,47579312324524
AnkleLeft 0,0229439251124859 -0,650381326675415 2,47098207473755
FootLeft 0,0336520224809647 -0,684487521648407 2,39510536193848
HipRight 0,172939315438271 0,164273619651794 2,45197081565857
KneeRight 0,202508151531219 -0,289885848760605 2,49738669395447
AnkleRight 0,187118977308273 -0,655367136001587 2,49890685081482
FootRight 0,197827070951462 -0,689473330974579 2,42303013801575

