HipCenter 0,1135463565588 0,22195066511631 2,43958234786987
Spine 0,104603692889214 0,290243715047836 2,49712800979614
ShoulderCenter 0,111333779990673 0,677959680557251 2,49797582626343
Head 0,107589550316334 0,846614181995392 2,48247122764587
ShoulderLeft -0,0316300950944424 0,530331552028656 2,45344305038452
ElbowLeft -0,180140107870102 0,350535929203033 2,41711854934692
WristLeft -0,288903743028641 0,158840224146843 2,35061502456665
HandLeft -0,301230520009995 0,109573908150196 2,32802033424377
ShoulderRight 0,247428089380264 0,558448910713196 2,50498676300049
ElbowRight 0,314814567565918 0,281280189752579 2,47271490097046
WristRight 0,322260946035385 0,0595388859510422 2,41279625892639
HandRight 0,324920505285263 -0,00114347459748387 2,39465594291687
HipLeft 0,0501964800059795 0,157701924443245 2,41444802284241
KneeLeft 0,0048798262141645 -0,287104576826096 2,4747474193573
AnkleLeft 0,0236194729804993 -0,653204798698425 2,47158765792847
FootLeft 0,0356699079275131 -0,687127351760864 2,3961169719696
HipRight 0,177240997552872 0,157994315028191 2,44432592391968
KneeRight 0,206772238016129 -0,290254086256027 2,4983491897583
AnkleRight 0,187401309609413 -0,658363163471222 2,49814128875732
FootRight 0,199451744556427 -0,692285716533661 2,42267060279846

