HipCenter 0,0989711061120033 0,222493171691895 2,43771815299988
Spine 0,0905128642916679 0,288694471120834 2,49597382545471
ShoulderCenter 0,089510552585125 0,671107351779938 2,49804067611694
Head 0,0819891467690468 0,83829402923584 2,46450304985046
ShoulderLeft -0,0587458647787571 0,529583096504211 2,46535849571228
ElbowLeft -0,223224192857742 0,354998141527176 2,459552526474
WristLeft -0,371187776327133 0,182228699326515 2,39968609809875
HandLeft -0,382250547409058 0,150931566953659 2,38691115379334
ShoulderRight 0,229768693447113 0,557441353797913 2,50807309150696
ElbowRight 0,293413996696472 0,270033448934555 2,46230816841125
WristRight 0,305150121450424 0,0425591468811035 2,40399527549744
HandRight 0,304903864860535 0,00293480511754751 2,38651871681213
HipLeft 0,0354088507592678 0,155264467000961 2,41131854057312
KneeLeft -0,00401155278086662 -0,28591451048851 2,47801661491394
AnkleLeft 0,0224165320396423 -0,649036407470703 2,47249364852905
FootLeft 0,0316976234316826 -0,68264901638031 2,39688944816589
HipRight 0,165475100278854 0,157694160938263 2,44190692901611
KneeRight 0,196132034063339 -0,295569002628326 2,49451017379761
AnkleRight 0,184938445687294 -0,657386600971222 2,49955797195435
FootRight 0,194219544529915 -0,690999209880829 2,42395377159119

