HipCenter 0,109947472810745 0,293481230735779 2,41219139099121
Spine 0,111876651644707 0,363106459379196 2,42978882789612
ShoulderCenter 0,118705116212368 0,716817200183868 2,41772222518921
Head 0,113873973488808 0,893755435943604 2,39549660682678
ShoulderLeft -0,0641141384840012 0,64769572019577 2,44059419631958
ElbowLeft -0,312736093997955 0,692828476428986 2,44505095481873
WristLeft -0,530102372169495 0,754248559474945 2,41623115539551
HandLeft -0,598126828670502 0,765461981296539 2,39301586151123
ShoulderRight 0,27706578373909 0,60217547416687 2,43349504470825
ElbowRight 0,332681387662888 0,343669235706329 2,47203207015991
WristRight 0,339445233345032 0,117920711636543 2,44280385971069
HandRight 0,338425010442734 0,0423420965671539 2,43557095527649
HipLeft 0,0326111018657684 0,218724355101585 2,40686988830566
KneeLeft 0,00737749459221959 -0,299726366996765 2,473304271698
AnkleLeft 0,0187113098800182 -0,653237164020538 2,47398829460144
FootLeft 0,000185764685738832 -0,73163366317749 2,40547394752502
HipRight 0,183362245559692 0,213615417480469 2,41044449806213
KneeRight 0,216429084539413 -0,306071609258652 2,47670984268188
AnkleRight 0,22162139415741 -0,664611339569092 2,47870945930481
FootRight 0,235955655574799 -0,7403284907341 2,42522597312927

