HipCenter 0,109167970716953 0,294871836900711 2,41822719573975
Spine 0,110345594584942 0,364575773477554 2,43646740913391
ShoulderCenter 0,11513876914978 0,718990385532379 2,42403197288513
Head 0,109105512499809 0,895533561706543 2,40203046798706
ShoulderLeft -0,0687791258096695 0,647294402122498 2,44381642341614
ElbowLeft -0,309790641069412 0,692417740821838 2,44099497795105
WristLeft -0,526523351669312 0,754025101661682 2,41189861297607
HandLeft -0,599402189254761 0,768276512622833 2,39298725128174
ShoulderRight 0,272977709770203 0,60295182466507 2,43956756591797
ElbowRight 0,332378327846527 0,349595099687576 2,48345637321472
WristRight 0,340304762125015 0,124534800648689 2,45269393920898
HandRight 0,34203839302063 0,0541329458355904 2,4439868927002
HipLeft 0,0326561294496059 0,21909436583519 2,41222357749939
KneeLeft 0,00754579063504934 -0,301176309585571 2,47534990310669
AnkleLeft 0,0176591165363789 -0,653825163841248 2,47411036491394
FootLeft -0,00171698129270226 -0,733207285404205 2,40411853790283
HipRight 0,183458432555199 0,215589255094528 2,41730046272278
KneeRight 0,217558220028877 -0,305249631404877 2,4806501865387
AnkleRight 0,220295563340187 -0,657757818698883 2,48237681388855
FootRight 0,235924452543259 -0,737823665142059 2,422447681427

