HipCenter 0,0991028249263763 0,269950389862061 2,40125012397766
Spine 0,0990755632519722 0,340281575918198 2,44222497940063
ShoulderCenter 0,0954372584819794 0,712402582168579 2,42632269859314
Head 0,0809195414185524 0,889856457710266 2,40030002593994
ShoulderLeft -0,0737481638789177 0,592461764812469 2,43403100967407
ElbowLeft -0,150200143456459 0,361479580402374 2,47279405593872
WristLeft -0,22317561507225 0,149319618940353 2,41809368133545
HandLeft -0,242508500814438 0,0694165304303169 2,37970304489136
ShoulderRight 0,254592478275299 0,597763240337372 2,42814636230469
ElbowRight 0,320711553096771 0,335198551416397 2,44287467002869
WristRight 0,327593982219696 0,112346664071083 2,38109540939331
HandRight 0,32246345281601 0,0536563843488693 2,37191557884216
HipLeft 0,02583247423172 0,194830447435379 2,39587187767029
KneeLeft 0,00722835212945938 -0,313824385404587 2,47191214561462
AnkleLeft 0,01892657764256 -0,65517783164978 2,47211694717407
FootLeft -0,00188750773668289 -0,735238969326019 2,40564012527466
HipRight 0,173988103866577 0,197557300329208 2,39333987236023
KneeRight 0,213638693094254 -0,309781700372696 2,47162795066834
AnkleRight 0,220135450363159 -0,655669331550598 2,48053169250488
FootRight 0,235853731632233 -0,737574338912964 2,42024326324463

