HipCenter 0,112477526068687 0,292069613933563 2,40865850448608
Spine 0,115157328546047 0,361137539148331 2,43339514732361
ShoulderCenter 0,125312060117722 0,716537833213806 2,41788506507874
Head 0,122699379920959 0,895817160606384 2,39915895462036
ShoulderLeft -0,0560827478766441 0,650000095367432 2,44144630432129
ElbowLeft -0,310566425323486 0,700277745723724 2,46028804779053
WristLeft -0,525202512741089 0,772584617137909 2,43768119812012
HandLeft -0,616474330425262 0,785218417644501 2,41679644584656
ShoulderRight 0,283477365970612 0,60099470615387 2,43065977096558
ElbowRight 0,339776128530502 0,34132707118988 2,46708011627197
WristRight 0,348271012306213 0,11491821706295 2,4360339641571
HandRight 0,345521360635757 0,0447962544858456 2,42715668678284
HipLeft 0,0350115783512592 0,21741358935833 2,40316939353943
KneeLeft 0,00896642450243235 -0,303403913974762 2,47248363494873
AnkleLeft 0,0196866113692522 -0,656536996364594 2,47397255897522
FootLeft -0,00271548517048359 -0,735147714614868 2,40663743019104
HipRight 0,185307756066322 0,212478563189507 2,40572166442871
KneeRight 0,21792459487915 -0,302922755479813 2,47271394729614
AnkleRight 0,220450192689896 -0,661251664161682 2,47919535636902
FootRight 0,237120732665062 -0,736744403839111 2,42035031318665

