HipCenter 0,149461686611176 0,207263574004173 2,53109049797058
Spine 0,15022312104702 0,253857582807541 2,58963322639465
ShoulderCenter 0,154175966978073 0,558981418609619 2,60154700279236
Head 0,114399246871471 0,708564400672913 2,597501039505
ShoulderLeft -0,00779744749888778 0,574702560901642 2,62810111045837
ElbowLeft -0,0841660350561142 0,770370900630951 2,61137843132019
WristLeft -0,105860017240047 1,02557110786438 2,66854310035706
HandLeft -0,101863354444504 1,08925688266754 2,67605972290039
ShoulderRight 0,29447340965271 0,567728459835052 2,6293580532074
ElbowRight 0,379348903894424 0,788516044616699 2,61557102203369
WristRight 0,393494009971619 1,00951063632965 2,64784574508667
HandRight 0,393674790859222 1,07345163822174 2,65415978431702
HipLeft 0,084046445786953 0,140870079398155 2,51230311393738
KneeLeft 0,0489048175513744 -0,443369328975677 2,49990701675415
AnkleLeft 0,0399680398404598 -0,815754175186157 2,51209330558777
FootLeft 0,0403831675648689 -0,904230654239655 2,47626709938049
HipRight 0,212107077240944 0,138209566473961 2,514732837677
KneeRight 0,261804282665253 -0,444905459880829 2,50983548164368
AnkleRight 0,296406149864197 -0,833321452140808 2,53279900550842
FootRight 0,301823109388351 -0,923086881637573 2,49979853630066

