HipCenter 0,145973175764084 0,189954087138176 2,54007029533386
Spine 0,146159112453461 0,238383248448372 2,60036301612854
ShoulderCenter 0,141401946544647 0,55682784318924 2,62319040298462
Head 0,137425646185875 0,717305183410645 2,64092516899109
ShoulderLeft 0,00275162421166897 0,560489475727081 2,6247181892395
ElbowLeft -0,0755528956651688 0,749595522880554 2,53229427337646
WristLeft -0,095733568072319 0,950440764427185 2,48692655563354
HandLeft -0,102556206285954 1,01355791091919 2,47869372367859
ShoulderRight 0,28922700881958 0,561015129089355 2,62021970748901
ElbowRight 0,369703203439713 0,756087422370911 2,52175831794739
WristRight 0,400122344493866 0,956902861595154 2,48580121994019
HandRight 0,397932767868042 0,981639385223389 2,48164987564087
HipLeft 0,0817860662937164 0,124698825180531 2,5315535068512
KneeLeft 0,0479910224676132 -0,450401812791824 2,50232768058777
AnkleLeft 0,0398073941469193 -0,817402541637421 2,51338982582092
FootLeft 0,0396001264452934 -0,905200600624084 2,47847986221313
HipRight 0,211525961756706 0,126988708972931 2,52029275894165
KneeRight 0,261819660663605 -0,454196512699127 2,51085090637207
AnkleRight 0,296533524990082 -0,847828984260559 2,52812385559082
FootRight 0,301797091960907 -0,929990768432617 2,4782886505127

