HipCenter 0,155723065137863 0,0685074701905251 2,5640926361084
Spine 0,154420509934425 0,133600875735283 2,62774109840393
ShoulderCenter 0,151026353240013 0,532030344009399 2,66597771644592
Head 0,152077034115791 0,699691593647003 2,67932057380676
ShoulderLeft 0,0268003605306149 0,395844250917435 2,59317803382874
ElbowLeft -0,0654741823673248 0,452638804912567 2,3387143611908
WristLeft -0,0652580261230469 0,490965098142624 2,12425589561462
HandLeft -0,0564618557691574 0,502888917922974 2,02730011940002
ShoulderRight 0,273151844739914 0,401047259569168 2,59680652618408
ElbowRight 0,370744168758392 0,440586626529694 2,34620761871338
WristRight 0,352167248725891 0,472959101200104 2,05854368209839
HandRight 0,421016454696655 0,488735854625702 2,0421576499939
HipLeft 0,0992231816053391 0,0169749297201633 2,54695010185242
KneeLeft 0,0516169220209122 -0,486427783966064 2,5112612247467
AnkleLeft 0,0392168983817101 -0,820989727973938 2,51604890823364
FootLeft 0,0386800542473793 -0,909114122390747 2,48187327384949
HipRight 0,213170886039734 0,0126650799065828 2,55387210845947
KneeRight 0,262871921062469 -0,505971491336823 2,51954865455627
AnkleRight 0,297123610973358 -0,843840956687927 2,52495169639587
FootRight 0,297881156206131 -0,925753057003021 2,48166728019714

