HipCenter 0,160270154476166 0,0556601583957672 2,52650666236877
Spine 0,158719852566719 0,122561007738113 2,58746147155762
ShoulderCenter 0,158963605761528 0,518650829792023 2,60698127746582
Head 0,164157494902611 0,69497811794281 2,60659241676331
ShoulderLeft 0,0248720608651638 0,391313672065735 2,5544741153717
ElbowLeft -0,0415075793862343 0,147049754858017 2,53118062019348
WristLeft -0,0638783574104309 -0,0665644854307175 2,4550633430481
HandLeft -0,0895829945802689 -0,131530269980431 2,42776894569397
ShoulderRight 0,30701008439064 0,379414707422256 2,55910205841064
ElbowRight 0,383295655250549 0,137017995119095 2,52914953231812
WristRight 0,420665830373764 -0,0825513005256653 2,4492084980011
HandRight 0,422902971506119 -0,147597178816795 2,42816114425659
HipLeft 0,0956360921263695 -0,00397750362753868 2,50941872596741
KneeLeft 0,0536496937274933 -0,496385991573334 2,49621915817261
AnkleLeft 0,0451636612415314 -0,833403885364532 2,51125550270081
FootLeft 0,0410644859075546 -0,906951129436493 2,48068857192993
HipRight 0,225449278950691 -0,00985257793217897 2,51774096488953
KneeRight 0,263092905282974 -0,515985190868378 2,50464653968811
AnkleRight 0,298379868268967 -0,832413792610168 2,52777099609375
FootRight 0,297382473945618 -0,921632409095764 2,47608065605164

