HipCenter 0,0940104871988297 0,276870578527451 2,64045166969299
Spine 0,098942942917347 0,353828310966492 2,70476269721985
ShoulderCenter 0,106653980910778 0,814783215522766 2,71254849433899
Head 0,0749549865722656 1,0253392457962 2,76012301445007
ShoulderLeft -0,0586374625563622 0,635010302066803 2,65864205360413
ElbowLeft 0,0164052918553352 0,684234738349915 2,41748285293579
WristLeft 0,249142453074455 0,679487228393555 2,48227667808533
HandLeft 0,326721489429474 0,677904725074768 2,50900506973267
ShoulderRight 0,286114782094955 0,614334166049957 2,63821053504944
ElbowRight 0,22326472401619 0,422127664089203 2,50001907348633
WristRight 0,314781695604324 0,643817365169525 2,52154874801636
HandRight 0,246994331479073 0,714613914489746 2,51454591751099
HipLeft 0,015670282766223 0,201178058981895 2,63801407814026
KneeLeft -0,0369624942541122 -0,435688376426697 2,67848944664001
AnkleLeft -0,0390041060745716 -0,83919769525528 2,69666147232056
FootLeft -0,0682019367814064 -0,918258190155029 2,63191270828247
HipRight 0,167892277240753 0,199371621012688 2,61738133430481
KneeRight 0,223466515541077 -0,4326411485672 2,64396405220032
AnkleRight 0,22678405046463 -0,849218606948853 2,66855764389038
FootRight 0,245594382286072 -0,921588897705078 2,59911513328552

