HipCenter 0,104330651462078 0,299120128154755 2,65255165100098
Spine 0,108685597777367 0,381333649158478 2,72127747535706
ShoulderCenter 0,11497239023447 0,8498375415802 2,72799968719482
Head 0,0597249679267406 1,06419444084167 2,78476119041443
ShoulderLeft -0,0256740413606167 0,66154283285141 2,70686721801758
ElbowLeft 0,22677955031395 0,529524028301239 2,53684687614441
WristLeft 0,440792620182037 0,618803977966309 2,5521228313446
HandLeft 0,512130320072174 0,648563981056213 2,56262755393982
ShoulderRight 0,33309268951416 0,657789945602417 2,68997764587402
ElbowRight 0,30672886967659 0,447893857955933 2,54886341094971
WristRight 0,152142569422722 0,614934086799622 2,47816109657288
HandRight 0,102933064103127 0,66499662399292 2,4779646396637
HipLeft 0,0217561852186918 0,218116194009781 2,65180706977844
KneeLeft -0,0306147839874029 -0,434940904378891 2,69462990760803
AnkleLeft -0,0404043793678284 -0,835541963577271 2,7048282623291
FootLeft -0,0686887949705124 -0,917552649974823 2,63627767562866
HipRight 0,182985842227936 0,216306328773499 2,62587356567383
KneeRight 0,231845304369926 -0,42289012670517 2,65314960479736
AnkleRight 0,22812682390213 -0,84488171339035 2,66925120353699
FootRight 0,249254494905472 -0,923845231533051 2,58979678153992

