HipCenter 0,105052195489407 0,297607898712158 2,65194272994995
Spine 0,109716176986694 0,38117840886116 2,72088599205017
ShoulderCenter 0,121027007699013 0,860794007778168 2,72715306282043
Head 0,0778075903654099 1,07663714885712 2,80169343948364
ShoulderLeft -0,0277427844703197 0,663512945175171 2,70758509635925
ElbowLeft 0,220614090561867 0,518996715545654 2,54231142997742
WristLeft 0,472811132669449 0,573895573616028 2,52980065345764
HandLeft 0,5568767786026 0,592195212841034 2,53104567527771
ShoulderRight 0,327031224966049 0,663993954658508 2,68950819969177
ElbowRight 0,305332720279694 0,444503158330917 2,54579019546509
WristRight 0,150660648941994 0,61163604259491 2,47504997253418
HandRight 0,101536899805069 0,661606013774872 2,47488379478455
HipLeft 0,0223000161349773 0,217679873108864 2,65193319320679
KneeLeft -0,027805395424366 -0,414974451065063 2,69037747383118
AnkleLeft -0,0386787056922913 -0,807924866676331 2,71063375473022
FootLeft -0,0556007884442806 -0,885911762714386 2,65542459487915
HipRight 0,183113619685173 0,21526238322258 2,62507224082947
KneeRight 0,231726869940758 -0,417902171611786 2,65133786201477
AnkleRight 0,227433875203133 -0,839010238647461 2,66825151443481
FootRight 0,245811000466347 -0,919047713279724 2,59415793418884

