HipCenter 0,105084970593452 0,299704283475876 2,65156888961792
Spine 0,112370058894157 0,381778419017792 2,72090220451355
ShoulderCenter 0,119575455784798 0,854790568351746 2,73020172119141
Head 0,0542484447360039 1,06869637966156 2,79757571220398
ShoulderLeft -0,0350249484181404 0,662084341049194 2,71873879432678
ElbowLeft 0,211641401052475 0,54316383600235 2,52292585372925
WristLeft 0,427725225687027 0,633192837238312 2,53486752510071
HandLeft 0,499753177165985 0,663202524185181 2,54430747032166
ShoulderRight 0,333087384700775 0,656005918979645 2,6866774559021
ElbowRight 0,303500473499298 0,44177508354187 2,54721069335938
WristRight 0,147741705179214 0,610081911087036 2,47595572471619
HandRight 0,0997046604752541 0,658877611160278 2,47617173194885
HipLeft 0,0227331556379795 0,218042284250259 2,65012502670288
KneeLeft -0,0311843305826187 -0,443585634231567 2,69463419914246
AnkleLeft -0,0398583114147186 -0,84184592962265 2,70425248146057
FootLeft -0,0690744072198868 -0,917699337005615 2,63468337059021
HipRight 0,183408364653587 0,216240838170052 2,62461519241333
KneeRight 0,232827037572861 -0,42643415927887 2,65149593353271
AnkleRight 0,228840991854668 -0,84421581029892 2,66731286048889
FootRight 0,250582128763199 -0,922118186950684 2,58762121200562

