HipCenter 0,104278646409512 0,300370395183563 2,64971947669983
Spine 0,113212250173092 0,382748126983643 2,719074010849
ShoulderCenter 0,118202775716782 0,854640245437622 2,72667288780212
Head 0,0472420528531075 1,06800282001495 2,78598785400391
ShoulderLeft -0,0433416441082954 0,658378601074219 2,72243762016296
ElbowLeft 0,199586123228073 0,526727557182312 2,52971863746643
WristLeft 0,418537080287933 0,611753344535828 2,53808927536011
HandLeft 0,49152073264122 0,640095293521881 2,54634976387024
ShoulderRight 0,330572843551636 0,653847754001617 2,68113589286804
ElbowRight 0,301829785108566 0,441764831542969 2,54147577285767
WristRight 0,14581398665905 0,610349297523499 2,47009825706482
HandRight 0,0980339795351028 0,658867239952087 2,47040462493896
HipLeft 0,020891984924674 0,218321800231934 2,64857363700867
KneeLeft -0,0307686626911163 -0,443814426660538 2,69458651542664
AnkleLeft -0,0386784672737122 -0,841945886611938 2,70515060424805
FootLeft -0,0685467272996902 -0,917501330375671 2,63324046134949
HipRight 0,18323689699173 0,216494590044022 2,62273716926575
KneeRight 0,23297318816185 -0,427533149719238 2,65107226371765
AnkleRight 0,229736089706421 -0,843577444553375 2,66761994361877
FootRight 0,252291619777679 -0,925479888916016 2,58130145072937

