HipCenter 0,104473151266575 0,299416333436966 2,64981293678284
Spine 0,109986521303654 0,381799191236496 2,71884918212891
ShoulderCenter 0,112533621490002 0,851358473300934 2,72507548332214
Head 0,0783564448356628 1,07320702075958 2,79610657691956
ShoulderLeft -0,0318113900721073 0,661681890487671 2,71127939224243
ElbowLeft 0,212374716997147 0,532350063323975 2,51794719696045
WristLeft 0,426144808530808 0,627384960651398 2,53556299209595
HandLeft 0,497401505708694 0,659063279628754 2,5469114780426
ShoulderRight 0,335424959659576 0,658134996891022 2,68666243553162
ElbowRight 0,303244322538376 0,442789435386658 2,5400083065033
WristRight 0,147081434726715 0,611533045768738 2,4685595035553
HandRight 0,0994485169649124 0,659892082214355 2,46891832351685
HipLeft 0,021969286724925 0,217084750533104 2,64913392066956
KneeLeft -0,0311072934418917 -0,441630363464355 2,69326686859131
AnkleLeft -0,0400366149842739 -0,840157926082611 2,7050096988678
FootLeft -0,0686973407864571 -0,917467951774597 2,63202786445618
HipRight 0,184218525886536 0,215827107429504 2,62250280380249
KneeRight 0,232457607984543 -0,428724586963654 2,65164947509766
AnkleRight 0,229502215981483 -0,847837507724762 2,66854023933411
FootRight 0,248846396803856 -0,923332631587982 2,58909583091736

