HipCenter 0,107175208628178 0,295028626918793 2,65010643005371
Spine 0,115110702812672 0,378349393606186 2,71936345100403
ShoulderCenter 0,128102883696556 0,852577984333038 2,72332119941711
Head 0,0560611039400101 1,06875193119049 2,7720410823822
ShoulderLeft -0,0226855613291264 0,6618812084198 2,71044611930847
ElbowLeft 0,219894960522652 0,507695198059082 2,53495097160339
WristLeft 0,458010762929916 0,567779839038849 2,52677440643311
HandLeft 0,53738272190094 0,587808072566986 2,52955746650696
ShoulderRight 0,333483457565308 0,652818441390991 2,67992973327637
ElbowRight 0,301815509796143 0,442507147789001 2,53718972206116
WristRight 0,145056277513504 0,611894905567169 2,46543455123901
HandRight 0,0980197265744209 0,659609496593475 2,46600341796875
HipLeft 0,0252923276275396 0,216212421655655 2,65090894699097
KneeLeft -0,0283154658973217 -0,437928199768066 2,69257760047913
AnkleLeft -0,0390170514583588 -0,838308215141296 2,70543742179871
FootLeft -0,0676438137888908 -0,918270349502563 2,63529372215271
HipRight 0,183632582426071 0,213230669498444 2,62378120422363
KneeRight 0,234157413244247 -0,430951237678528 2,65105485916138
AnkleRight 0,228618502616882 -0,842785716056824 2,66616678237915
FootRight 0,24842956662178 -0,920600652694702 2,58424186706543

