HipCenter 0,10747467726469 0,294179350137711 2,64870190620422
Spine 0,114314362406731 0,377547591924667 2,71784448623657
ShoulderCenter 0,125135689973831 0,851929128170013 2,72082185745239
Head 0,0660029351711273 1,07209622859955 2,76489925384521
ShoulderLeft -0,0187334641814232 0,661020874977112 2,70607733726501
ElbowLeft 0,22838619351387 0,526740372180939 2,51853156089783
WristLeft 0,445495188236237 0,61766654253006 2,53281784057617
HandLeft 0,517864882946014 0,647975265979767 2,54309105873108
ShoulderRight 0,33534836769104 0,654682695865631 2,68178105354309
ElbowRight 0,305585414171219 0,44391131401062 2,53910803794861
WristRight 0,148773610591888 0,613355875015259 2,46732664108276
HandRight 0,101789645850658 0,661013722419739 2,46791410446167
HipLeft 0,0260715410113335 0,216277867555618 2,64926528930664
KneeLeft -0,0282840020954609 -0,435393989086151 2,69110226631165
AnkleLeft -0,0380061343312263 -0,835212588310242 2,70494246482849
FootLeft -0,069673091173172 -0,919756472110748 2,63611316680908
HipRight 0,184053376317024 0,212514132261276 2,62240982055664
KneeRight 0,233929038047791 -0,426324248313904 2,64954400062561
AnkleRight 0,228338062763214 -0,842054545879364 2,66587734222412
FootRight 0,247717186808586 -0,921406269073486 2,59270095825195

