HipCenter 0,105352930724621 0,299257725477219 2,64979696273804
Spine 0,114140920341015 0,379209458827972 2,71874189376831
ShoulderCenter 0,125311955809593 0,834375858306885 2,7184419631958
Head 0,0553112849593163 1,05351006984711 2,77047157287598
ShoulderLeft -0,0385735668241978 0,657204687595367 2,72464346885681
ElbowLeft 0,211435049772263 0,535631895065308 2,52878332138062
WristLeft 0,433557868003845 0,619124233722687 2,53373217582703
HandLeft 0,50759881734848 0,646955013275146 2,54092502593994
ShoulderRight 0,334929168224335 0,65883994102478 2,69099187850952
ElbowRight 0,301463812589645 0,441525399684906 2,53983807563782
WristRight 0,144066706299782 0,611602365970612 2,46775460243225
HandRight 0,0976680442690849 0,65862774848938 2,4685480594635
HipLeft 0,0227077566087246 0,218219056725502 2,64988541603088
KneeLeft -0,0314513705670834 -0,433324307203293 2,69204306602478
AnkleLeft -0,0392568781971931 -0,83622145652771 2,70700550079346
FootLeft -0,0682240650057793 -0,914222300052643 2,63633441925049
HipRight 0,183061838150024 0,21501450240612 2,62342023849487
KneeRight 0,231422200798988 -0,424965560436249 2,6513032913208
AnkleRight 0,227515056729317 -0,844673275947571 2,66837906837463
FootRight 0,247287631034851 -0,922923505306244 2,59349608421326

