HipCenter 0,105040833353996 0,298366546630859 2,64951491355896
Spine 0,111743777990341 0,379110753536224 2,71876311302185
ShoulderCenter 0,121385000646114 0,845061182975769 2,71984934806824
Head 0,0637851804494858 1,06783103942871 2,76942205429077
ShoulderLeft -0,0236530788242817 0,660266160964966 2,71082139015198
ElbowLeft 0,198102742433548 0,582447469234467 2,50836133956909
WristLeft 0,404906988143921 0,691089928150177 2,5387077331543
HandLeft 0,473841726779938 0,727304100990295 2,55436682701111
ShoulderRight 0,334718704223633 0,658139526844025 2,69029426574707
ElbowRight 0,30057629942894 0,441034942865372 2,54068660736084
WristRight 0,143175140023232 0,611116290092468 2,4686005115509
HandRight 0,0967805236577988 0,658137202262878 2,46939539909363
HipLeft 0,0227801315486431 0,218070179224014 2,64984059333801
KneeLeft -0,0316336639225483 -0,433792650699615 2,69213271141052
AnkleLeft -0,039535615593195 -0,837701737880707 2,70621967315674
FootLeft -0,068714052438736 -0,917753934860229 2,63728857040405
HipRight 0,182535037398338 0,214820086956024 2,6231484413147
KneeRight 0,231390386819839 -0,425805389881134 2,65100145339966
AnkleRight 0,227368205785751 -0,844125509262085 2,66833233833313
FootRight 0,247928559780121 -0,921995043754578 2,59331750869751

