HipCenter 0,104850694537163 0,269260466098785 2,56428074836731
Spine 0,107689015567303 0,334680765867233 2,62308406829834
ShoulderCenter 0,110525667667389 0,71478134393692 2,62832808494568
Head 0,109266921877861 0,876999914646149 2,6141095161438
ShoulderLeft -0,0330021604895592 0,623794853687286 2,62246298789978
ElbowLeft -0,235676199197769 0,714897155761719 2,61469149589539
WristLeft -0,43663489818573 0,803122401237488 2,57708311080933
HandLeft -0,528111159801483 0,821607708930969 2,55948519706726
ShoulderRight 0,245258644223213 0,573066115379334 2,60206460952759
ElbowRight 0,332082062959671 0,3134625852108 2,61426973342896
WristRight 0,358984231948853 0,0960307866334915 2,55670642852783
HandRight 0,356152653694153 0,00779223255813122 2,53656029701233
HipLeft 0,0408611372113228 0,209389790892601 2,55632877349854
KneeLeft 0,0316898003220558 -0,219572871923447 2,64300656318665
AnkleLeft 0,0400609262287617 -0,530123949050903 2,64525198936462
FootLeft 0,0376990810036659 -0,411825656890869 2,65175318717957
HipRight 0,168065950274467 0,202529653906822 2,55092859268188
KneeRight 0,201644241809845 -0,157802954316139 2,62756824493408
AnkleRight 0,197668001055717 -0,444520235061646 2,65043020248413
FootRight 0,192412510514259 -0,359886586666107 2,62849760055542

