HipCenter 0,105293810367584 0,254010200500488 2,56283760070801
Spine 0,110852770507336 0,321591377258301 2,62234807014465
ShoulderCenter 0,103714153170586 0,711461961269379 2,62862992286682
Head 0,103195443749428 0,874466300010681 2,60958743095398
ShoulderLeft -0,0464280433952808 0,598741710186005 2,63099527359009
ElbowLeft -0,272104740142822 0,494086623191834 2,59951186180115
WristLeft -0,474566340446472 0,417609125375748 2,54372692108154
HandLeft -0,545872151851654 0,365771174430847 2,50862646102905
ShoulderRight 0,235042661428452 0,566599249839783 2,5933952331543
ElbowRight 0,334232479333878 0,304219275712967 2,61006712913513
WristRight 0,356764376163483 0,0895976126194 2,55116438865662
HandRight 0,362509846687317 0,0232502240687609 2,52973818778992
HipLeft 0,0424925461411476 0,192805126309395 2,55634737014771
KneeLeft 0,0372807271778584 -0,272895812988281 2,65306949615479
AnkleLeft 0,0458981953561306 -0,623450100421906 2,63914823532104
FootLeft 0,0518455021083355 -0,707033514976501 2,59780049324036
HipRight 0,168624609708786 0,189158022403717 2,54678440093994
KneeRight 0,18603977560997 -0,270475476980209 2,64860439300537
AnkleRight 0,179845124483109 -0,61765843629837 2,64734244346619
FootRight 0,159447491168976 -0,709621727466583 2,61162233352661

