HipCenter 0,0936675891280174 0,242473036050797 2,55523157119751
Spine 0,0997836515307426 0,311349600553513 2,61391448974609
ShoulderCenter 0,0888804197311401 0,702634811401367 2,61773467063904
Head 0,0839740261435509 0,871461451053619 2,59128642082214
ShoulderLeft -0,0524617657065392 0,577824234962463 2,62375831604004
ElbowLeft -0,0980277806520462 0,289007604122162 2,55863904953003
WristLeft -0,11182252317667 0,0702964067459106 2,51801729202271
HandLeft -0,127291768789291 0,00230344547890127 2,52165913581848
ShoulderRight 0,220085591077805 0,568517625331879 2,58700037002563
ElbowRight 0,306398957967758 0,300597816705704 2,57875561714172
WristRight 0,33399885892868 0,0822311490774155 2,53814506530762
HandRight 0,333999067544937 0,00184092810377479 2,52320027351379
HipLeft 0,0325160622596741 0,181838154792786 2,54923367500305
KneeLeft 0,0263261795043945 -0,27156999707222 2,6504909992218
AnkleLeft 0,043666061013937 -0,622348845005035 2,64109945297241
FootLeft 0,0669912993907928 -0,726319909095764 2,59041118621826
HipRight 0,155756562948227 0,181395888328552 2,54055500030518
KneeRight 0,182134553790092 -0,266631007194519 2,64104127883911
AnkleRight 0,175759643316269 -0,628274321556091 2,64570116996765
FootRight 0,163088545203209 -0,669463634490967 2,5521285533905

