HipCenter 0,094558373093605 0,253815233707428 2,56097483634949
Spine 0,102152302861214 0,319199949502945 2,61908626556396
ShoulderCenter 0,0900090411305428 0,69968843460083 2,62030911445618
Head 0,0785560384392738 0,866624236106873 2,59368872642517
ShoulderLeft -0,0755532756447792 0,579998135566711 2,64047646522522
ElbowLeft -0,279472559690475 0,485496699810028 2,63283181190491
WristLeft -0,482112169265747 0,407449901103973 2,57714796066284
HandLeft -0,562276661396027 0,373625189065933 2,53854060173035
ShoulderRight 0,224571600556374 0,559636414051056 2,58663034439087
ElbowRight 0,320811659097672 0,297186523675919 2,59264087677002
WristRight 0,337286829948425 0,0799501091241837 2,54085922241211
HandRight 0,334742963314056 0,0101101072505116 2,5197274684906
HipLeft 0,0286750067025423 0,184256479144096 2,55714058876038
KneeLeft 0,0306622758507729 -0,260128051042557 2,64952683448792
AnkleLeft 0,0451602600514889 -0,609070301055908 2,63946676254272
FootLeft 0,0617403760552406 -0,701087653636932 2,60008811950684
HipRight 0,162196829915047 0,188599571585655 2,54340267181396
KneeRight 0,177632749080658 -0,258803457021713 2,64107704162598
AnkleRight 0,17926250398159 -0,594255566596985 2,64742422103882
FootRight 0,163078486919403 -0,635358333587646 2,55466437339783

