HipCenter 0,1046407148242 0,263812839984894 2,5647177696228
Spine 0,107274085283279 0,330535382032394 2,62348246574402
ShoulderCenter 0,110734924674034 0,715505242347717 2,62564539909363
Head 0,107872992753983 0,876800119876862 2,6099967956543
ShoulderLeft -0,0328742116689682 0,62360417842865 2,61657309532166
ElbowLeft -0,244978845119476 0,719991743564606 2,60293459892273
WristLeft -0,444860756397247 0,809751868247986 2,5616614818573
HandLeft -0,537379503250122 0,824909269809723 2,54598045349121
ShoulderRight 0,246055752038956 0,572564840316772 2,59869241714478
ElbowRight 0,332093507051468 0,310160368680954 2,61151432991028
WristRight 0,353540778160095 0,0938825830817223 2,55500912666321
HandRight 0,35003861784935 0,00955202151089907 2,5374436378479
HipLeft 0,0414908155798912 0,204349130392075 2,55639958381653
KneeLeft 0,0349302925169468 -0,266278028488159 2,65265035629272
AnkleLeft 0,0414748340845108 -0,599215388298035 2,64761900901794
FootLeft 0,0671723335981369 -0,70474112033844 2,60029578208923
HipRight 0,166416883468628 0,197030201554298 2,55219197273254
KneeRight 0,185368120670319 -0,26142281293869 2,6446316242218
AnkleRight 0,161086708307266 -0,637561142444611 2,64442849159241
FootRight 0,168199494481087 -0,715657353401184 2,60546445846558

