HipCenter 0,0907852053642273 0,0916715636849403 2,48753929138184
Spine 0,110479056835175 0,157406032085419 2,54615879058838
ShoulderCenter 0,109351262450218 0,549694299697876 2,56648135185242
Head 0,13434424996376 0,699809193611145 2,56529879570007
ShoulderLeft -0,0486069582402706 0,547012448310852 2,57467460632324
ElbowLeft -0,172631561756134 0,684301376342773 2,44106221199036
WristLeft -0,338817268610001 0,917108595371246 2,39027667045593
HandLeft -0,374929636716843 0,960686028003693 2,3749885559082
ShoulderRight 0,199411898851395 0,40754497051239 2,46006464958191
ElbowRight 0,00198516389355063 0,415685057640076 2,28604078292847
WristRight -0,203366294503212 0,440619021654129 2,22050833702087
HandRight -0,206781283020973 0,452163696289063 2,20777297019959
HipLeft 0,026674410328269 0,0337476171553135 2,47513270378113
KneeLeft 0,000912373827304691 -0,479737550020218 2,44652438163757
AnkleLeft -0,00649811048060656 -0,819151222705841 2,46640944480896
FootLeft -0,0171388294547796 -0,902862966060638 2,4246838092804
HipRight 0,149405673146248 0,0238073412328959 2,47420811653137
KneeRight 0,208439663052559 -0,476830363273621 2,45477080345154
AnkleRight 0,23636719584465 -0,841453015804291 2,474125623703
FootRight 0,227998808026314 -0,915518939495087 2,42763328552246

