HipCenter 0,0883793979883194 0,288588643074036 2,42135548591614
Spine 0,0929129347205162 0,355730652809143 2,47859787940979
ShoulderCenter 0,100039795041084 0,734035134315491 2,47053170204163
Head 0,0913566425442696 0,908979415893555 2,44057726860046
ShoulderLeft -0,0677444711327553 0,622404277324677 2,47986221313477
ElbowLeft -0,134329706430435 0,364354759454727 2,43481707572937
WristLeft -0,201806172728539 0,162100598216057 2,33583688735962
HandLeft -0,22392863035202 0,0833590924739838 2,31724739074707
ShoulderRight 0,266849875450134 0,633039057254791 2,46891283988953
ElbowRight 0,389697074890137 0,406953275203705 2,407390832901
WristRight 0,427228540182114 0,156551152467728 2,32524681091309
HandRight 0,439734935760498 0,0865978673100472 2,29882860183716
HipLeft 0,0112168677151203 0,21610201895237 2,41271066665649
KneeLeft -0,00789351761341095 -0,300360590219498 2,50928568840027
AnkleLeft -0,0234348550438881 -0,665346920490265 2,53462481498718
FootLeft -0,047383788973093 -0,738571584224701 2,48567891120911
HipRight 0,162090167403221 0,212675034999847 2,40977191925049
KneeRight 0,195522591471672 -0,298145115375519 2,518070936203
AnkleRight 0,230550527572632 -0,671809315681458 2,52914214134216
FootRight 0,259370625019073 -0,740322709083557 2,48663854598999

