HipCenter 0,0882080346345901 0,288802593946457 2,42446851730347
Spine 0,0919964462518692 0,356402367353439 2,48077344894409
ShoulderCenter 0,0989565998315811 0,735584080219269 2,4692656993866
Head 0,0903379768133163 0,910489737987518 2,44218134880066
ShoulderLeft -0,0689530372619629 0,622110486030579 2,4783251285553
ElbowLeft -0,120574608445168 0,355129539966583 2,44853806495667
WristLeft -0,164451897144318 0,154990240931511 2,37131118774414
HandLeft -0,186916649341583 0,0665860250592232 2,34380984306335
ShoulderRight 0,264449089765549 0,635415554046631 2,46921849250793
ElbowRight 0,40381932258606 0,418167501688004 2,42225956916809
WristRight 0,464515656232834 0,167971193790436 2,34243059158325
HandRight 0,456714183092117 0,0900098383426666 2,32283043861389
HipLeft 0,0114277536049485 0,215598851442337 2,41555404663086
KneeLeft -0,00858394335955381 -0,302951961755753 2,51101779937744
AnkleLeft -0,0239522121846676 -0,661985456943512 2,53447031974792
FootLeft -0,0468347668647766 -0,73634135723114 2,48429107666016
HipRight 0,161539822816849 0,213527664542198 2,41465711593628
KneeRight 0,196851119399071 -0,296621918678284 2,51857161521912
AnkleRight 0,231784999370575 -0,670285820960999 2,52832746505737
FootRight 0,260624378919601 -0,740971386432648 2,48758673667908

