HipCenter 0,00551634095609188 -0,328870624303818 2,39572501182556
Spine 0,0155016370117664 -0,306837290525436 2,38074374198914
ShoulderCenter 0,0801742747426033 -0,184197276830673 2,3159167766571
Head -0,00175853073596954 -0,0598755776882172 2,15692210197449
ShoulderLeft -0,179783657193184 -0,14557783305645 2,34510374069214
ElbowLeft -0,312936246395111 -0,145096942782402 2,42598676681519
WristLeft -0,224475771188736 -0,113568842411041 2,20867300033569
HandLeft -0,194988951086998 -0,103059478104115 2,139817237854
ShoulderRight 0,169168263673782 -0,109085455536842 2,35490250587463
ElbowRight 0,223239228129387 -0,268378376960754 2,45004105567932
WristRight 0,1935775578022 -0,373279958963394 2,31183815002441
HandRight 0,16835606098175 -0,386720240116119 2,25723576545715
HipLeft -0,103827141225338 -0,404215306043625 2,42341828346252
KneeLeft -0,129179358482361 -0,521945118904114 2,1337263584137
AnkleLeft -0,156810522079468 -0,77116721868515 2,11996579170227
FootLeft -0,168645545840263 -0,829121172428131 2,09329748153687
HipRight 0,0664821863174438 -0,388439476490021 2,4330141544342
KneeRight 0,161980897188187 -0,512801885604858 2,16202235221863
AnkleRight 0,178043156862259 -0,775512993335724 2,12819647789001
FootRight 0,18204340338707 -0,822042882442474 2,07433748245239

