HipCenter -0,0349056199193001 -0,329121053218842 2,40744543075562
Spine -0,0335200652480125 -0,312738597393036 2,39454627037048
ShoulderCenter -0,0444722175598145 -0,230242803692818 2,34577775001526
Head -0,0372838862240314 -0,0862206518650055 2,1831910610199
ShoulderLeft -0,178803190588951 -0,15280057489872 2,34551978111267
ElbowLeft -0,312244176864624 -0,143798023462296 2,4250340461731
WristLeft -0,222873389720917 -0,114317901432514 2,20835065841675
HandLeft -0,193083122372627 -0,104491196572781 2,13970375061035
ShoulderRight 0,16787126660347 -0,108190134167671 2,35373020172119
ElbowRight 0,224545195698738 -0,26855406165123 2,44995760917664
WristRight 0,194485634565353 -0,37121370434761 2,31050705909729
HandRight 0,169184878468513 -0,384696125984192 2,25573348999023
HipLeft -0,104951404035091 -0,40916982293129 2,42332816123962
KneeLeft -0,12878030538559 -0,522589862346649 2,132732629776
AnkleLeft -0,156467258930206 -0,770872235298157 2,12057113647461
FootLeft -0,168456211686134 -0,829101264476776 2,09340524673462
HipRight 0,0603060349822044 -0,388290286064148 2,43821382522583
KneeRight 0,159818112850189 -0,509191632270813 2,16818428039551
AnkleRight 0,178052857518196 -0,776957809925079 2,12748122215271
FootRight 0,182403445243835 -0,822970509529114 2,07342529296875

