HipCenter -0,0410292446613312 -0,328508496284485 2,40575408935547
Spine -0,0409760624170303 -0,313444167375565 2,39281249046326
ShoulderCenter -0,0529564619064331 -0,245003715157509 2,3388888835907
Head -0,0419692397117615 -0,0945263504981995 2,18010139465332
ShoulderLeft -0,181933254003525 -0,161013334989548 2,34683060646057
ElbowLeft -0,313708186149597 -0,13699696958065 2,42310214042664
WristLeft -0,228553950786591 -0,109111525118351 2,20694780349731
HandLeft -0,200169205665588 -0,0998163744807243 2,13848662376404
ShoulderRight 0,16498926281929 -0,110222600400448 2,35004949569702
ElbowRight 0,23952728509903 -0,253240078687668 2,45568418502808
WristRight 0,161534890532494 -0,327775537967682 2,27023363113403
HandRight 0,135837152600288 -0,341469556093216 2,2146008014679
HipLeft -0,139529719948769 -0,398492068052292 2,45711469650269
KneeLeft -0,125724077224731 -0,506499290466309 2,16531729698181
AnkleLeft -0,155246287584305 -0,769606113433838 2,12118768692017
FootLeft -0,150424972176552 -0,819538474082947 2,07123804092407
HipRight 0,0432508401572704 -0,38770392537117 2,44668388366699
KneeRight 0,156125783920288 -0,503325998783112 2,17870831489563
AnkleRight 0,177786067128181 -0,776197195053101 2,12921714782715
FootRight 0,182607382535934 -0,826129555702209 2,07926750183105

