HipCenter -0,0271148085594177 -0,332439571619034 2,41264247894287
Spine -0,0186149291694164 -0,315571010112762 2,39660978317261
ShoulderCenter -0,00185112096369267 -0,22154438495636 2,32574653625488
Head -0,0257239658385515 -0,0768758952617645 2,16296553611755
ShoulderLeft -0,179919853806496 -0,162297293543816 2,34583473205566
ElbowLeft -0,31201583147049 -0,138672843575478 2,42054915428162
WristLeft -0,22476926445961 -0,111974596977234 2,20611882209778
HandLeft -0,19568707048893 -0,103075183928013 2,13823866844177
ShoulderRight 0,165090993046761 -0,110261619091034 2,34910583496094
ElbowRight 0,228693306446075 -0,265292972326279 2,44977140426636
WristRight 0,174780786037445 -0,34963446855545 2,28706216812134
HandRight 0,148935914039612 -0,363406866788864 2,23111033439636
HipLeft -0,133713856339455 -0,39903062582016 2,46045875549316
KneeLeft -0,127005860209465 -0,508484184741974 2,16710042953491
AnkleLeft -0,155414968729019 -0,769677758216858 2,12094306945801
FootLeft -0,15018917620182 -0,820976555347443 2,07242369651794
HipRight 0,0411344207823277 -0,387136548757553 2,45300889015198
KneeRight 0,156387373805046 -0,502894580364227 2,17909860610962
AnkleRight 0,178298026323318 -0,777267098426819 2,13104796409607
FootRight 0,183523818850517 -0,828565895557404 2,08252859115601

