HipCenter -0,00405423995107412 -0,335742294788361 2,39638185501099
Spine 0,00464038550853729 -0,318878203630447 2,3828752040863
ShoulderCenter 0,052300862967968 -0,232575699687004 2,32842755317688
Head -0,00705978274345398 -0,0876641422510147 2,17328262329102
ShoulderLeft -0,180455163121223 -0,163535505533218 2,34678840637207
ElbowLeft -0,311765551567078 -0,142735823988914 2,42264938354492
WristLeft -0,225119113922119 -0,115466266870499 2,20852088928223
HandLeft -0,196236968040466 -0,10637641698122 2,14074349403381
ShoulderRight 0,163717702031136 -0,110948450863361 2,34783220291138
ElbowRight 0,22825200855732 -0,265492737293243 2,45264029502869
WristRight 0,171499937772751 -0,342088490724564 2,29426121711731
HandRight 0,145587474107742 -0,355897039175034 2,23816347122192
HipLeft -0,102098271250725 -0,414254546165466 2,42894768714905
KneeLeft -0,129185914993286 -0,516283631324768 2,13681983947754
AnkleLeft -0,155768781900406 -0,767049014568329 2,12044095993042
FootLeft -0,151309996843338 -0,815624713897705 2,06924676895142
HipRight 0,0588341094553471 -0,389665603637695 2,43509888648987
KneeRight 0,160901829600334 -0,507589399814606 2,16746163368225
AnkleRight 0,177672445774078 -0,77618682384491 2,1311571598053
FootRight 0,182131230831146 -0,824762523174286 2,07996296882629

