HipCenter 0,0155529035255313 -0,328555524349213 2,39039969444275
Spine 0,0260619930922985 -0,306206375360489 2,37672734260559
ShoulderCenter 0,0820916816592216 -0,193108141422272 2,32008576393127
Head -0,0018838495016098 -0,0680294334888458 2,16002893447876
ShoulderLeft -0,180358722805977 -0,163929015398026 2,34675717353821
ElbowLeft -0,31145715713501 -0,143250867724419 2,42276644706726
WristLeft -0,223997801542282 -0,116414055228233 2,20906591415405
HandLeft -0,194844678044319 -0,107468448579311 2,14143204689026
ShoulderRight 0,163623005151749 -0,110811866819859 2,34775257110596
ElbowRight 0,234168648719788 -0,26042228937149 2,45334410667419
WristRight 0,16995857656002 -0,346588253974915 2,29314136505127
HandRight 0,144026204943657 -0,36040723323822 2,23700046539307
HipLeft -0,0993664264678955 -0,410541474819183 2,41773200035095
KneeLeft -0,131027281284332 -0,51987612247467 2,12879943847656
AnkleLeft -0,155627340078354 -0,767282724380493 2,12072038650513
FootLeft -0,167434394359589 -0,829627990722656 2,09406042098999
HipRight 0,0710716098546982 -0,37825146317482 2,41881155967712
KneeRight 0,16423211991787 -0,514055132865906 2,15662980079651
AnkleRight 0,177420914173126 -0,775781393051147 2,13131809234619
FootRight 0,181156009435654 -0,820633232593536 2,07681012153625

