HipCenter -0,0260780230164528 -0,339547723531723 2,39312124252319
Spine -0,028591450303793 -0,321557104587555 2,38119649887085
ShoulderCenter -0,0528728887438774 -0,236186861991882 2,32966494560242
Head -0,0409151986241341 -0,0854447782039642 2,16972756385803
ShoulderLeft -0,17915752530098 -0,16199417412281 2,34331750869751
ElbowLeft -0,308621942996979 -0,140162289142609 2,42062163352966
WristLeft -0,224583432078362 -0,112192884087563 2,20616436004639
HandLeft -0,196570590138435 -0,102869749069214 2,13828086853027
ShoulderRight 0,164640337228775 -0,110478550195694 2,34762620925903
ElbowRight 0,242022931575775 -0,253537565469742 2,45245718955994
WristRight 0,173758760094643 -0,340788543224335 2,2924530506134
HandRight 0,147754952311516 -0,354645639657974 2,23615789413452
HipLeft -0,109924055635929 -0,423375457525253 2,42290759086609
KneeLeft -0,129215627908707 -0,520886421203613 2,12862420082092
AnkleLeft -0,156086251139641 -0,767809510231018 2,12044191360474
FootLeft -0,167580619454384 -0,829771876335144 2,09372043609619
HipRight 0,0646977573633194 -0,400487869977951 2,4303662776947
KneeRight 0,164325445890427 -0,509080469608307 2,1577935218811
AnkleRight 0,177775278687477 -0,775292158126831 2,13040256500244
FootRight 0,181961223483086 -0,820415496826172 2,07621908187866

