HipCenter -0,00133376661688089 -0,334144592285156 2,39698243141174
Spine 0,0064193201251328 -0,312780797481537 2,38228678703308
ShoulderCenter 0,0526694655418396 -0,207090049982071 2,3227231502533
Head -0,0105095729231834 -0,0726196020841599 2,16021323204041
ShoulderLeft -0,181260019540787 -0,163662329316139 2,34556365013123
ElbowLeft -0,311589956283569 -0,140459299087524 2,42065453529358
WristLeft -0,226119607686996 -0,113459080457687 2,20727586746216
HandLeft -0,197629496455193 -0,104459010064602 2,13975667953491
ShoulderRight 0,164154067635536 -0,110835649073124 2,34714102745056
ElbowRight 0,231865614652634 -0,267465859651566 2,45079255104065
WristRight 0,205727472901344 -0,346365451812744 2,24965310096741
HandRight 0,179630190134048 -0,360272288322449 2,19315457344055
HipLeft -0,103457145392895 -0,41669112443924 2,41609144210815
KneeLeft -0,13144662976265 -0,523360311985016 2,12603211402893
AnkleLeft -0,155313327908516 -0,767073810100555 2,12102508544922
FootLeft -0,167531490325928 -0,829630136489868 2,09283590316772
HipRight 0,0653971210122108 -0,390402108430862 2,42158651351929
KneeRight 0,165830105543137 -0,510983109474182 2,15481781959534
AnkleRight 0,177678033709526 -0,777262985706329 2,13004231452942
FootRight 0,181823208928108 -0,823856055736542 2,07707524299622

