HipCenter -0,0050860452465713 -0,334026664495468 2,39017033576965
Spine -0,00114138028584421 -0,317022681236267 2,37665343284607
ShoulderCenter 0,0155141390860081 -0,230254858732224 2,32350492477417
Head -0,0196792855858803 -0,0812438577413559 2,16401243209839
ShoulderLeft -0,183266252279282 -0,157455548644066 2,34510564804077
ElbowLeft -0,312410950660706 -0,141413643956184 2,42251253128052
WristLeft -0,225568383932114 -0,114074543118477 2,21034455299377
HandLeft -0,196620866656303 -0,104961507022381 2,14323401451111
ShoulderRight 0,16426146030426 -0,110803745687008 2,34738993644714
ElbowRight 0,227903217077255 -0,269481062889099 2,44829940795898
WristRight 0,177195936441422 -0,347070962190628 2,23688364028931
HandRight 0,151010543107986 -0,361024737358093 2,18019461631775
HipLeft -0,103794276714325 -0,413536608219147 2,42126679420471
KneeLeft -0,131081804633141 -0,522248327732086 2,13176536560059
AnkleLeft -0,155504360795021 -0,768263041973114 2,12150096893311
FootLeft -0,167924717068672 -0,830041527748108 2,09377932548523
HipRight 0,0620126277208328 -0,390580594539642 2,42859101295471
KneeRight 0,163062050938606 -0,510912775993347 2,16177368164063
AnkleRight 0,178694561123848 -0,776734113693237 2,13087344169617
FootRight 0,182516142725945 -0,823807656764984 2,07839202880859

