HipCenter 0,00162261282093823 -0,327424377202988 2,40753316879272
Spine 0,00889389775693417 -0,302278459072113 2,39131259918213
ShoulderCenter 0,0364135317504406 -0,168911129236221 2,32181096076965
Head -0,0168278440833092 -0,0283625423908234 2,16004610061646
ShoulderLeft -0,181185856461525 -0,140183135867119 2,34813523292542
ElbowLeft -0,310823321342468 -0,143100649118423 2,42599272727966
WristLeft -0,227572977542877 -0,111097246408463 2,21314001083374
HandLeft -0,19982285797596 -0,100429445505142 2,14580130577087
ShoulderRight 0,16458597779274 -0,104031510651112 2,35254526138306
ElbowRight 0,246948197484016 -0,251380383968353 2,45583772659302
WristRight 0,202013567090034 -0,365078896284103 2,33685898780823
HandRight 0,175806969404221 -0,379043996334076 2,28012418746948
HipLeft -0,0983046665787697 -0,405052304267883 2,43587279319763
KneeLeft -0,129561319947243 -0,516636788845062 2,14808416366577
AnkleLeft -0,156407058238983 -0,770124852657318 2,12069439888
FootLeft -0,153373405337334 -0,815195381641388 2,06648087501526
HipRight 0,0731189996004105 -0,387215554714203 2,44461607933044
KneeRight 0,158437684178352 -0,506291687488556 2,17172598838806
AnkleRight 0,178736731410027 -0,777100205421448 2,12976288795471
FootRight 0,181770384311676 -0,822170734405518 2,07554936408997

