HipCenter 0,00214972952380776 -0,326263934373856 2,4091808795929
Spine 0,00788120739161968 -0,30077189207077 2,39316248893738
ShoulderCenter 0,0163874011486769 -0,166542217135429 2,32834482192993
Head -0,0197279173880816 -0,0149637907743454 2,17099404335022
ShoulderLeft -0,18153615295887 -0,135576725006104 2,3500337600708
ElbowLeft -0,310969531536102 -0,145350813865662 2,42769527435303
WristLeft -0,227129727602005 -0,112298205494881 2,21527743339539
HandLeft -0,199183121323586 -0,10128066688776 2,14808368682861
ShoulderRight 0,163801446557045 -0,101568050682545 2,35408115386963
ElbowRight 0,248371928930283 -0,248819276690483 2,45547580718994
WristRight 0,201363816857338 -0,362970054149628 2,337886095047
HandRight 0,175154089927673 -0,376936793327332 2,28114485740662
HipLeft -0,0948025658726692 -0,403797805309296 2,43740820884705
KneeLeft -0,12948089838028 -0,515759408473969 2,15022587776184
AnkleLeft -0,156940490007401 -0,770817816257477 2,12024021148682
FootLeft -0,154289975762367 -0,814547598361969 2,06492948532104
HipRight 0,0823075696825981 -0,385678768157959 2,44970369338989
KneeRight 0,157531261444092 -0,505271255970001 2,17402005195618
AnkleRight 0,178658947348595 -0,776945233345032 2,12979078292847
FootRight 0,181309461593628 -0,820675015449524 2,0744800567627

