HipCenter 0,00497193587943912 -0,254201054573059 2,51387619972229
Spine 0,00183856161311269 -0,203604370355606 2,55063939094543
ShoulderCenter 0,000762629264499992 0,0894976332783699 2,58003854751587
Head -0,000815593171864748 0,282674252986908 2,55715298652649
ShoulderLeft -0,180093675851822 -0,0371732898056507 2,54800629615784
ElbowLeft -0,301524311304092 -0,145926117897034 2,52196502685547
WristLeft -0,228367298841476 -0,106043770909309 2,30685973167419
HandLeft -0,203981623053551 -0,0927496552467346 2,23875856399536
ShoulderRight 0,167383760213852 -0,0299840457737446 2,57815361022949
ElbowRight 0,231644004583359 -0,240954205393791 2,55025625228882
WristRight 0,224457904696465 -0,329646021127701 2,40278673171997
HandRight 0,19684661924839 -0,350021243095398 2,34853076934814
HipLeft -0,077449195086956 -0,335643351078033 2,49654817581177
KneeLeft -0,125643208622932 -0,491191208362579 2,17563915252686
AnkleLeft -0,159753903746605 -0,767647504806519 2,11794686317444
FootLeft -0,155182406306267 -0,791247308254242 2,05177736282349
HipRight 0,0893845558166504 -0,329778909683228 2,5023078918457
KneeRight 0,163119345903397 -0,48613116145134 2,1917998790741
AnkleRight 0,185375139117241 -0,768926620483398 2,13056230545044
FootRight 0,189946636557579 -0,792526423931122 2,06439280509949

