HipCenter 0,145277857780457 -0,00202682986855507 2,54132747650146
Spine 0,14457605779171 0,0686063095927238 2,56822872161865
ShoulderCenter 0,114507131278515 0,431468486785889 2,55896735191345
Head 0,0895788669586182 0,617440700531006 2,52671051025391
ShoulderLeft -0,0636416152119637 0,339837908744812 2,59008240699768
ElbowLeft -0,25993075966835 0,318743914365768 2,57195377349854
WristLeft -0,375041097402573 0,461851179599762 2,4854474067688
HandLeft -0,413411200046539 0,509553611278534 2,46114087104797
ShoulderRight 0,274063766002655 0,315128266811371 2,52906203269959
ElbowRight 0,383299887180328 0,0812790542840958 2,57207870483398
WristRight 0,413904905319214 -0,138576179742813 2,53611350059509
HandRight 0,418493241071701 -0,201227933168411 2,5337553024292
HipLeft 0,0843016505241394 -0,0839312151074409 2,54446077346802
KneeLeft 0,0416569150984287 -0,493721038103104 2,56377911567688
AnkleLeft -0,0115290619432926 -0,816353142261505 2,57623839378357
FootLeft -0,0533332005143166 -0,906691074371338 2,51139569282532
HipRight 0,218005269765854 -0,0696906298398972 2,52767729759216
KneeRight 0,304105490446091 -0,487664520740509 2,55900955200195
AnkleRight 0,357352137565613 -0,833486080169678 2,58847045898438
FootRight 0,395851999521255 -0,915861368179321 2,53357815742493

