HipCenter 0,19104665517807 -0,0240568965673447 2,514408826828
Spine 0,19952192902565 0,0466151647269726 2,56966948509216
ShoulderCenter 0,200378850102425 0,443902850151062 2,56844687461853
Head 0,189028039574623 0,633674681186676 2,55482578277588
ShoulderLeft 0,039123997092247 0,327317416667938 2,56259489059448
ElbowLeft -0,129246026277542 0,233167365193367 2,58625745773315
WristLeft -0,318537443876266 0,177427783608437 2,54788374900818
HandLeft -0,381634593009949 0,15884792804718 2,53961396217346
ShoulderRight 0,329341232776642 0,306661128997803 2,51781582832336
ElbowRight 0,424042046070099 0,0578496158123016 2,53024673461914
WristRight 0,431983768939972 -0,158652096986771 2,47402954101563
HandRight 0,436411380767822 -0,217099070549011 2,45692825317383
HipLeft 0,128642156720161 -0,0897561758756638 2,50949263572693
KneeLeft 0,0540066435933113 -0,493908524513245 2,54884219169617
AnkleLeft -0,017363028600812 -0,821591556072235 2,56789040565491
FootLeft -0,0443350970745087 -0,891282975673676 2,52121233940125
HipRight 0,251360982656479 -0,0875359624624252 2,50051283836365
KneeRight 0,311021119356155 -0,485079228878021 2,55374360084534
AnkleRight 0,352715134620667 -0,826678574085236 2,58747267723084
FootRight 0,392001867294312 -0,915147006511688 2,53393912315369

