HipCenter 0,186829388141632 -0,039746455848217 2,5170111656189
Spine 0,194860681891441 0,0351035594940186 2,57165598869324
ShoulderCenter 0,193828612565994 0,444849044084549 2,56698679924011
Head 0,181671276688576 0,634456217288971 2,55319881439209
ShoulderLeft 0,0377282053232193 0,315576374530792 2,55746531486511
ElbowLeft -0,11310051381588 0,144264161586761 2,58612728118896
WristLeft -0,340322196483612 0,233139231801033 2,4558892250061
HandLeft -0,401310205459595 0,254847526550293 2,44044804573059
ShoulderRight 0,324992686510086 0,306977868080139 2,51640558242798
ElbowRight 0,423776775598526 0,0587471276521683 2,53173756599426
WristRight 0,435166150331497 -0,158892497420311 2,47729277610779
HandRight 0,438484460115433 -0,217254757881165 2,46216917037964
HipLeft 0,122163482010365 -0,105103097856045 2,5182797908783
KneeLeft 0,0531823523342609 -0,4946608543396 2,54913377761841
AnkleLeft -0,0172295160591602 -0,8248011469841 2,56639409065247
FootLeft -0,045997891575098 -0,893604636192322 2,52015948295593
HipRight 0,249721467494965 -0,104053795337677 2,49934673309326
KneeRight 0,31061777472496 -0,485237717628479 2,5537703037262
AnkleRight 0,351775377988815 -0,830004930496216 2,58787417411804
FootRight 0,392134070396423 -0,916713237762451 2,53596138954163

