HipCenter -0,0181015450507402 0,136334046721458 2,52394247055054
Spine -0,0649406537413597 0,180727750062943 2,49077534675598
ShoulderCenter -0,298350155353546 0,40262308716774 2,34275484085083
Head -0,438989818096161 0,477868378162384 2,23604512214661
ShoulderLeft -0,420099347829819 0,322004497051239 2,42447257041931
ElbowLeft -0,44114875793457 0,438850790262222 2,16188311576843
WristLeft -0,534034907817841 0,361702442169189 2,34322333335876
HandLeft -0,564996957778931 0,335986316204071 2,40816044807434
ShoulderRight -0,149698942899704 0,403100520372391 2,36884617805481
ElbowRight 0,0671199709177017 0,321061670780182 2,48792099952698
WristRight 0,253700494766235 0,212406024336815 2,64266967773438
HandRight 0,261865228414536 0,13746577501297 2,66092252731323
HipLeft -0,0230699330568314 0,0650844573974609 2,54714250564575
KneeLeft -0,0556194633245468 -0,354849219322205 2,41543316841125
AnkleLeft -0,0488773174583912 -0,682753503322601 2,58580684661865
FootLeft -0,0770951807498932 -0,753422975540161 2,55770206451416
HipRight 0,0749187543988228 0,125296264886856 2,55409049987793
KneeRight 0,287776052951813 -0,309232145547867 2,66466069221497
AnkleRight 0,372344046831131 -0,658755481243134 2,65796875953674
FootRight 0,390584707260132 -0,741361200809479 2,5950345993042

