HipCenter 0,107927441596985 0,290951132774353 2,52205443382263
Spine 0,0871540084481239 0,358087003231049 2,52529096603394
ShoulderCenter -0,0235164500772953 0,690569519996643 2,48679733276367
Head -0,0847333669662476 0,851655662059784 2,43294024467468
ShoulderLeft -0,145523697137833 0,57829761505127 2,49643492698669
ElbowLeft -0,346155941486359 0,553106725215912 2,42831492424011
WristLeft -0,533254981040955 0,515193521976471 2,33622717857361
HandLeft -0,441931009292603 0,555853724479675 2,36936688423157
ShoulderRight 0,147773295640945 0,631274163722992 2,49451804161072
ElbowRight 0,316866815090179 0,432927250862122 2,56809496879578
WristRight 0,370713293552399 0,166933864355087 2,60615587234497
HandRight 0,386782497167587 0,0760964080691338 2,62343454360962
HipLeft 0,0591293647885323 0,211771801114082 2,52765583992004
KneeLeft -0,00321443262510002 -0,286600530147552 2,51477527618408
AnkleLeft -0,0393517464399338 -0,663998961448669 2,60460877418518
FootLeft -0,0617614760994911 -0,734194457530975 2,55946063995361
HipRight 0,19573113322258 0,239195257425308 2,52128005027771
KneeRight 0,295885771512985 -0,285861194133759 2,6278383731842
AnkleRight 0,35893040895462 -0,655372023582459 2,65031599998474
FootRight 0,38215297460556 -0,740983963012695 2,60413384437561

