HipCenter 0,0467113479971886 0,226146578788757 2,51603388786316
Spine 0,00611558742821217 0,282007068395615 2,49923491477966
ShoulderCenter -0,198952078819275 0,554227590560913 2,41938447952271
Head -0,280242323875427 0,701044082641602 2,32915425300598
ShoulderLeft -0,304876536130905 0,490228682756424 2,44593787193298
ElbowLeft -0,504364490509033 0,463475048542023 2,37499046325684
WristLeft -0,328857600688934 0,571509063243866 2,36266183853149
HandLeft -0,264544069766998 0,615679264068604 2,3875527381897
ShoulderRight -0,00811260193586349 0,558552920818329 2,44663977622986
ElbowRight 0,205157816410065 0,433781385421753 2,5492308139801
WristRight 0,320264726877213 0,200615167617798 2,63633036613464
HandRight 0,32917383313179 0,121533073484898 2,65565514564514
HipLeft 0,0300595220178366 0,151516184210777 2,5302677154541
KneeLeft -0,0275706555694342 -0,292617380619049 2,45541286468506
AnkleLeft -0,0390077605843544 -0,669321060180664 2,59332036972046
FootLeft -0,0708876475691795 -0,739698708057404 2,55504012107849
HipRight 0,140846133232117 0,198145404458046 2,52615094184875
KneeRight 0,289410263299942 -0,294845938682556 2,63540124893188
AnkleRight 0,359276294708252 -0,659401655197144 2,65109753608704
FootRight 0,382340908050537 -0,739919722080231 2,60684609413147

