HipCenter -0,00225774990394711 0,132082551717758 2,53581714630127
Spine -0,0514518283307552 0,176422581076622 2,50398731231689
ShoulderCenter -0,301980465650558 0,395590722560883 2,36035180091858
Head -0,435923725366592 0,485686659812927 2,25383591651917
ShoulderLeft -0,393551588058472 0,29834708571434 2,41696786880493
ElbowLeft -0,446466505527496 0,449935436248779 2,18270087242126
WristLeft -0,383745670318604 0,36146268248558 2,35685014724731
HandLeft -0,320526778697968 0,404880851507187 2,38131713867188
ShoulderRight -0,151601403951645 0,411323010921478 2,38915061950684
ElbowRight 0,0733407884836197 0,324052512645721 2,50336313247681
WristRight 0,264196157455444 0,210816472768784 2,65950584411621
HandRight 0,272670179605484 0,133036702871323 2,67845034599304
HipLeft -0,00845728255808353 0,0621948838233948 2,55401372909546
KneeLeft -0,0501047298312187 -0,365154236555099 2,41968250274658
AnkleLeft -0,0473076850175858 -0,676475942134857 2,58455228805542
FootLeft -0,0728385522961617 -0,749624669551849 2,55592346191406
HipRight 0,087232805788517 0,125298529863358 2,56336855888367
KneeRight 0,287174493074417 -0,308276414871216 2,66698670387268
AnkleRight 0,368405163288116 -0,660384654998779 2,66023850440979
FootRight 0,38531756401062 -0,740884304046631 2,61137104034424

