HipCenter 0,0943195521831512 0,233981549739838 2,5358293056488
Spine 0,0911430343985558 0,301237404346466 2,59820890426636
ShoulderCenter 0,0708203166723251 0,699724614620209 2,61296486854553
Head 0,0676082894206047 0,867771446704865 2,58348655700684
ShoulderLeft -0,0698541104793549 0,566205084323883 2,58315920829773
ElbowLeft -0,117915779352188 0,30509626865387 2,50359344482422
WristLeft -0,146569803357124 0,106173723936081 2,38878631591797
HandLeft -0,170591369271278 0,0417638570070267 2,32905244827271
ShoulderRight 0,203761801123619 0,565779626369476 2,58138918876648
ElbowRight 0,285740464925766 0,29340535402298 2,56288743019104
WristRight 0,310380190610886 0,0696748495101929 2,5335795879364
HandRight 0,316388100385666 0,00379315763711929 2,52114844322205
HipLeft 0,0356554090976715 0,17057266831398 2,52073264122009
KneeLeft 0,0429444536566734 -0,286399483680725 2,62806439399719
AnkleLeft 0,0539240427315235 -0,649013102054596 2,60313057899475
FootLeft 0,083008885383606 -0,714323580265045 2,56496262550354
HipRight 0,158636465668678 0,176271453499794 2,5267288684845
KneeRight 0,135070204734802 -0,299228489398956 2,6232225894928
AnkleRight 0,130055636167526 -0,65411239862442 2,59942984580994
FootRight 0,100981742143631 -0,718807220458984 2,56220769882202

