HipCenter 0,0876227766275406 0,23420287668705 2,53989553451538
Spine 0,0812446400523186 0,301828116178513 2,60080790519714
ShoulderCenter 0,064248763024807 0,699143886566162 2,61290526390076
Head 0,0638670474290848 0,866808652877808 2,59027004241943
ShoulderLeft -0,0839896127581596 0,556180834770203 2,57512593269348
ElbowLeft -0,219450324773788 0,432618200778961 2,34981751441956
WristLeft -0,300992965698242 0,339663356542587 2,14102125167847
HandLeft -0,304256081581116 0,344442188739777 2,11681199073792
ShoulderRight 0,202439457178116 0,563493728637695 2,58912968635559
ElbowRight 0,284138917922974 0,300658673048019 2,57805752754211
WristRight 0,30288964509964 0,07228983938694 2,53860330581665
HandRight 0,315487235784531 0,00670579448342323 2,53095030784607
HipLeft 0,026947271078825 0,168655559420586 2,52343320846558
KneeLeft 0,0309043265879154 -0,224680602550507 2,61831545829773
AnkleLeft 0,0310009252279997 -0,510488748550415 2,62477588653564
FootLeft 0,0344507023692131 -0,548256099224091 2,53871631622314
HipRight 0,155642703175545 0,173524960875511 2,53294658660889
KneeRight 0,140363290905952 -0,225177571177483 2,61667680740356
AnkleRight 0,17890739440918 -0,50435346364975 2,62989377975464
FootRight 0,155137464404106 -0,606805086135864 2,60468363761902

