HipCenter 0,092194952070713 0,244456931948662 2,54390358924866
Spine 0,0830612927675247 0,310622334480286 2,60562443733215
ShoulderCenter 0,0752325803041458 0,70789110660553 2,62397933006287
Head 0,0765018984675407 0,872199654579163 2,60516405105591
ShoulderLeft -0,0627420991659164 0,595762491226196 2,57490086555481
ElbowLeft -0,18732638657093 0,662807166576386 2,36731028556824
WristLeft -0,29899275302887 0,767501771450043 2,1328706741333
HandLeft -0,320236176252365 0,796565294265747 2,0677638053894
ShoulderRight 0,214821219444275 0,569194972515106 2,60222744941711
ElbowRight 0,28931137919426 0,306504398584366 2,5836009979248
WristRight 0,299896746873856 0,0137704787775874 2,52076029777527
HandRight 0,366903871297836 0,00497833732515574 2,51881146430969
HipLeft 0,0330223105847836 0,182964995503426 2,52260708808899
KneeLeft 0,0501018799841404 -0,294824123382568 2,62979459762573
AnkleLeft 0,0537969768047333 -0,635895192623138 2,60407137870789
FootLeft 0,0854507386684418 -0,716215074062347 2,5646710395813
HipRight 0,15619184076786 0,181664630770683 2,54016280174255
KneeRight 0,14328333735466 -0,298845380544662 2,62374210357666
AnkleRight 0,124900355935097 -0,649040222167969 2,6040415763855
FootRight 0,106243543326855 -0,719889998435974 2,56374645233154

