HipCenter 0,0930562764406204 0,244877845048904 2,54447078704834
Spine 0,0841403529047966 0,311004817485809 2,60621523857117
ShoulderCenter 0,0763835161924362 0,707234799861908 2,62425327301025
Head 0,0771280750632286 0,872038900852203 2,6052577495575
ShoulderLeft -0,0625271201133728 0,596053540706635 2,57577538490295
ElbowLeft -0,183647215366364 0,660189270973206 2,36572217941284
WristLeft -0,29948690533638 0,76463520526886 2,12964034080505
HandLeft -0,320239275693893 0,794668734073639 2,06714224815369
ShoulderRight 0,214848458766937 0,569200277328491 2,60226917266846
ElbowRight 0,283879935741425 0,306581079959869 2,57545900344849
WristRight 0,312933534383774 0,0191835071891546 2,52571225166321
HandRight 0,341911882162094 -0,0417782962322235 2,52215814590454
HipLeft 0,0338551886379719 0,183502390980721 2,52334475517273
KneeLeft 0,0358944498002529 -0,23031747341156 2,61551475524902
AnkleLeft 0,0243790708482265 -0,509671032428741 2,63258004188538
FootLeft 0,0507674142718315 -0,610227823257446 2,60316491127014
HipRight 0,157039314508438 0,1822719424963 2,54048418998718
KneeRight 0,151967391371727 -0,295628726482391 2,62397170066834
AnkleRight 0,188117429614067 -0,572549700737 2,64297938346863
FootRight 0,145904138684273 -0,660655081272125 2,59684109687805

