HipCenter 0,0941442996263504 0,246368750929832 2,54455280303955
Spine 0,0850982517004013 0,312148660421371 2,60639142990112
ShoulderCenter 0,0785509720444679 0,706683933734894 2,62492203712463
Head 0,0784378051757813 0,871124446392059 2,60556745529175
ShoulderLeft -0,06217210739851 0,596311926841736 2,57597351074219
ElbowLeft -0,182927817106247 0,659014701843262 2,36539006233215
WristLeft -0,299550712108612 0,762845993041992 2,13005566596985
HandLeft -0,320337563753128 0,793456733226776 2,06648087501526
ShoulderRight 0,217625185847282 0,568965971469879 2,60405468940735
ElbowRight 0,284378975629807 0,300953805446625 2,57382035255432
WristRight 0,307842522859573 0,0166324730962515 2,52308249473572
HandRight 0,361494988203049 -0,0243774671107531 2,52449727058411
HipLeft 0,0344727709889412 0,184631869196892 2,52307391166687
KneeLeft 0,0517846159636974 -0,294163972139359 2,62830805778503
AnkleLeft 0,0597745403647423 -0,64452451467514 2,60172629356384
FootLeft 0,0868742391467094 -0,710910737514496 2,56645154953003
HipRight 0,158344492316246 0,183763593435287 2,54056930541992
KneeRight 0,147651106119156 -0,30645015835762 2,62686800956726
AnkleRight 0,165465772151947 -0,585971236228943 2,63601088523865
FootRight 0,133671686053276 -0,676290929317474 2,58580684661865

