HipCenter 0,0957930684089661 0,251969397068024 2,54179167747498
Spine 0,0874760970473289 0,316295146942139 2,6042058467865
ShoulderCenter 0,0798270776867867 0,706650078296661 2,62445163726807
Head 0,0790623426437378 0,870747566223145 2,60522317886353
ShoulderLeft -0,0623568929731846 0,596893787384033 2,57768487930298
ElbowLeft -0,184726759791374 0,654823184013367 2,36716341972351
WristLeft -0,301204651594162 0,75986784696579 2,13221383094788
HandLeft -0,322769016027451 0,791103065013886 2,06728482246399
ShoulderRight 0,217141821980476 0,567313551902771 2,60159254074097
ElbowRight 0,286675721406937 0,300633788108826 2,57376050949097
WristRight 0,306542128324509 0,0201146602630615 2,51970791816711
HandRight 0,351721376180649 -0,0299741737544537 2,52018642425537
HipLeft 0,0350936353206635 0,192865759134293 2,51990008354187
KneeLeft 0,0302191134542227 -0,23460291326046 2,61735844612122
AnkleLeft 0,0248349830508232 -0,528627872467041 2,6215934753418
FootLeft 0,0337817780673504 -0,566143453121185 2,53596448898315
HipRight 0,1606625020504 0,187168896198273 2,53695583343506
KneeRight 0,146635085344315 -0,249349474906921 2,61316061019897
AnkleRight 0,14618282020092 -0,588090896606445 2,61229634284973
FootRight 0,155129611492157 -0,62560647726059 2,52666735649109

