HipCenter 0,134381830692291 0,062837578356266 2,51611661911011
Spine 0,124880686402321 0,125279292464256 2,57953214645386
ShoulderCenter 0,141425520181656 0,5111945271492 2,61253833770752
Head 0,152625665068626 0,68729966878891 2,60518431663513
ShoulderLeft 0,00865638442337513 0,399052113294601 2,54714059829712
ElbowLeft -0,189554691314697 0,495314538478851 2,36783695220947
WristLeft -0,361148327589035 0,593508899211884 2,17254376411438
HandLeft -0,402929574251175 0,622656166553497 2,11375641822815
ShoulderRight 0,296600818634033 0,382017731666565 2,60383343696594
ElbowRight 0,321441769599915 0,119667582213879 2,56455612182617
WristRight 0,322987049818039 -0,0835889652371407 2,45051884651184
HandRight 0,320014774799347 -0,141731649637222 2,4192476272583
HipLeft 0,0701300501823425 0,00467042997479439 2,48339867591858
KneeLeft 0,0097987987101078 -0,508306860923767 2,47900676727295
AnkleLeft 0,0148101560771465 -0,839214324951172 2,47557067871094
FootLeft 0,00478930585086346 -0,921957015991211 2,44162917137146
HipRight 0,196760535240173 -0,00932388473302126 2,51683902740479
KneeRight 0,225394442677498 -0,519389748573303 2,48915362358093
AnkleRight 0,255062162876129 -0,832590341567993 2,50147914886475
FootRight 0,249173164367676 -0,908133387565613 2,44192552566528

