HipCenter 0,131147027015686 0,0648886486887932 2,51283597946167
Spine 0,123479247093201 0,127858594059944 2,57600593566895
ShoulderCenter 0,138385340571404 0,513002514839172 2,60463285446167
Head 0,150350317358971 0,688805520534515 2,59685635566711
ShoulderLeft 0,000971098721493036 0,40573114156723 2,54421067237854
ElbowLeft -0,191676318645477 0,494582951068878 2,36014533042908
WristLeft -0,359623074531555 0,584883868694305 2,17450904846191
HandLeft -0,408714026212692 0,612821817398071 2,10495662689209
ShoulderRight 0,285434901714325 0,379908472299576 2,58865737915039
ElbowRight 0,324104517698288 0,125788137316704 2,56138372421265
WristRight 0,323105245828629 -0,0801942497491837 2,45223641395569
HandRight 0,322125524282455 -0,139103770256042 2,41974520683289
HipLeft 0,0668335855007172 0,00737377814948559 2,48083734512329
KneeLeft 0,0101194120943546 -0,510772466659546 2,48102140426636
AnkleLeft 0,0109596299007535 -0,818286776542664 2,47809481620789
FootLeft 0,00954560469835997 -0,917134404182434 2,43896889686584
HipRight 0,193078100681305 -0,00675574969500303 2,51357769966125
KneeRight 0,22612652182579 -0,51364266872406 2,48982667922974
AnkleRight 0,253310322761536 -0,82208925485611 2,50238633155823
FootRight 0,247265309095383 -0,906009376049042 2,43909692764282

