HipCenter 0,0738965645432472 0,207764744758606 2,42978072166443
Spine 0,0950921326875687 0,274226576089859 2,47027349472046
ShoulderCenter 0,0798577070236206 0,600163757801056 2,46502327919006
Head 0,0368700213730335 0,844973802566528 2,48595333099365
ShoulderLeft -0,0582139939069748 0,580235004425049 2,46310687065125
ElbowLeft 0,0689305514097214 0,648347556591034 2,3211886882782
WristLeft 0,216113463044167 0,485417991876602 2,27269864082336
HandLeft 0,273583889007568 0,462372809648514 2,29289555549622
ShoulderRight 0,15536804497242 0,572833836078644 2,3479962348938
ElbowRight 0,250355929136276 0,415338575839996 2,30250716209412
WristRight 0,146757930517197 0,566770434379578 2,2658007144928
HandRight 0,0698769316077232 0,579754233360291 2,22622489929199
HipLeft 0,0221186149865389 0,157828226685524 2,43610692024231
KneeLeft -0,00896900054067373 -0,279793441295624 2,49122262001038
AnkleLeft 0,00928707607090473 -0,652316689491272 2,4896445274353
FootLeft -0,0252210330218077 -0,684753000736237 2,42609643936157
HipRight 0,125592157244682 0,160453826189041 2,41419053077698
KneeRight 0,200250878930092 -0,278608232736588 2,48648023605347
AnkleRight 0,200155720114708 -0,656473100185394 2,4998893737793
FootRight 0,165647611021996 -0,688909411430359 2,43634128570557

