HipCenter 0,0741651803255081 0,208247661590576 2,43048810958862
Spine 0,0947141349315643 0,273216426372528 2,46981334686279
ShoulderCenter 0,0800260081887245 0,60070937871933 2,46133089065552
Head 0,0370817147195339 0,846575260162354 2,48368644714355
ShoulderLeft -0,0554470792412758 0,582283318042755 2,46170687675476
ElbowLeft 0,073316402733326 0,651502132415771 2,31632041931152
WristLeft 0,16433247923851 0,491977602243423 2,31052565574646
HandLeft 0,194671168923378 0,438802748918533 2,31291580200195
ShoulderRight 0,156197309494019 0,572599649429321 2,34912204742432
ElbowRight 0,249888151884079 0,415763437747955 2,30347633361816
WristRight 0,146980449557304 0,566090643405914 2,26611542701721
HandRight 0,0702349469065666 0,579051554203033 2,22660970687866
HipLeft 0,0216955579817295 0,158185347914696 2,43720054626465
KneeLeft -0,00881486851722002 -0,280108422040939 2,49117851257324
AnkleLeft 0,00982945505529642 -0,652583181858063 2,49002170562744
FootLeft -0,0242631137371063 -0,685236871242523 2,42629289627075
HipRight 0,125943183898926 0,160314098000526 2,41457152366638
KneeRight 0,200691238045692 -0,278780728578568 2,48671531677246
AnkleRight 0,200404301285744 -0,655964314937592 2,49999570846558
FootRight 0,186912313103676 -0,728549301624298 2,47407245635986

