HipCenter 0,0772931128740311 0,210340932011604 2,42338967323303
Spine 0,0950568318367004 0,273651629686356 2,45614266395569
ShoulderCenter 0,0807663351297379 0,606536626815796 2,44704484939575
Head 0,0414814278483391 0,860816657543182 2,47349739074707
ShoulderLeft -0,0537765920162201 0,584614038467407 2,451988697052
ElbowLeft 0,0807331949472427 0,586849629878998 2,28931951522827
WristLeft 0,226047202944756 0,485415607690811 2,26622653007507
HandLeft 0,267378240823746 0,473636418581009 2,28757357597351
ShoulderRight 0,15199887752533 0,557551383972168 2,33588027954102
ElbowRight 0,255309581756592 0,413388431072235 2,30337977409363
WristRight 0,153364688158035 0,556440472602844 2,26503705978394
HandRight 0,00273394235409796 0,560136079788208 2,18285369873047
HipLeft 0,0265884194523096 0,161927044391632 2,43059539794922
KneeLeft -0,00643161591142416 -0,280124306678772 2,48659753799438
AnkleLeft 0,0114556327462196 -0,652577638626099 2,49029159545898
FootLeft -0,0237978249788284 -0,685697793960571 2,42732834815979
HipRight 0,125263333320618 0,164387717843056 2,40878939628601
KneeRight 0,202541261911392 -0,279707372188568 2,4853458404541
AnkleRight 0,202515572309494 -0,653144478797913 2,49859166145325
FootRight 0,188965067267418 -0,725675702095032 2,47295355796814

