HipCenter 0,074658676981926 0,21174855530262 2,42771172523499
Spine 0,0947040915489197 0,274934113025665 2,46327066421509
ShoulderCenter 0,0815338268876076 0,612707316875458 2,45601224899292
Head 0,0410287790000439 0,86311936378479 2,47909545898438
ShoulderLeft -0,0529224649071693 0,583054184913635 2,45395851135254
ElbowLeft 0,0694677829742432 0,651322960853577 2,316814661026
WristLeft 0,213942185044289 0,55045348405838 2,29714727401733
HandLeft 0,261340886354446 0,534440338611603 2,31782984733582
ShoulderRight 0,14948682487011 0,570399820804596 2,33848404884338
ElbowRight 0,246134489774704 0,423127710819244 2,30541300773621
WristRight 0,146178096532822 0,565807342529297 2,26537299156189
HandRight 0,0695643723011017 0,578746020793915 2,22593474388123
HipLeft 0,0245702359825373 0,164920091629028 2,43658447265625
KneeLeft -0,00721229333430529 -0,280689388513565 2,48776960372925
AnkleLeft 0,0108328880742192 -0,649384498596191 2,49194717407227
FootLeft -0,0250666588544846 -0,682229042053223 2,42919158935547
HipRight 0,122817404568195 0,164917469024658 2,41012382507324
KneeRight 0,20209439098835 -0,281402677297592 2,4866316318512
AnkleRight 0,201677694916725 -0,653436362743378 2,49854826927185
FootRight 0,188131242990494 -0,725736677646637 2,47335767745972

