HipCenter 0,0767336562275887 0,207167267799377 2,43080639839172
Spine 0,0976134613156319 0,271298825740814 2,4681510925293
ShoulderCenter 0,084869347512722 0,61162269115448 2,46070075035095
Head 0,0442009940743446 0,862486660480499 2,49040961265564
ShoulderLeft -0,0483388230204582 0,589006900787354 2,46296262741089
ElbowLeft 0,0737852677702904 0,62920343875885 2,32099771499634
WristLeft 0,213154315948486 0,525164067745209 2,30759811401367
HandLeft 0,259620726108551 0,51033353805542 2,32785415649414
ShoulderRight 0,158184126019478 0,567622482776642 2,34438991546631
ElbowRight 0,249882191419601 0,420320987701416 2,30762529373169
WristRight 0,151995033025742 0,561863303184509 2,26982474327087
HandRight 0,00157884275540709 0,56449568271637 2,18779802322388
HipLeft 0,0258195381611586 0,15882633626461 2,43827509880066
KneeLeft -0,00685249362140894 -0,280732959508896 2,49034023284912
AnkleLeft 0,0118409534916282 -0,653523921966553 2,49000358581543
FootLeft -0,0240117125213146 -0,686286330223084 2,42717695236206
HipRight 0,126470476388931 0,160156384110451 2,41426992416382
KneeRight 0,202656835317612 -0,28105029463768 2,48675012588501
AnkleRight 0,202579259872437 -0,650640487670898 2,49848985671997
FootRight 0,166726589202881 -0,683402895927429 2,4356632232666

