HipCenter 0,0611932203173637 0,228491932153702 2,43286657333374
Spine 0,0682291761040688 0,28668013215065 2,47308969497681
ShoulderCenter 0,0532290935516357 0,598329126834869 2,45656108856201
Head 0,0223232749849558 0,83678126335144 2,4931857585907
ShoulderLeft -0,0707395374774933 0,587223649024963 2,45489883422852
ElbowLeft 0,130156591534615 0,554216802120209 2,26792192459106
WristLeft 0,275829672813416 0,417686104774475 2,27320504188538
HandLeft 0,33433324098587 0,394226729869843 2,2937650680542
ShoulderRight 0,190511465072632 0,567208170890808 2,39729881286621
ElbowRight 0,208181142807007 0,405585139989853 2,25293827056885
WristRight 0,269241988658905 0,589423298835754 2,29115414619446
HandRight 0,289595603942871 0,650702714920044 2,30846691131592
HipLeft -0,00021695886971429 0,16713759303093 2,43867468833923
KneeLeft -0,0126558467745781 -0,278002023696899 2,49259400367737
AnkleLeft 0,0103607336059213 -0,649585962295532 2,49332141876221
FootLeft -0,00520350132137537 -0,682736456394196 2,42272257804871
HipRight 0,125181540846825 0,170819342136383 2,41489458084106
KneeRight 0,193895012140274 -0,272432208061218 2,48583841323853
AnkleRight 0,20135486125946 -0,655162692070007 2,50266003608704
FootRight 0,186923936009407 -0,726751029491425 2,47722244262695

