HipCenter 0,0791433155536652 0,207210585474968 2,43078422546387
Spine 0,0974703058600426 0,271247327327728 2,46326303482056
ShoulderCenter 0,0854816064238548 0,601286888122559 2,45315384864807
Head 0,043371245265007 0,861228287220001 2,48285102844238
ShoulderLeft -0,0504448488354683 0,586921572685242 2,45731449127197
ElbowLeft 0,0688494071364403 0,64333713054657 2,32343244552612
WristLeft 0,213082373142242 0,492551147937775 2,27373695373535
HandLeft 0,270552933216095 0,469505965709686 2,29393410682678
ShoulderRight 0,153161376714706 0,568539798259735 2,34132838249207
ElbowRight 0,24966424703598 0,43120551109314 2,30826306343079
WristRight 0,153787657618523 0,566178560256958 2,26683235168457
HandRight 0,0769216120243073 0,57915985584259 2,2272641658783
HipLeft 0,0283263549208641 0,158991977572441 2,43716430664063
KneeLeft -0,00648250058293343 -0,280921816825867 2,48981857299805
AnkleLeft 0,0115042813122272 -0,655678153038025 2,48823952674866
FootLeft -0,0242459774017334 -0,688828527927399 2,42543888092041
HipRight 0,128952175378799 0,160583645105362 2,41500377655029
KneeRight 0,202938854694366 -0,281769752502441 2,48798680305481
AnkleRight 0,203202202916145 -0,65676349401474 2,49798488616943
FootRight 0,188872158527374 -0,728661239147186 2,47167229652405

