HipCenter 0,0797813683748245 0,207427635788918 2,42980718612671
Spine 0,0968486219644547 0,27322918176651 2,46127128601074
ShoulderCenter 0,0885071456432343 0,626110911369324 2,44856429100037
Head 0,0443603247404099 0,861404180526733 2,47901606559753
ShoulderLeft -0,051432941108942 0,585165739059448 2,45825481414795
ElbowLeft 0,0764630138874054 0,647333979606628 2,31803059577942
WristLeft 0,216335147619247 0,494061142206192 2,27440237998962
HandLeft 0,273805677890778 0,471015989780426 2,29459929466248
ShoulderRight 0,17765611410141 0,554200887680054 2,33737444877625
ElbowRight 0,260375708341599 0,40841081738472 2,30593681335449
WristRight 0,167804807424545 0,546391487121582 2,27025651931763
HandRight 0,0909408554434776 0,559372425079346 2,23068952560425
HipLeft 0,0273188892751932 0,158134818077087 2,4359085559845
KneeLeft -0,00597260054200888 -0,279838860034943 2,48910880088806
AnkleLeft 0,0119579201564193 -0,65706205368042 2,48925614356995
FootLeft -0,0215405263006687 -0,690431773662567 2,42535805702209
HipRight 0,131037473678589 0,15955263376236 2,41444969177246
KneeRight 0,203300580382347 -0,281370252370834 2,48739838600159
AnkleRight 0,20269350707531 -0,656129598617554 2,49795722961426
FootRight 0,188357725739479 -0,727108836174011 2,47161722183228

