HipCenter 0,0867117270827293 0,207014828920364 2,43160676956177
Spine 0,105263434350491 0,270298391580582 2,46670341491699
ShoulderCenter 0,0889197289943695 0,604509234428406 2,45768642425537
Head 0,0478988066315651 0,85829496383667 2,48132538795471
ShoulderLeft -0,0421382524073124 0,58082240819931 2,46000528335571
ElbowLeft 0,0797040313482285 0,642609715461731 2,32094287872314
WristLeft 0,215665340423584 0,493107438087463 2,27767515182495
HandLeft 0,273135930299759 0,470062255859375 2,2978720664978
ShoulderRight 0,169426396489143 0,565607309341431 2,34378933906555
ElbowRight 0,2606161236763 0,42781001329422 2,30841588973999
WristRight 0,166589349508286 0,56170916557312 2,27040410041809
HandRight 0,014893414452672 0,56655478477478 2,18829202651978
HipLeft 0,0335035473108292 0,15738071501255 2,43733525276184
KneeLeft -0,00448632566258311 -0,278726249933243 2,48729419708252
AnkleLeft 0,0121052991598845 -0,652619957923889 2,48885822296143
FootLeft -0,0228092279285192 -0,685768961906433 2,42543363571167
HipRight 0,13864141702652 0,159294992685318 2,41651368141174
KneeRight 0,206599235534668 -0,280794382095337 2,48865652084351
AnkleRight 0,205504104495049 -0,65475332736969 2,49852752685547
FootRight 0,189587011933327 -0,728996992111206 2,47410893440247

