HipCenter 0,0778677985072136 0,211850106716156 2,42512893676758
Spine 0,0958507284522057 0,274855941534042 2,45640587806702
ShoulderCenter 0,0777914747595787 0,622223794460297 2,4470808506012
Head 0,0371596440672874 0,858035266399384 2,47606539726257
ShoulderLeft -0,0540329031646252 0,582575023174286 2,45560336112976
ElbowLeft 0,0788378715515137 0,515004515647888 2,27049851417542
WristLeft 0,238065809011459 0,493645012378693 2,27928948402405
HandLeft 0,267716109752655 0,474331706762314 2,29578375816345
ShoulderRight 0,150241523981094 0,571144938468933 2,33815789222717
ElbowRight 0,245105743408203 0,440116196870804 2,30427384376526
WristRight 0,156371459364891 0,572280406951904 2,2615807056427
HandRight 0,0795271620154381 0,585258007049561 2,22202372550964
HipLeft 0,0275920629501343 0,163342118263245 2,43360185623169
KneeLeft -0,0062347324565053 -0,281372308731079 2,48496603965759
AnkleLeft 0,0118434624746442 -0,655449450016022 2,48948884010315
FootLeft -0,0244408808648586 -0,689024090766907 2,42677807807922
HipRight 0,127534359693527 0,164589986205101 2,40794110298157
KneeRight 0,203373074531555 -0,280441224575043 2,48450565338135
AnkleRight 0,204195961356163 -0,652023911476135 2,49852919578552
FootRight 0,18775874376297 -0,72538560628891 2,47417736053467

