HipCenter 0,375009506940842 0,0264016930013895 2,16884016990662
Spine 0,377818167209625 0,0891003161668777 2,23363971710205
ShoulderCenter 0,390819787979126 0,477937877178192 2,26311373710632
Head 0,377734541893005 0,666964471340179 2,22780895233154
ShoulderLeft 0,216120466589928 0,334674209356308 2,20703673362732
ElbowLeft 0,143017053604126 0,11724928021431 2,20002102851868
WristLeft 0,305988788604736 0,177381813526154 1,9885528087616
HandLeft 0,356886625289917 0,192186459898949 1,96175611019135
ShoulderRight 0,52908718585968 0,345786929130554 2,20900464057922
ElbowRight 0,609856247901917 0,0878622531890869 2,19670057296753
WristRight 0,613020837306976 -0,116260647773743 2,12438154220581
HandRight 0,610605299472809 -0,182196959853172 2,10976552963257
HipLeft 0,302361965179443 -0,0417696796357632 2,15112066268921
KneeLeft 0,29399847984314 -0,468982726335526 2,21621203422546
AnkleLeft 0,285851359367371 -0,784764409065247 2,23956108093262
FootLeft 0,284443348646164 -0,860947489738464 2,20361256599426
HipRight 0,442970961332321 -0,0424875020980835 2,1541633605957
KneeRight 0,458851307630539 -0,479740142822266 2,21381998062134
AnkleRight 0,476396292448044 -0,802968561649323 2,23746538162231
FootRight 0,481779485940933 -0,866403162479401 2,2055549621582

