HipCenter 0,374354600906372 0,0259772315621376 2,16997027397156
Spine 0,377006083726883 0,0888225212693214 2,23506474494934
ShoulderCenter 0,389178842306137 0,478278309106827 2,26549673080444
Head 0,377588361501694 0,667074799537659 2,23208856582642
ShoulderLeft 0,216868653893471 0,334176063537598 2,20787763595581
ElbowLeft 0,13281112909317 0,103793136775494 2,24389505386353
WristLeft 0,257531672716141 0,186359465122223 2,01268196105957
HandLeft 0,350580036640167 0,193989247083664 1,95750784873962
ShoulderRight 0,527779281139374 0,343346863985062 2,20955109596252
ElbowRight 0,610279262065887 0,0840755850076675 2,19802188873291
WristRight 0,61301988363266 -0,120188340544701 2,12533903121948
HandRight 0,61207789182663 -0,182543501257896 2,11186790466309
HipLeft 0,302118599414825 -0,0415131822228432 2,1523745059967
KneeLeft 0,294118016958237 -0,470361948013306 2,21625566482544
AnkleLeft 0,286761701107025 -0,783219218254089 2,23936772346497
FootLeft 0,285702526569366 -0,862659573554993 2,20356726646423
HipRight 0,44176173210144 -0,0424661971628666 2,15469551086426
KneeRight 0,458632290363312 -0,480432718992233 2,21441173553467
AnkleRight 0,476833879947662 -0,802656590938568 2,23760795593262
FootRight 0,481712639331818 -0,866994142532349 2,20524406433105

