HipCenter 0,374338507652283 0,025846129283309 2,17040371894836
Spine 0,376893371343613 0,088718369603157 2,23547697067261
ShoulderCenter 0,389061719179153 0,478426873683929 2,26586151123047
Head 0,377559661865234 0,66735303401947 2,23256206512451
ShoulderLeft 0,216570496559143 0,333963513374329 2,20881271362305
ElbowLeft 0,142658770084381 0,13125804066658 2,18755054473877
WristLeft 0,306966781616211 0,170933306217194 1,98000550270081
HandLeft 0,348366975784302 0,192072615027428 1,95471978187561
ShoulderRight 0,528626143932343 0,343492954969406 2,21090579032898
ElbowRight 0,610324084758759 0,0831247940659523 2,19866967201233
WristRight 0,613417685031891 -0,121199987828732 2,12588143348694
HandRight 0,61224353313446 -0,182174578309059 2,1128077507019
HipLeft 0,301944136619568 -0,0420268699526787 2,15326499938965
KneeLeft 0,294513195753098 -0,470826655626297 2,21632385253906
AnkleLeft 0,286712944507599 -0,784181714057922 2,24075388908386
FootLeft 0,286265105009079 -0,862567186355591 2,20518040657043
HipRight 0,44205904006958 -0,0427713580429554 2,1549391746521
KneeRight 0,458716839551926 -0,480409801006317 2,21447420120239
AnkleRight 0,477118402719498 -0,802528262138367 2,2379469871521
FootRight 0,481577396392822 -0,866941154003143 2,20502853393555

