HipCenter 0,375508099794388 0,0219147875905037 2,16739964485168
Spine 0,381098955869675 0,0851356983184814 2,23533487319946
ShoulderCenter 0,411127924919128 0,487372428178787 2,28304147720337
Head 0,406151175498962 0,674593210220337 2,26590204238892
ShoulderLeft 0,240651726722717 0,34900364279747 2,22731375694275
ElbowLeft 0,13435272872448 0,143831700086594 2,18086886405945
WristLeft -0,0961069166660309 0,135827332735062 2,07710957527161
HandLeft -0,116947941482067 0,227596163749695 2,05404210090637
ShoulderRight 0,548322737216949 0,340856492519379 2,22786235809326
ElbowRight 0,609255313873291 0,077184721827507 2,19303131103516
WristRight 0,60643994808197 -0,125964000821114 2,11665391921997
HandRight 0,602638959884644 -0,189392104744911 2,10002589225769
HipLeft 0,298996806144714 -0,0412325225770473 2,1456286907196
KneeLeft 0,289143234491348 -0,47416689991951 2,21502709388733
AnkleLeft 0,282765716314316 -0,783303022384644 2,23832988739014
FootLeft 0,284989655017853 -0,864742934703827 2,20684933662415
HipRight 0,441440373659134 -0,0478460751473904 2,15259432792664
KneeRight 0,456305980682373 -0,480656206607819 2,21936964988709
AnkleRight 0,477279752492905 -0,805343449115753 2,24584627151489
FootRight 0,483038276433945 -0,867492318153381 2,20867109298706

