HipCenter 0,374436438083649 0,022059353068471 2,16848564147949
Spine 0,380810707807541 0,0852935239672661 2,23592615127563
ShoulderCenter 0,405008912086487 0,482787102460861 2,2766535282135
Head 0,396134614944458 0,667704820632935 2,24127459526062
ShoulderLeft 0,229525282979012 0,347117066383362 2,22819590568542
ElbowLeft 0,199417531490326 0,0942233353853226 2,11520218849182
WristLeft 0,0683294683694839 0,173019677400589 1,94411540031433
HandLeft 0,0619591325521469 0,250305861234665 1,92587351799011
ShoulderRight 0,544463872909546 0,339526474475861 2,22176933288574
ElbowRight 0,608505427837372 0,0782907158136368 2,193692445755
WristRight 0,607291996479034 -0,125578030943871 2,11949968338013
HandRight 0,604785442352295 -0,188011392951012 2,10449910163879
HipLeft 0,296826660633087 -0,0429165624082088 2,14816093444824
KneeLeft 0,289418905973434 -0,475231260061264 2,2165310382843
AnkleLeft 0,283433198928833 -0,786175072193146 2,23875999450684
FootLeft 0,285584300756454 -0,862660706043243 2,20515441894531
HipRight 0,442106783390045 -0,0482406690716743 2,1528217792511
KneeRight 0,457373470067978 -0,48018205165863 2,21897649765015
AnkleRight 0,477905422449112 -0,805788516998291 2,24486613273621
FootRight 0,483223646879196 -0,867052435874939 2,2081344127655

