HipCenter 0,231957376003265 0,196599781513214 2,25197196006775
Spine 0,234932333230972 0,259812831878662 2,30580902099609
ShoulderCenter 0,242469117045403 0,619450271129608 2,30146789550781
Head 0,231228604912758 0,79086309671402 2,28137063980103
ShoulderLeft 0,0815926566720009 0,494919657707214 2,30412888526917
ElbowLeft 0,00484985765069723 0,304175436496735 2,28395652770996
WristLeft -0,220294803380966 0,37579944729805 2,26828122138977
HandLeft -0,266322642564774 0,404305279254913 2,25375366210938
ShoulderRight 0,393844783306122 0,503866732120514 2,29643511772156
ElbowRight 0,42116779088974 0,266365051269531 2,25673937797546
WristRight 0,426261723041534 0,0752176716923714 2,18512487411499
HandRight 0,421697407960892 0,0111718839034438 2,15011882781982
HipLeft 0,158941298723221 0,126445457339287 2,24141335487366
KneeLeft 0,143525272607803 -0,322617709636688 2,21370434761047
AnkleLeft 0,204741328954697 -0,646816194057465 2,31769967079163
FootLeft 0,2017782330513 -0,686581194400787 2,22792744636536
HipRight 0,301811963319778 0,127610549330711 2,24263000488281
KneeRight 0,300647735595703 -0,327674716711044 2,2177460193634
AnkleRight 0,302923232316971 -0,653144001960754 2,33429574966431
FootRight 0,309498697519302 -0,734824895858765 2,31828165054321

