HipCenter 0,240041464567184 0,205645948648453 2,25404667854309
Spine 0,23358017206192 0,266641706228256 2,30746722221375
ShoulderCenter 0,22974893450737 0,616888880729675 2,30303168296814
Head 0,22191509604454 0,783204317092896 2,28099346160889
ShoulderLeft 0,0790761262178421 0,507937729358673 2,29144048690796
ElbowLeft 0,0336662009358406 0,272702753543854 2,24224305152893
WristLeft 0,0135044064372778 0,358114302158356 2,01088619232178
HandLeft 0,0154270883649588 0,375338852405548 2,00116848945618
ShoulderRight 0,390000492334366 0,516324996948242 2,32213306427002
ElbowRight 0,429450929164886 0,284076988697052 2,29417037963867
WristRight 0,437913954257965 0,0741109997034073 2,21167993545532
HandRight 0,442850649356842 0,0184617172926664 2,17761921882629
HipLeft 0,172259792685509 0,133499339222908 2,2326672077179
KneeLeft 0,150245130062103 -0,328929007053375 2,20404553413391
AnkleLeft 0,206470742821693 -0,648379325866699 2,31942510604858
FootLeft 0,214553564786911 -0,68813282251358 2,22996711730957
HipRight 0,311180233955383 0,138232976198196 2,25458717346191
KneeRight 0,313721060752869 -0,325962871313095 2,21975350379944
AnkleRight 0,299072861671448 -0,649210095405579 2,33336591720581
FootRight 0,29890775680542 -0,73201447725296 2,32267117500305

