HipCenter 0,232254147529602 0,199121549725533 2,24889993667603
Spine 0,232724875211716 0,261442333459854 2,30289101600647
ShoulderCenter 0,24128945171833 0,617737233638763 2,29918837547302
Head 0,226314187049866 0,78740131855011 2,27717781066895
ShoulderLeft 0,0759539380669594 0,496870070695877 2,29930329322815
ElbowLeft 0,00555559201166034 0,309791803359985 2,27414345741272
WristLeft -0,215222463011742 0,3800328373909 2,25545215606689
HandLeft -0,2606061398983 0,408499240875244 2,2368438243866
ShoulderRight 0,389786779880524 0,505633533000946 2,30261540412903
ElbowRight 0,4206822514534 0,265277862548828 2,26428151130676
WristRight 0,425333768129349 0,0766651779413223 2,19194507598877
HandRight 0,423303246498108 0,0129057317972183 2,15789103507996
HipLeft 0,159279271960258 0,127997994422913 2,23441314697266
KneeLeft 0,142416849732399 -0,322353452444077 2,20877766609192
AnkleLeft 0,204735860228539 -0,64594578742981 2,31714034080505
FootLeft 0,20493258535862 -0,685696244239807 2,22727227210999
HipRight 0,303069353103638 0,129519104957581 2,24287152290344
KneeRight 0,301983088254929 -0,32733878493309 2,2164294719696
AnkleRight 0,292304128408432 -0,653791904449463 2,3322126865387
FootRight 0,324458450078964 -0,728467404842377 2,31307077407837

