HipCenter -0,117955029010773 0,0156811233609915 2,5140917301178
Spine -0,126070410013199 0,0734500661492348 2,57999777793884
ShoulderCenter -0,122315630316734 0,452527642250061 2,63414287567139
Head -0,111376456916332 0,639486372470856 2,61317586898804
ShoulderLeft -0,289833396673203 0,349033564329147 2,54557228088379
ElbowLeft -0,469766765832901 0,391115933656693 2,37244582176209
WristLeft -0,622607588768005 0,46179386973381 2,21678185462952
HandLeft -0,658339142799377 0,492931246757507 2,17372298240662
ShoulderRight 0,0366930477321148 0,318528473377228 2,58704042434692
ElbowRight 0,0996311530470848 0,0654308795928955 2,57086706161499
WristRight 0,102201782166958 -0,150329768657684 2,48357629776001
HandRight 0,104889720678329 -0,211990877985954 2,47088527679443
HipLeft -0,190065383911133 -0,0538699440658093 2,48212361335754
KneeLeft -0,241927623748779 -0,517896234989166 2,53345680236816
AnkleLeft -0,281204998493195 -0,842761754989624 2,5119993686676
FootLeft -0,306541264057159 -0,912136793136597 2,44123888015747
HipRight -0,0449867509305477 -0,0569860525429249 2,50225281715393
KneeRight -0,027010440826416 -0,519120872020721 2,54164218902588
AnkleRight -0,00118983536958694 -0,834775507450104 2,52980136871338
FootRight 0,0317573212087154 -0,913888156414032 2,45407295227051

