HipCenter -0,115963980555534 0,00743094645440578 2,51008343696594
Spine -0,120927587151527 0,0667039975523949 2,5769727230072
ShoulderCenter -0,115514889359474 0,451543092727661 2,63288164138794
Head -0,108741596341133 0,638031482696533 2,60707068443298
ShoulderLeft -0,286014169454575 0,324325144290924 2,55185461044312
ElbowLeft -0,451534986495972 0,221509858965874 2,42338538169861
WristLeft -0,598426818847656 0,134355306625366 2,27154636383057
HandLeft -0,62289947271347 0,131420016288757 2,2294864654541
ShoulderRight 0,0375357046723366 0,315500557422638 2,58267545700073
ElbowRight 0,103141911327839 0,0602685138583183 2,56818413734436
WristRight 0,10257226228714 -0,152015626430511 2,48108601570129
HandRight 0,104963831603527 -0,212553039193153 2,46767830848694
HipLeft -0,18837571144104 -0,0619589276611805 2,48081374168396
KneeLeft -0,242982596158981 -0,521270871162415 2,5314257144928
AnkleLeft -0,282058745622635 -0,841768026351929 2,5106725692749
FootLeft -0,305039525032043 -0,911425948143005 2,4374463558197
HipRight -0,0437661297619343 -0,0632950663566589 2,4960503578186
KneeRight -0,0271519497036934 -0,520915627479553 2,53976845741272
AnkleRight -0,00075560447294265 -0,835382044315338 2,52822422981262
FootRight 0,0309678707271814 -0,915046870708466 2,45505046844482

