HipCenter 0,322430610656738 0,0912478715181351 2,31029152870178
Spine 0,311986893415451 0,151259824633598 2,37216854095459
ShoulderCenter 0,310953050851822 0,523954272270203 2,39998245239258
Head 0,32066598534584 0,700490951538086 2,39906334877014
ShoulderLeft 0,149664252996445 0,345091074705124 2,31580638885498
ElbowLeft 0,0592793002724648 0,15431022644043 2,29319930076599
WristLeft 0,31288543343544 0,210809051990509 2,1603376865387
HandLeft 0,380653709173203 0,21655261516571 2,13914895057678
ShoulderRight 0,477612793445587 0,376870691776276 2,38006567955017
ElbowRight 0,51884388923645 0,142966523766518 2,35054707527161
WristRight 0,529107689857483 -0,135326579213142 2,27269077301025
HandRight 0,52513599395752 -0,204431027173996 2,255859375
HipLeft 0,253179520368576 0,0196299329400063 2,28165578842163
KneeLeft 0,211941853165627 -0,379463076591492 2,32615566253662
AnkleLeft 0,222269505262375 -0,788477957248688 2,32994604110718
FootLeft 0,236544713377953 -0,823334336280823 2,23547458648682
HipRight 0,395522147417068 0,0169859863817692 2,30471849441528
KneeRight 0,391418188810349 -0,393537014722824 2,31932234764099
AnkleRight 0,423388481140137 -0,806138932704926 2,32536697387695
FootRight 0,428744345903397 -0,897764205932617 2,26992988586426

