HipCenter 0,321289420127869 0,0954855382442474 2,30699825286865
Spine 0,313883602619171 0,154746070504189 2,36912870407104
ShoulderCenter 0,311379790306091 0,521853983402252 2,39386463165283
Head 0,321005642414093 0,700030088424683 2,39346361160278
ShoulderLeft 0,14929935336113 0,360114127397537 2,33350610733032
ElbowLeft 0,0602256804704666 0,169316574931145 2,28469324111938
WristLeft 0,2818204164505 0,229636207222939 2,09961438179016
HandLeft 0,306900143623352 0,238059997558594 2,08215975761414
ShoulderRight 0,481944382190704 0,370736688375473 2,37578153610229
ElbowRight 0,51475727558136 0,120464161038399 2,33394455909729
WristRight 0,533762037754059 -0,0849676728248596 2,2727153301239
HandRight 0,530584454536438 -0,177633687853813 2,2508704662323
HipLeft 0,251925319433212 0,0242794677615166 2,28058958053589
KneeLeft 0,212677001953125 -0,363788098096848 2,32467675209045
AnkleLeft 0,216776922345161 -0,791019201278687 2,33254504203796
FootLeft 0,220688626170158 -0,890801191329956 2,29352116584778
HipRight 0,392910540103912 0,02003681845963 2,29699730873108
KneeRight 0,397333920001984 -0,410806208848953 2,31994962692261
AnkleRight 0,423376321792603 -0,801131963729858 2,32174038887024
FootRight 0,431513428688049 -0,894222497940063 2,27648329734802

