HipCenter 0,338042229413986 0,11274816095829 2,30667185783386
Spine 0,334261238574982 0,169369921088219 2,36796736717224
ShoulderCenter 0,317553579807281 0,525645077228546 2,39075064659119
Head 0,316680520772934 0,701861917972565 2,3869743347168
ShoulderLeft 0,16239657998085 0,386442452669144 2,35655760765076
ElbowLeft 0,100744485855103 0,143156498670578 2,22747254371643
WristLeft 0,0893938392400742 0,133425086736679 1,99943840503693
HandLeft 0,103526018559933 0,0442228689789772 2,02070307731628
ShoulderRight 0,454674124717712 0,530314147472382 2,3923978805542
ElbowRight 0,50183516740799 0,24430912733078 2,3472797870636
WristRight 0,523229360580444 -0,0400163531303406 2,27822160720825
HandRight 0,524683773517609 -0,112048514187336 2,2651960849762
HipLeft 0,274943739175797 0,0356719344854355 2,28747868537903
KneeLeft 0,209776982665062 -0,337291419506073 2,32256865501404
AnkleLeft 0,218770414590836 -0,73674339056015 2,33297061920166
FootLeft 0,217964708805084 -0,771674871444702 2,23625087738037
HipRight 0,408486664295197 0,0467379875481129 2,29189777374268
KneeRight 0,402013093233109 -0,390845686197281 2,31722831726074
AnkleRight 0,426798552274704 -0,806923031806946 2,32315731048584
FootRight 0,430801451206207 -0,893349468708038 2,27863097190857

