HipCenter 0,00709592178463936 0,336182683706284 2,2652735710144
Spine 0,0144276665523648 0,401997238397598 2,32161736488342
ShoulderCenter -0,0275167841464281 0,769415318965912 2,30615186691284
Head -0,173858121037483 0,948902189731598 2,3669159412384
ShoulderLeft -0,222177967429161 0,713985204696655 2,34926319122314
ElbowLeft -0,238038316369057 0,922713577747345 2,23524022102356
WristLeft -0,401303589344025 0,944035768508911 2,06574440002441
HandLeft -0,43991956114769 0,95909196138382 2,02510929107666
ShoulderRight 0,17157007753849 0,68752259016037 2,24699211120605
ElbowRight 0,0186708625406027 0,765664041042328 2,01190567016602
WristRight -0,187587901949883 0,841881036758423 1,94510579109192
HandRight -0,265097200870514 0,833830118179321 1,89194643497467
HipLeft -0,0719945579767227 0,246043428778648 2,26015043258667
KneeLeft -0,0653086826205254 -0,293543666601181 2,34151744842529
AnkleLeft -0,0286633279174566 -0,664525032043457 2,37783193588257
FootLeft -0,0613202005624771 -0,734559178352356 2,31441450119019
HipRight 0,0998487770557404 0,252351433038712 2,24714803695679
KneeRight 0,139748260378838 -0,300488531589508 2,34989881515503
AnkleRight 0,12850733101368 -0,683658480644226 2,39978337287903
FootRight 0,15748642385006 -0,742566287517548 2,36588048934937

