HipCenter 0,0422293841838837 0,294724375009537 2,27733540534973
Spine 0,0454497039318085 0,369717836380005 2,33490896224976
ShoulderCenter 0,0489839613437653 0,784236133098602 2,32454347610474
Head 0,0543182455003262 1,00534439086914 2,30679130554199
ShoulderLeft -0,116954028606415 0,654736042022705 2,28809404373169
ElbowLeft -0,212791085243225 0,434927225112915 2,19823861122131
WristLeft -0,310509920120239 0,240271881222725 2,06638622283936
HandLeft -0,33358770608902 0,18553814291954 2,03022241592407
ShoulderRight 0,210809424519539 0,65734875202179 2,27604079246521
ElbowRight 0,255670130252838 0,419765114784241 2,15486097335815
WristRight 0,214498624205589 0,214443370699883 2,05932426452637
HandRight 0,231550693511963 0,151441633701324 2,03802990913391
HipLeft -0,0339161306619644 0,222071722149849 2,2736554145813
KneeLeft -0,0507417395710945 -0,299647748470306 2,35740065574646
AnkleLeft -0,0270699970424175 -0,66366708278656 2,38041687011719
FootLeft -0,0602593012154102 -0,734117746353149 2,31753993034363
HipRight 0,115075774490833 0,219683960080147 2,26096630096436
KneeRight 0,15197117626667 -0,301764070987701 2,36774206161499
AnkleRight 0,13364714384079 -0,683019399642944 2,40277171134949
FootRight 0,161880061030388 -0,743739426136017 2,37132120132446

