HipCenter 0,0419301986694336 0,300382137298584 2,26164102554321
Spine 0,0410711169242859 0,374037235975266 2,32034635543823
ShoulderCenter 0,0233310144394636 0,782010674476624 2,30699133872986
Head 0,0275035221129656 0,999228835105896 2,27697014808655
ShoulderLeft -0,140842765569687 0,652433335781097 2,28635191917419
ElbowLeft -0,186834871768951 0,399454027414322 2,26195096969604
WristLeft -0,238317370414734 0,176636397838593 2,18435835838318
HandLeft -0,278652667999268 0,0992765128612518 2,1574399471283
ShoulderRight 0,194155350327492 0,666999280452728 2,27567934989929
ElbowRight 0,273799777030945 0,390975803136826 2,2136709690094
WristRight 0,282753258943558 0,174047112464905 2,14189767837524
HandRight 0,290397822856903 0,105317994952202 2,13660740852356
HipLeft -0,0304723121225834 0,223141923546791 2,2554407119751
KneeLeft -0,0504944324493408 -0,299673706293106 2,35620093345642
AnkleLeft -0,0276910644024611 -0,665355443954468 2,3781213760376
FootLeft -0,0612888410687447 -0,73514461517334 2,31461596488953
HipRight 0,119886659085751 0,227716073393822 2,24842429161072
KneeRight 0,151092559099197 -0,299994319677353 2,3699197769165
AnkleRight 0,132147684693336 -0,679828941822052 2,40230345726013
FootRight 0,160448223352432 -0,741237044334412 2,37215542793274

