HipCenter 0,0984388291835785 0,321468591690063 2,63447666168213
Spine 0,0893926396965981 0,389010787010193 2,69464039802551
ShoulderCenter 0,109405018389225 0,780366361141205 2,70115256309509
Head 0,109269082546234 0,956344246864319 2,66119003295898
ShoulderLeft -0,062201552093029 0,68110728263855 2,63275837898254
ElbowLeft -0,239154979586601 0,687336504459381 2,40648698806763
WristLeft -0,368462204933167 0,734587907791138 2,20000505447388
HandLeft -0,429499387741089 0,769200801849365 2,12864470481873
ShoulderRight 0,278257638216019 0,666092038154602 2,70118069648743
ElbowRight 0,305830180644989 0,393645852804184 2,65940690040588
WristRight 0,310493141412735 0,164140641689301 2,58932876586914
HandRight 0,307772815227509 0,0712591856718063 2,58444690704346
HipLeft 0,0207350384443998 0,247104600071907 2,61013650894165
KneeLeft 0,000106238192529418 -0,293805837631226 2,66792631149292
AnkleLeft 0,0427536740899086 -0,67124354839325 2,6914336681366
FootLeft 0,0287810228765011 -0,740155279636383 2,61978077888489
HipRight 0,172385051846504 0,243084669113159 2,6322774887085
KneeRight 0,172272577881813 -0,296378880739212 2,67350244522095
AnkleRight 0,153215944766998 -0,671841025352478 2,68862581253052
FootRight 0,181892290711403 -0,746999144554138 2,62501859664917

