HipCenter 0,0941138863563538 0,313649445772171 2,63376307487488
Spine 0,0921027287840843 0,382980793714523 2,6923143863678
ShoulderCenter 0,105773903429508 0,774509131908417 2,68459963798523
Head 0,103012554347515 0,961008667945862 2,62968635559082
ShoulderLeft -0,061566561460495 0,666525423526764 2,66260671615601
ElbowLeft -0,120043285191059 0,387740284204483 2,65358233451843
WristLeft -0,131724655628204 0,152909383177757 2,60062980651855
HandLeft -0,141901090741158 0,0794156789779663 2,58070874214172
ShoulderRight 0,277033537626266 0,660043716430664 2,68687200546265
ElbowRight 0,315673649311066 0,38820806145668 2,65167307853699
WristRight 0,314653664827347 0,156177148222923 2,58311438560486
HandRight 0,306535750627518 0,0693102106451988 2,58159565925598
HipLeft 0,0160171426832676 0,24041648209095 2,61967206001282
KneeLeft 0,00328010111115873 -0,297318458557129 2,66815137863159
AnkleLeft 0,0431564077734947 -0,671326875686646 2,6912305355072
FootLeft 0,0232449844479561 -0,741702437400818 2,61983823776245
HipRight 0,168251663446426 0,235880985856056 2,62697911262512
KneeRight 0,176086515188217 -0,298125356435776 2,6719605922699
AnkleRight 0,156201273202896 -0,670813798904419 2,69128203392029
FootRight 0,182032614946365 -0,745808959007263 2,62311863899231

