HipCenter 0,101729832589626 0,318542093038559 2,63147139549255
Spine 0,0922252163290977 0,387235790491104 2,69087624549866
ShoulderCenter 0,112003743648529 0,780561029911041 2,69196486473084
Head 0,111447617411613 0,965285360813141 2,64423227310181
ShoulderLeft -0,0583393163979054 0,671983242034912 2,6257746219635
ElbowLeft -0,214502111077309 0,663435876369476 2,41967082023621
WristLeft -0,371953010559082 0,702666044235229 2,17297506332397
HandLeft -0,427763849496841 0,715207934379578 2,10379242897034
ShoulderRight 0,280049026012421 0,66482150554657 2,6970899105072
ElbowRight 0,308932989835739 0,393279075622559 2,65803074836731
WristRight 0,313787668943405 0,163223400712013 2,58846473693848
HandRight 0,307226330041885 0,0739185214042664 2,58292984962463
HipLeft 0,024516498669982 0,244285866618156 2,60625958442688
KneeLeft 0,0029293205589056 -0,293376833200455 2,66565585136414
AnkleLeft 0,0417018681764603 -0,669000506401062 2,69079804420471
FootLeft 0,0279737673699856 -0,740759372711182 2,61705923080444
HipRight 0,17566642165184 0,240400031208992 2,63090848922729
KneeRight 0,174701675772667 -0,296013951301575 2,67259669303894
AnkleRight 0,154893964529037 -0,670735836029053 2,6903862953186
FootRight 0,183128103613853 -0,746233224868774 2,62283372879028

