HipCenter 0,470348924398422 -0,0933161377906799 2,43601369857788
Spine 0,42087596654892 -0,0341421142220497 2,44924068450928
ShoulderCenter 0,0884972140192986 0,122049599885941 2,41555333137512
Head -0,106239475309849 0,266141295433044 2,42286539077759
ShoulderLeft 0,0366325080394745 0,0924656242132187 2,53421258926392
ElbowLeft -0,0781620964407921 0,207420766353607 2,33548831939697
WristLeft -0,279873251914978 0,305154323577881 2,30279207229614
HandLeft -0,342267662286758 0,318563252687454 2,29168200492859
ShoulderRight 0,158680975437164 0,178800269961357 2,35563635826111
ElbowRight -0,0716932713985443 0,237721174955368 2,32828235626221
WristRight -0,250982731580734 0,282015413045883 2,31261134147644
HandRight -0,311737477779388 0,275098383426666 2,32118105888367
HipLeft 0,49479478597641 -0,163204550743103 2,46789789199829
KneeLeft 0,395385682582855 -0,522077620029449 2,48749971389771
AnkleLeft 0,356293201446533 -0,848833203315735 2,45154714584351
FootLeft 0,287501633167267 -0,906150043010712 2,43877553939819
HipRight 0,516375958919525 -0,0630080252885818 2,40576815605164
KneeRight 0,720752716064453 -0,423748552799225 2,33197236061096
AnkleRight 0,917500793933868 -0,822385847568512 2,3094687461853
FootRight 0,880744099617004 -0,897668600082397 2,30083179473877

