HipCenter 0,31411936879158 -0,0943032205104828 2,45230841636658
Spine 0,299664437770844 -0,0244589112699032 2,46654558181763
ShoulderCenter 0,0987355411052704 0,271036982536316 2,46841478347778
Head -0,020486906170845 0,487959176301956 2,52766251564026
ShoulderLeft 0,0418596379458904 0,285884439945221 2,63115382194519
ElbowLeft -0,092228502035141 0,298285514116287 2,40829372406006
WristLeft -0,245616376399994 0,332786381244659 2,31449460983276
HandLeft -0,324741363525391 0,331350237131119 2,2882719039917
ShoulderRight 0,21676304936409 0,28937703371048 2,39333009719849
ElbowRight -0,0185041427612305 0,321648746728897 2,33869194984436
WristRight -0,246944189071655 0,329434901475906 2,31428480148315
HandRight -0,323090881109238 0,332030296325684 2,31040024757385
HipLeft 0,312694549560547 -0,160177364945412 2,46664881706238
KneeLeft 0,339444249868393 -0,52758002281189 2,50221538543701
AnkleLeft 0,350865066051483 -0,855678260326386 2,46911001205444
FootLeft 0,296565741300583 -0,911504030227661 2,44015526771545
HipRight 0,363233745098114 -0,107019692659378 2,43237686157227
KneeRight 0,518135249614716 -0,54181694984436 2,346271276474
AnkleRight 0,745182275772095 -0,800338566303253 2,30514860153198
FootRight 0,717539727687836 -0,880904495716095 2,27324175834656

