HipCenter 0,255687355995178 -0,0682849138975143 2,41606378555298
Spine 0,282090693712235 0,0197782870382071 2,43529033660889
ShoulderCenter 0,155486389994621 0,412976145744324 2,46314477920532
Head 0,0721025913953781 0,627996683120728 2,5309681892395
ShoulderLeft 0,125582054257393 0,236135333776474 2,63753628730774
ElbowLeft -0,0427350178360939 0,337021142244339 2,63548040390015
WristLeft -0,272202849388123 0,331416696310043 2,58856606483459
HandLeft -0,362951934337616 0,344133108854294 2,57325410842896
ShoulderRight 0,183561876416206 0,364497631788254 2,3878858089447
ElbowRight -0,0473294407129288 0,367995351552963 2,3397388458252
WristRight -0,279279172420502 0,363918364048004 2,32172274589539
HandRight -0,341489315032959 0,356835633516312 2,33049845695496
HipLeft 0,242931574583054 -0,142252042889595 2,44456124305725
KneeLeft 0,301855802536011 -0,515509903430939 2,49519777297974
AnkleLeft 0,341587692499161 -0,8448566198349 2,45177626609802
FootLeft 0,306143879890442 -0,923822581768036 2,42958831787109
HipRight 0,285401105880737 -0,0682373642921448 2,3788628578186
KneeRight 0,40573787689209 -0,487840592861176 2,3607816696167
AnkleRight 0,618923008441925 -0,833473861217499 2,32757663726807
FootRight 0,512903928756714 -0,891564846038818 2,32733535766602

