HipCenter 0,585821628570557 0,092042975127697 2,24956560134888
Spine 0,520701766014099 0,154124200344086 2,24686622619629
ShoulderCenter 0,133463561534882 0,369119644165039 2,17277455329895
Head -0,0355367213487625 0,503289222717285 2,19651746749878
ShoulderLeft 0,0244841948151588 0,341152220964432 2,33343839645386
ElbowLeft -0,160020440816879 0,437072396278381 2,08746433258057
WristLeft 0,0361992418766022 0,414949357509613 1,97079300880432
HandLeft 0,101605802774429 0,407575011253357 1,9367870092392
ShoulderRight 0,336311101913452 0,406193852424622 2,0844132900238
ElbowRight 0,037122368812561 0,416354477405548 2,0272650718689
WristRight -0,24726077914238 0,478274643421173 2,04908466339111
HandRight -0,342055171728134 0,498914688825607 2,06124234199524
HipLeft 0,606013238430023 -0,0122952256351709 2,31617999076843
KneeLeft 0,706826090812683 -0,419162303209305 2,1881856918335
AnkleLeft 0,658936023712158 -0,704228520393372 2,29631066322327
FootLeft 0,595399856567383 -0,742303550243378 2,33489418029785
HipRight 0,697421550750732 0,112379550933838 2,20358085632324
KneeRight 0,699191570281982 -0,342728614807129 2,16465258598328
AnkleRight 0,69435042142868 -0,691728293895721 2,15154099464417
FootRight 0,603293895721436 -0,748806416988373 2,13721227645874

