HipCenter 0,504274785518646 0,172298282384872 2,24413752555847
Spine 0,472024857997894 0,232426851987839 2,24166560173035
ShoulderCenter 0,277926027774811 0,505312979221344 2,1785888671875
Head 0,0957500785589218 0,671812236309052 2,20750164985657
ShoulderLeft 0,168946653604507 0,477345526218414 2,33925271034241
ElbowLeft -0,0510738044977188 0,512273609638214 2,39961957931519
WristLeft -0,226681664586067 0,494583696126938 2,14754700660706
HandLeft -0,259417980909348 0,559711337089539 2,15464639663696
ShoulderRight 0,345531642436981 0,575455486774445 2,15768218040466
ElbowRight 0,0592297613620758 0,528506338596344 2,07092070579529
WristRight -0,184856861829758 0,505365312099457 2,05739521980286
HandRight -0,266219079494476 0,497651636600494 2,05774712562561
HipLeft 0,49101534485817 0,0812173634767532 2,28312492370605
KneeLeft 0,701857328414917 -0,368459820747375 2,33700633049011
AnkleLeft 0,698999643325806 -0,700495839118958 2,27561354637146
FootLeft 0,658465623855591 -0,764066994190216 2,21710181236267
HipRight 0,574398398399353 0,177985221147537 2,21733355522156
KneeRight 0,541334569454193 -0,322513699531555 2,16195058822632
AnkleRight 0,516309022903442 -0,691866457462311 2,15397381782532
FootRight 0,421481609344482 -0,737508296966553 2,12283205986023

