HipCenter 0,586050987243652 0,0906396508216858 2,24431037902832
Spine 0,519552290439606 0,150654271245003 2,24283623695374
ShoulderCenter 0,135518297553062 0,36320686340332 2,16477298736572
Head -0,0588408783078194 0,512620389461517 2,14565920829773
ShoulderLeft 0,0265389215201139 0,335239410400391 2,32543706893921
ElbowLeft -0,171874165534973 0,436529457569122 2,08782625198364
WristLeft -0,197806462645531 0,529358685016632 1,86909031867981
HandLeft -0,206450566649437 0,560301780700684 1,80107295513153
ShoulderRight 0,315552204847336 0,40551084280014 2,07732939720154
ElbowRight 0,011819064617157 0,423654615879059 2,02328038215637
WristRight -0,211269721388817 0,449745953083038 2,03045153617859
HandRight -0,233326345682144 0,477392435073853 2,04884791374207
HipLeft 0,605610966682434 -0,0108804702758789 2,31383895874023
KneeLeft 0,709366619586945 -0,440131396055222 2,28044319152832
AnkleLeft 0,671301960945129 -0,760412335395813 2,28883600234985
FootLeft 0,598658800125122 -0,73381119966507 2,31232976913452
HipRight 0,695324897766113 0,112593710422516 2,19315409660339
KneeRight 0,702456533908844 -0,350294232368469 2,17312812805176
AnkleRight 0,6912721991539 -0,694377899169922 2,16026186943054
FootRight 0,606227278709412 -0,749547362327576 2,1372082233429

