HipCenter 0,588420271873474 0,0897770524024963 2,24785709381104
Spine 0,526652276515961 0,151492416858673 2,24467372894287
ShoulderCenter 0,182819381356239 0,367234081029892 2,16277647018433
Head -0,00901562813669443 0,479260683059692 2,19740724563599
ShoulderLeft 0,073840007185936 0,339266628026962 2,32344031333923
ElbowLeft -0,13452285528183 0,430947989225388 2,09462833404541
WristLeft 0,0516572743654251 0,420605182647705 1,95587873458862
HandLeft 0,113717317581177 0,417157590389252 1,91451954841614
ShoulderRight 0,330305546522141 0,40655517578125 2,0823085308075
ElbowRight 0,0290111601352692 0,421751439571381 2,02494740486145
WristRight -0,256261646747589 0,475895166397095 2,04513335227966
HandRight -0,322096645832062 0,490675359964371 2,07569289207459
HipLeft 0,606939196586609 -0,00983350910246372 2,30571579933167
KneeLeft 0,708534598350525 -0,4361692070961 2,27385902404785
AnkleLeft 0,655946552753448 -0,673121929168701 2,29383206367493
FootLeft 0,601841330528259 -0,735607147216797 2,31483960151672
HipRight 0,694125890731812 0,11010330915451 2,2056736946106
KneeRight 0,701816201210022 -0,35750824213028 2,1834180355072
AnkleRight 0,692002952098846 -0,693925857543945 2,1621572971344
FootRight 0,602483630180359 -0,749166548252106 2,13498330116272

