HipCenter 0,181123822927475 0,267634183168411 2,26533198356628
Spine 0,169982418417931 0,334228515625 2,31856203079224
ShoulderCenter 0,157442718744278 0,706198036670685 2,30542039871216
Head 0,14645691215992 0,865558743476868 2,274897813797
ShoulderLeft -0,00437907967716455 0,577189087867737 2,26640558242798
ElbowLeft -0,0131880044937134 0,31731852889061 2,21283841133118
WristLeft -0,0494807995855808 0,32171431183815 1,97797167301178
HandLeft -0,0522554069757462 0,354255735874176 1,93855535984039
ShoulderRight 0,330847024917603 0,593756258487701 2,31672286987305
ElbowRight 0,39228218793869 0,33419394493103 2,31574511528015
WristRight 0,401711940765381 0,114839658141136 2,25679421424866
HandRight 0,403334110975266 0,0620220452547073 2,25072288513184
HipLeft 0,110094539821148 0,18805767595768 2,24255323410034
KneeLeft 0,0976162701845169 -0,318152368068695 2,32315945625305
AnkleLeft 0,110284231603146 -0,657776355743408 2,32512283325195
FootLeft 0,0912100300192833 -0,730077981948853 2,26754903793335
HipRight 0,260606557130814 0,195125490427017 2,2699658870697
KneeRight 0,286187350749969 -0,32097464799881 2,34231376647949
AnkleRight 0,296418428421021 -0,658072173595428 2,35892677307129
FootRight 0,311052531003952 -0,731270849704742 2,30380296707153

