HipCenter 0,0901734009385109 0,326466828584671 2,45026683807373
Spine 0,0664695575833321 0,382230699062347 2,50071597099304
ShoulderCenter 0,0677896291017532 0,708442330360413 2,49314832687378
Head 0,102980419993401 0,851890981197357 2,46453046798706
ShoulderLeft -0,0225492864847183 0,599695324897766 2,42431783676147
ElbowLeft -0,0949082598090172 0,796382665634155 2,31143641471863
WristLeft 0,0273265466094017 0,722802639007568 2,44866466522217
HandLeft 0,0680714845657349 0,698275983333588 2,49897456169128
ShoulderRight 0,196225345134735 0,718664586544037 2,53628253936768
ElbowRight 0,243279039859772 0,459054440259933 2,41271615028381
WristRight -0,0172042548656464 0,411567091941834 2,30493927001953
HandRight -0,0810189917683601 0,42284494638443 2,30642580986023
HipLeft 0,0483237095177174 0,275048077106476 2,43059682846069
KneeLeft -0,00156832486391068 -0,233111560344696 2,47457265853882
AnkleLeft 0,0195969361811876 -0,639533162117004 2,49948811531067
FootLeft 0,0501782447099686 -0,675181448459625 2,42508006095886
HipRight 0,139198958873749 0,268862903118134 2,45807409286499
KneeRight 0,199205562472343 -0,237946808338165 2,50424933433533
AnkleRight 0,209582880139351 -0,662078440189362 2,51444554328918
FootRight 0,240164190530777 -0,697726726531982 2,44003748893738

