HipCenter 0,11284738779068 0,235203340649605 2,46353983879089
Spine 0,0949596613645554 0,302157431840897 2,5154914855957
ShoulderCenter 0,0940690487623215 0,67376434803009 2,50146961212158
Head 0,0944373607635498 0,845205307006836 2,47268128395081
ShoulderLeft -0,0437209084630013 0,533561229705811 2,44390201568604
ElbowLeft -0,113039992749691 0,299059957265854 2,3948450088501
WristLeft -0,170473128557205 0,125547051429749 2,28723526000977
HandLeft -0,172256469726563 0,094394825398922 2,25180149078369
ShoulderRight 0,261065542697906 0,548621118068695 2,53793478012085
ElbowRight 0,399151831865311 0,338514596223831 2,56241869926453
WristRight 0,524256587028503 0,166099816560745 2,5366952419281
HandRight 0,556987822055817 0,111152924597263 2,53152918815613
HipLeft 0,0485477112233639 0,161684274673462 2,43170309066772
KneeLeft 0,00235119112767279 -0,278846889734268 2,49178671836853
AnkleLeft 0,0195736587047577 -0,640061855316162 2,50028777122498
FootLeft 0,0423336252570152 -0,676226377487183 2,42335343360901
HipRight 0,184246242046356 0,164974495768547 2,47852778434753
KneeRight 0,215217754244804 -0,279476255178452 2,52117013931274
AnkleRight 0,210705727338791 -0,659530997276306 2,51602602005005
FootRight 0,233465701341629 -0,695695519447327 2,43909168243408

