HipCenter 0,0833505019545555 0,303598761558533 2,44726896286011
Spine 0,0715655013918877 0,36091947555542 2,50041270256042
ShoulderCenter 0,0803335607051849 0,690570056438446 2,48848462104797
Head 0,0964296609163284 0,84221750497818 2,46376609802246
ShoulderLeft -0,0430929400026798 0,668983101844788 2,45365285873413
ElbowLeft -0,120822980999947 0,87532913684845 2,3322422504425
WristLeft -0,188563764095306 1,05515730381012 2,23619484901428
HandLeft -0,209702864289284 1,11127424240112 2,21050810813904
ShoulderRight 0,24734003841877 0,542567014694214 2,5032525062561
ElbowRight 0,250989347696304 0,342564970254898 2,3801121711731
WristRight -0,00896543264389038 0,389277011156082 2,26520133018494
HandRight -0,0943216383457184 0,406376540660858 2,24500393867493
HipLeft 0,0251362212002277 0,237756669521332 2,41258668899536
KneeLeft -0,0063679926097393 -0,264380156993866 2,48366284370422
AnkleLeft 0,0207369644194841 -0,640947282314301 2,50012564659119
FootLeft 0,0164627581834793 -0,722814440727234 2,47207975387573
HipRight 0,143312126398087 0,2213154733181 2,4622631072998
KneeRight 0,204390063881874 -0,275811374187469 2,51250553131104
AnkleRight 0,207799851894379 -0,666307628154755 2,51680850982666
FootRight 0,225646913051605 -0,702238380908966 2,43827104568481

