HipCenter 0,114552676677704 0,229615986347198 2,45323514938354
Spine 0,0946087315678597 0,294764041900635 2,504554271698
ShoulderCenter 0,08695088326931 0,660788774490356 2,49112439155579
Head 0,0850895047187805 0,833552479743958 2,44508934020996
ShoulderLeft -0,0421546548604965 0,528397858142853 2,43856883049011
ElbowLeft -0,0969283282756805 0,260871946811676 2,38538932800293
WristLeft -0,142892777919769 0,0913018137216568 2,25540018081665
HandLeft -0,138670593500137 0,0821304470300674 2,24198508262634
ShoulderRight 0,268842726945877 0,536855936050415 2,53920292854309
ElbowRight 0,419138014316559 0,349534302949905 2,56449770927429
WristRight 0,555478632450104 0,189101710915565 2,55926966667175
HandRight 0,589749097824097 0,140370115637779 2,55603575706482
HipLeft 0,050394631922245 0,155250012874603 2,41943264007568
KneeLeft 0,000778408139012754 -0,276465266942978 2,48222136497498
AnkleLeft 0,0201757978647947 -0,639604806900024 2,49713325500488
FootLeft 0,0442183837294579 -0,675668597221375 2,42042636871338
HipRight 0,188944339752197 0,156945317983627 2,46889042854309
KneeRight 0,214883238077164 -0,283699244260788 2,51332426071167
AnkleRight 0,210980415344238 -0,66108638048172 2,51544642448425
FootRight 0,235023006796837 -0,69715017080307 2,43873953819275

