HipCenter 0,463963240385056 0,182687893509865 2,49617791175842
Spine 0,447092592716217 0,225624963641167 2,44026350975037
ShoulderCenter 0,364648699760437 0,443142950534821 2,18027925491333
Head 0,247965544462204 0,572620987892151 2,05012178421021
ShoulderLeft 0,172694429755211 0,429805159568787 2,20890140533447
ElbowLeft -0,0559643916785717 0,440958231687546 2,13131785392761
WristLeft -0,234342232346535 0,560299456119537 2,0277316570282
HandLeft -0,293801516294479 0,600079894065857 1,99809718132019
ShoulderRight 0,501710653305054 0,455000668764114 2,23831915855408
ElbowRight 0,680246531963348 0,339265137910843 2,44082093238831
WristRight 0,772609949111938 0,130721658468246 2,64237594604492
HandRight 0,80339777469635 0,0612071603536606 2,71445512771606
HipLeft 0,418063074350357 0,123729005455971 2,56294512748718
KneeLeft 0,436593770980835 -0,324172914028168 2,62444615364075
AnkleLeft 0,496017783880234 -0,675224363803864 2,59506750106812
FootLeft 0,490903615951538 -0,745741724967957 2,530024766922
HipRight 0,547180414199829 0,148398667573929 2,54120254516602
KneeRight 0,651724517345428 -0,316647946834564 2,64428305625916
AnkleRight 0,695841073989868 -0,691376924514771 2,64528846740723
FootRight 0,750105082988739 -0,748761892318726 2,58816194534302

