HipCenter 0,46441638469696 0,18224124610424 2,50526738166809
Spine 0,446732252836227 0,225385695695877 2,44803857803345
ShoulderCenter 0,356393426656723 0,440608769655228 2,17990827560425
Head 0,256485313177109 0,587997078895569 2,06284832954407
ShoulderLeft 0,176304996013641 0,435437470674515 2,2185480594635
ElbowLeft -0,0532239377498627 0,434694200754166 2,15141081809998
WristLeft -0,186683312058449 0,589195787906647 2,02506470680237
HandLeft -0,231169775128365 0,640696346759796 1,98783755302429
ShoulderRight 0,507714629173279 0,461070120334625 2,24997329711914
ElbowRight 0,67995023727417 0,342444449663162 2,45653915405273
WristRight 0,77403312921524 0,128721103072166 2,65305805206299
HandRight 0,805394113063812 0,0574799776077271 2,7234525680542
HipLeft 0,417899012565613 0,121776014566422 2,56694197654724
KneeLeft 0,435049414634705 -0,325280725955963 2,62631130218506
AnkleLeft 0,494055211544037 -0,671648919582367 2,59469032287598
FootLeft 0,490874439477921 -0,744957864284515 2,53364205360413
HipRight 0,549064934253693 0,151180133223534 2,55625009536743
KneeRight 0,65160208940506 -0,31671017408371 2,64381957054138
AnkleRight 0,697636604309082 -0,688067734241486 2,64396810531616
FootRight 0,750621616840363 -0,749132215976715 2,58725166320801

