HipCenter 0,13207671046257 0,0788719579577446 2,52876853942871
Spine 0,118950337171555 0,138194367289543 2,5906229019165
ShoulderCenter 0,123495124280453 0,510212361812592 2,62057971954346
Head 0,131137996912003 0,680570542812347 2,62643790245056
ShoulderLeft 0,00264214887283742 0,394301742315292 2,55804705619812
ElbowLeft -0,0692220777273178 0,485613226890564 2,30098366737366
WristLeft -0,0628846138715744 0,561806619167328 2,07841992378235
HandLeft -0,0648987963795662 0,555520057678223 1,97870600223541
ShoulderRight 0,279500305652618 0,392850875854492 2,62355375289917
ElbowRight 0,309958577156067 0,122079581022263 2,57453179359436
WristRight 0,313500076532364 -0,118020363152027 2,43682837486267
HandRight 0,308761030435562 -0,180250614881516 2,41596269607544
HipLeft 0,072113499045372 0,0229231063276529 2,49288964271545
KneeLeft 0,0145434997975826 -0,494246631860733 2,47970461845398
AnkleLeft 0,0174470636993647 -0,827624320983887 2,47742772102356
FootLeft 0,00636764150112867 -0,914607048034668 2,43827486038208
HipRight 0,194158986210823 0,00670580193400383 2,53317618370056
KneeRight 0,220817446708679 -0,498759299516678 2,49087953567505
AnkleRight 0,252779990434647 -0,831971883773804 2,49901175498962
FootRight 0,252167642116547 -0,914531588554382 2,4345543384552

