HipCenter 0,131059780716896 0,0770540684461594 2,53240060806274
Spine 0,117301404476166 0,137701243162155 2,59504127502441
ShoulderCenter 0,123164005577564 0,5174480676651 2,62997889518738
Head 0,149017959833145 0,678570747375488 2,6379075050354
ShoulderLeft 0,00696381414309144 0,398250341415405 2,55858278274536
ElbowLeft -0,0532834827899933 0,48402738571167 2,30607175827026
WristLeft -0,0363760329782963 0,541780471801758 1,99792098999023
HandLeft -0,0291449259966612 0,551270127296448 1,97880220413208
ShoulderRight 0,277054846286774 0,385957390069962 2,62359142303467
ElbowRight 0,312017649412155 0,117517068982124 2,57820725440979
WristRight 0,312707811594009 -0,119813159108162 2,44116592407227
HandRight 0,307952791452408 -0,180668845772743 2,41668915748596
HipLeft 0,0729637518525124 0,0222307574003935 2,4951024055481
KneeLeft 0,0141163878142834 -0,487666964530945 2,48025918006897
AnkleLeft 0,0152222011238337 -0,830936789512634 2,47229528427124
FootLeft 0,00619811424985528 -0,915667295455933 2,43347573280334
HipRight 0,191167339682579 0,00592301459982991 2,53730154037476
KneeRight 0,219676926732063 -0,495505481958389 2,48987865447998
AnkleRight 0,254427313804626 -0,831844210624695 2,49395060539246
FootRight 0,253156542778015 -0,914697766304016 2,43181204795837

