HipCenter 0,186965703964233 0,256397068500519 2,26708626747131
Spine 0,183980941772461 0,326378971338272 2,31999444961548
ShoulderCenter 0,173009261488914 0,70978856086731 2,30359673500061
Head 0,153906345367432 0,894837558269501 2,2581250667572
ShoulderLeft 0,00889123324304819 0,569870829582214 2,2855532169342
ElbowLeft -0,103540971875191 0,375675857067108 2,24443864822388
WristLeft -0,306959927082062 0,382287234067917 2,1717836856842
HandLeft -0,362978249788284 0,401953279972076 2,15228724479675
ShoulderRight 0,337862819433212 0,593925595283508 2,29281520843506
ElbowRight 0,402276933193207 0,335368245840073 2,31244945526123
WristRight 0,411336302757263 0,128471821546555 2,25404262542725
HandRight 0,423537641763687 0,0633627623319626 2,24607086181641
HipLeft 0,113302953541279 0,178580015897751 2,25263571739197
KneeLeft 0,103084810078144 -0,319050997495651 2,33137798309326
AnkleLeft 0,10942067950964 -0,657074987888336 2,3266863822937
FootLeft 0,089390866458416 -0,732348024845123 2,26404714584351
HipRight 0,264982759952545 0,186082556843758 2,26514267921448
KneeRight 0,287712395191193 -0,31254780292511 2,34182667732239
AnkleRight 0,297697931528091 -0,654975175857544 2,35600805282593
FootRight 0,309715300798416 -0,729130148887634 2,29784965515137

