HipCenter 0,186923891305923 0,256631910800934 2,26759386062622
Spine 0,183821827173233 0,326520323753357 2,32086420059204
ShoulderCenter 0,173278391361237 0,710035443305969 2,30441975593567
Head 0,152670413255692 0,895067632198334 2,25866007804871
ShoulderLeft 0,00880260299891233 0,569945394992828 2,28608322143555
ElbowLeft -0,103632241487503 0,376899033784866 2,24498176574707
WristLeft -0,30755078792572 0,382016807794571 2,17404675483704
HandLeft -0,363495171070099 0,402270406484604 2,15390563011169
ShoulderRight 0,337851375341415 0,595088005065918 2,294438123703
ElbowRight 0,402233213186264 0,334788024425507 2,31301736831665
WristRight 0,411296397447586 0,127805203199387 2,25515842437744
HandRight 0,410663038492203 0,065955251455307 2,24473786354065
HipLeft 0,113302387297153 0,178858697414398 2,25297546386719
KneeLeft 0,103477410972118 -0,318620085716248 2,33186483383179
AnkleLeft 0,108560413122177 -0,655668437480927 2,32500004768372
FootLeft 0,090920127928257 -0,728132009506226 2,26838517189026
HipRight 0,264883786439896 0,186282932758331 2,26587247848511
KneeRight 0,287675797939301 -0,310306370258331 2,34144258499146
AnkleRight 0,298809111118317 -0,65027642250061 2,35672426223755
FootRight 0,311433672904968 -0,7274090051651 2,29825592041016

