HipCenter 0,186907038092613 0,256695598363876 2,26777815818787
Spine 0,18382716178894 0,326559662818909 2,32115507125854
ShoulderCenter 0,173129737377167 0,709879457950592 2,30447506904602
Head 0,152706682682037 0,89506721496582 2,25870490074158
ShoulderLeft 0,00870766118168831 0,569992125034332 2,28670191764832
ElbowLeft -0,103099569678307 0,377251476049423 2,24507021903992
WristLeft -0,307209014892578 0,381833255290985 2,17481637001038
HandLeft -0,363462656736374 0,402333408594131 2,15477752685547
ShoulderRight 0,337894558906555 0,595174133777618 2,29483962059021
ElbowRight 0,40245646238327 0,334297031164169 2,31315279006958
WristRight 0,411529034376144 0,127375900745392 2,25505304336548
HandRight 0,420367270708084 0,0640799105167389 2,23668074607849
HipLeft 0,113308563828468 0,178920045495033 2,25315260887146
KneeLeft 0,103295303881168 -0,318689912557602 2,33182525634766
AnkleLeft 0,10915319621563 -0,65619820356369 2,32461738586426
FootLeft 0,0908552706241608 -0,729538559913635 2,26750445365906
HipRight 0,264892280101776 0,186357036232948 2,26609802246094
KneeRight 0,287925630807877 -0,309553682804108 2,3415687084198
AnkleRight 0,297378212213516 -0,649828791618347 2,35700392723084
FootRight 0,310433328151703 -0,726649403572083 2,29912066459656

