HipCenter 0,18663977086544 0,258288443088531 2,2698450088501
Spine 0,184110775589943 0,327638059854507 2,32437610626221
ShoulderCenter 0,173922821879387 0,709919810295105 2,30747842788696
Head 0,152431175112724 0,896557211875916 2,26310062408447
ShoulderLeft 0,00829553697258234 0,573973417282104 2,29242992401123
ElbowLeft -0,0925677418708801 0,36904963850975 2,24094653129578
WristLeft -0,268378436565399 0,390074551105499 2,11078715324402
HandLeft -0,309199750423431 0,410346031188965 2,07944965362549
ShoulderRight 0,338340759277344 0,596097826957703 2,2976713180542
ElbowRight 0,404153972864151 0,336510002613068 2,31532549858093
WristRight 0,41203436255455 0,129311680793762 2,2584867477417
HandRight 0,410386681556702 0,0685458406805992 2,24895024299622
HipLeft 0,112820908427238 0,180694118142128 2,25615668296814
KneeLeft 0,10325662791729 -0,31810787320137 2,33219623565674
AnkleLeft 0,109200999140739 -0,656922996044159 2,32597875595093
FootLeft 0,0902041718363762 -0,730410039424896 2,26688742637634
HipRight 0,26460936665535 0,187566488981247 2,26713132858276
KneeRight 0,288037300109863 -0,312602907419205 2,34080219268799
AnkleRight 0,299385815858841 -0,654161334037781 2,35542130470276
FootRight 0,309932738542557 -0,726867735385895 2,29511976242065

