HipCenter 0,185091361403465 0,258246272802353 2,2733314037323
Spine 0,181853339076042 0,32746696472168 2,32833743095398
ShoulderCenter 0,171745240688324 0,709457755088806 2,31122088432312
Head 0,150020495057106 0,895031630992889 2,264000415802
ShoulderLeft 0,00707486970350146 0,576147615909576 2,29401469230652
ElbowLeft -0,0460305213928223 0,346573203802109 2,21503973007202
WristLeft -0,132561832666397 0,388418972492218 2,0120542049408
HandLeft -0,132401719689369 0,425747931003571 1,96547305583954
ShoulderRight 0,337689459323883 0,596542656421661 2,30296683311462
ElbowRight 0,403837442398071 0,336341768503189 2,32173562049866
WristRight 0,41257181763649 0,128420516848564 2,2685341835022
HandRight 0,409819781780243 0,0747166872024536 2,2575511932373
HipLeft 0,111330695450306 0,18044638633728 2,25828838348389
KneeLeft 0,101963840425014 -0,316221475601196 2,33275294303894
AnkleLeft 0,108918540179729 -0,655194759368896 2,32688426971436
FootLeft 0,0894204825162888 -0,730268716812134 2,26373696327209
HipRight 0,263324558734894 0,187259465456009 2,27226734161377
KneeRight 0,287445664405823 -0,314168304204941 2,34043717384338
AnkleRight 0,298639327287674 -0,655133783817291 2,35352730751038
FootRight 0,308519095182419 -0,727075159549713 2,29582166671753

