HipCenter 0,184715330600739 0,256317496299744 2,27596616744995
Spine 0,17929781973362 0,325605869293213 2,33119773864746
ShoulderCenter 0,169817835092545 0,70889538526535 2,31485557556152
Head 0,148627400398254 0,893557488918304 2,26588320732117
ShoulderLeft 0,0104341600090265 0,578980326652527 2,28824210166931
ElbowLeft -0,0458046421408653 0,337081253528595 2,19394826889038
WristLeft -0,0589498318731785 0,385626614093781 1,97371423244476
HandLeft -0,0562349818646908 0,410852134227753 1,95021414756775
ShoulderRight 0,335389792919159 0,59803980588913 2,3092257976532
ElbowRight 0,401486992835999 0,334465116262436 2,3287627696991
WristRight 0,412521332502365 0,126471191644669 2,27422118186951
HandRight 0,411001831293106 0,0388213619589806 2,25579786300659
HipLeft 0,111554495990276 0,179453834891319 2,25870442390442
KneeLeft 0,100691117346287 -0,31512051820755 2,33235359191895
AnkleLeft 0,10860937833786 -0,658232390880585 2,32532620429993
FootLeft 0,0895094498991966 -0,730914831161499 2,2669529914856
HipRight 0,262480229139328 0,185973048210144 2,27686142921448
KneeRight 0,286481112241745 -0,314290702342987 2,34048557281494
AnkleRight 0,297517657279968 -0,655868828296661 2,3519389629364
FootRight 0,308698028326035 -0,72653716802597 2,29561996459961

