HipCenter 0,1854068338871 0,257114499807358 2,27654242515564
Spine 0,179985493421555 0,325910687446594 2,33216214179993
ShoulderCenter 0,170978009700775 0,709222316741943 2,31842088699341
Head 0,148833245038986 0,890071153640747 2,27057719230652
ShoulderLeft 0,00962396897375584 0,582369029521942 2,29140710830688
ElbowLeft -0,0527753494679928 0,342091530561447 2,20064687728882
WristLeft -0,0163479521870613 0,356422275304794 1,97749865055084
HandLeft -0,0108386054635048 0,391497492790222 1,96198165416718
ShoulderRight 0,336549937725067 0,597777128219604 2,3118724822998
ElbowRight 0,402783542871475 0,334409683942795 2,32888698577881
WristRight 0,414130687713623 0,126645773649216 2,27076864242554
HandRight 0,414974957704544 0,0602976866066456 2,26150059700012
HipLeft 0,112507164478302 0,180250734090805 2,25850367546082
KneeLeft 0,101512432098389 -0,315978437662125 2,33144235610962
AnkleLeft 0,109126165509224 -0,656818866729736 2,32574677467346
FootLeft 0,0888825654983521 -0,731846511363983 2,26322221755981
HipRight 0,263201206922531 0,186586171388626 2,27713584899902
KneeRight 0,287541776895523 -0,312640398740768 2,33953285217285
AnkleRight 0,296032816171646 -0,652233421802521 2,3527500629425
FootRight 0,309820711612701 -0,727473199367523 2,29591679573059

