HipCenter -0,0253821648657322 0,124937549233437 2,53419089317322
Spine -0,0612931177020073 0,170777410268784 2,49711990356445
ShoulderCenter -0,243858948349953 0,396259158849716 2,32389378547668
Head -0,327051997184753 0,524702072143555 2,22387742996216
ShoulderLeft -0,324756324291229 0,370647311210632 2,34243535995483
ElbowLeft -0,251190543174744 0,163282945752144 2,47498774528503
WristLeft -0,22081570327282 -0,0307939201593399 2,50205087661743
HandLeft -0,196549832820892 -0,0999661311507225 2,53663778305054
ShoulderRight -0,0304584074765444 0,409860610961914 2,36075329780579
ElbowRight 0,150896623730659 0,258892297744751 2,46847486495972
WristRight 0,293078124523163 0,0957832112908363 2,56639242172241
HandRight 0,308390855789185 0,0223256181925535 2,58028650283813
HipLeft -0,0461444668471813 0,0617426708340645 2,57261919975281
KneeLeft 0,0144544802606106 -0,295548409223557 2,55774211883545
AnkleLeft 0,0500038266181946 -0,643832266330719 2,5796947479248
FootLeft 0,0581872463226318 -0,702058970928192 2,52142930030823
HipRight 0,0692637711763382 0,0963447913527489 2,55907940864563
KneeRight 0,247724980115891 -0,295134276151657 2,62938046455383
AnkleRight 0,297037243843079 -0,653238475322723 2,67020869255066
FootRight 0,305220663547516 -0,711465179920197 2,61194324493408

