HipCenter 0,0880606174468994 0,242125079035759 2,06326675415039
Spine 0,0790714472532272 0,321076184511185 2,0972945690155
ShoulderCenter 0,0742024779319763 0,728626370429993 2,08519864082336
Head 0,0736097022891045 0,913937568664551 2,03785634040833
ShoulderLeft -0,0835327804088593 0,607653498649597 2,04508709907532
ElbowLeft -0,215597823262215 0,515291094779968 1,85693824291229
WristLeft -0,324722737073898 0,428241848945618 1,66351866722107
HandLeft -0,359125971794128 0,389049470424652 1,60279977321625
ShoulderRight 0,237973108887672 0,623420476913452 2,11581420898438
ElbowRight 0,318536251783371 0,340337157249451 2,11642694473267
WristRight 0,314370930194855 0,123046442866325 2,03644561767578
HandRight 0,318163841962814 0,0722291618585587 2,0158474445343
HipLeft 0,0146776307374239 0,166639268398285 2,03794836997986
KneeLeft -0,0239875353872776 -0,269497752189636 2,11896562576294
AnkleLeft -0,00456394115462899 -0,647086143493652 2,1508641242981
FootLeft -0,0213510729372501 -0,731268703937531 2,09508395195007
HipRight 0,165555089712143 0,167618602514267 2,07790327072144
KneeRight 0,189904987812042 -0,268117696046829 2,13174939155579
AnkleRight 0,185391053557396 -0,662624955177307 2,17597460746765
FootRight 0,20913664996624 -0,735353708267212 2,13299679756165

