HipCenter 0,0882164910435677 0,243632256984711 2,04868364334106
Spine 0,0815672874450684 0,321796745061874 2,08307647705078
ShoulderCenter 0,0720997825264931 0,728339076042175 2,06629800796509
Head 0,0717581510543823 0,915100812911987 2,02079606056213
ShoulderLeft -0,103679724037647 0,601274251937866 2,04357624053955
ElbowLeft -0,145209088921547 0,339917451143265 2,01861453056335
WristLeft -0,158456057310104 0,115626454353333 1,97293722629547
HandLeft -0,175636753439903 0,0646117329597473 1,9271674156189
ShoulderRight 0,237997472286224 0,609494864940643 2,08282804489136
ElbowRight 0,330165594816208 0,349471062421799 2,08463573455811
WristRight 0,318758010864258 0,130871012806892 2,0106897354126
HandRight 0,323632955551147 0,0780852735042572 1,99060916900635
HipLeft 0,0138296606019139 0,165483355522156 2,03386044502258
KneeLeft -0,0188536532223225 -0,27113288640976 2,11569595336914
AnkleLeft -0,000464899465441704 -0,647843182086945 2,14995384216309
FootLeft -0,0223995205014944 -0,733040988445282 2,09438991546631
HipRight 0,167763397097588 0,167466670274734 2,05303406715393
KneeRight 0,196335360407829 -0,268727481365204 2,12756991386414
AnkleRight 0,185519307851791 -0,662655055522919 2,17799162864685
FootRight 0,20971605181694 -0,736221730709076 2,13210248947144

