HipCenter 0,0880340188741684 0,244113549590111 2,0475447177887
Spine 0,0822824165225029 0,322257488965988 2,08087682723999
ShoulderCenter 0,0722422525286675 0,728208541870117 2,0665431022644
Head 0,0717391297221184 0,915111184120178 2,02096343040466
ShoulderLeft -0,10565347969532 0,601073086261749 2,04701042175293
ElbowLeft -0,146439120173454 0,342397809028625 2,01663994789124
WristLeft -0,166292756795883 0,123347416520119 1,94655406475067
HandLeft -0,179282933473587 0,0377964079380035 1,89820683002472
ShoulderRight 0,238198041915894 0,609200835227966 2,08033084869385
ElbowRight 0,329869985580444 0,347580403089523 2,08062887191772
WristRight 0,315726071596146 0,1295185983181 2,00517535209656
HandRight 0,319429725408554 0,0794787779450417 1,98607444763184
HipLeft 0,0131895458325744 0,165683075785637 2,03335785865784
KneeLeft -0,0182659588754177 -0,27017468214035 2,11503982543945
AnkleLeft -0,00090942915994674 -0,647621035575867 2,14944291114807
FootLeft -0,0216383840888739 -0,732055902481079 2,09252619743347
HipRight 0,167907953262329 0,167498677968979 2,05017495155334
KneeRight 0,1973497569561 -0,266992330551147 2,12588548660278
AnkleRight 0,185752689838409 -0,662904024124146 2,17752933502197
FootRight 0,209605813026428 -0,736153304576874 2,13209891319275

