HipCenter 0,0914133936166763 0,250138729810715 2,0607795715332
Spine 0,0810884535312653 0,324319899082184 2,09280920028687
ShoulderCenter 0,0870721191167831 0,711575150489807 2,07965779304504
Head 0,0663456469774246 0,895358860492706 2,03213214874268
ShoulderLeft -0,088041678071022 0,619890630245209 2,0373969078064
ElbowLeft -0,265843898057938 0,699281871318817 1,88318288326263
WristLeft -0,455586373806 0,784004628658295 1,73439753055573
HandLeft -0,512412428855896 0,809378266334534 1,69415593147278
ShoulderRight 0,237093701958656 0,651454508304596 2,135737657547
ElbowRight 0,304261565208435 0,35167932510376 2,11740136146545
WristRight 0,309706658124924 0,131722450256348 2,04638910293579
HandRight 0,312481999397278 0,0690213590860367 2,02167534828186
HipLeft 0,0174222625792027 0,168456614017487 2,0262279510498
KneeLeft -0,0259205028414726 -0,27024045586586 2,11746501922607
AnkleLeft -0,00397054804489017 -0,647024810314178 2,15117573738098
FootLeft -0,022429782897234 -0,731774926185608 2,09039711952209
HipRight 0,16711550951004 0,17384397983551 2,08384132385254
KneeRight 0,185483351349831 -0,270511448383331 2,13092231750488
AnkleRight 0,18457667529583 -0,662748873233795 2,17584133148193
FootRight 0,20913465321064 -0,735629379749298 2,13302254676819

