HipCenter 0,10017953813076 0,201836317777634 2,59106731414795
Spine 0,100824251770973 0,25605520606041 2,64604449272156
ShoulderCenter 0,0945239439606667 0,573237895965576 2,63234710693359
Head 0,0760858356952667 0,736290633678436 2,64697647094727
ShoulderLeft -0,0597358457744122 0,577331483364105 2,70025300979614
ElbowLeft -0,149370074272156 0,778733015060425 2,65151572227478
WristLeft -0,179343640804291 0,980273425579071 2,66316890716553
HandLeft -0,189824283123016 1,04868674278259 2,67312955856323
ShoulderRight 0,241392284631729 0,564022183418274 2,68931269645691
ElbowRight 0,315144717693329 0,793930292129517 2,65458703041077
WristRight 0,317104279994965 1,01912879943848 2,64937925338745
HandRight 0,33871328830719 1,08338487148285 2,67266941070557
HipLeft 0,0346267372369766 0,13552537560463 2,57706570625305
KneeLeft -0,00753096491098404 -0,452258795499802 2,60836124420166
AnkleLeft -0,00874012429267168 -0,827220320701599 2,58592557907104
FootLeft -0,0217232778668404 -0,902602732181549 2,52439332008362
HipRight 0,167468681931496 0,134137317538261 2,58454632759094
KneeRight 0,206663459539413 -0,454750716686249 2,60201501846313
AnkleRight 0,204946786165237 -0,836982131004334 2,59111857414246
FootRight 0,209191501140594 -0,909308195114136 2,52095532417297

