HipCenter 0,103356517851353 0,0873042717576027 2,58553504943848
Spine 0,105345480144024 0,152109161019325 2,64686608314514
ShoulderCenter 0,108281821012497 0,540761530399323 2,66913366317749
Head 0,0946701318025589 0,725123345851898 2,66129064559937
ShoulderLeft -0,0598629228770733 0,415778458118439 2,62865567207336
ElbowLeft -0,109636671841145 0,180999457836151 2,58373165130615
WristLeft -0,142152354121208 -0,0213614013046026 2,4707989692688
HandLeft -0,139407008886337 -0,0936422422528267 2,42765307426453
ShoulderRight 0,265049010515213 0,409548372030258 2,61994099617004
ElbowRight 0,318044811487198 0,156054422259331 2,55322408676147
WristRight 0,347364753484726 -0,0277617424726486 2,45482444763184
HandRight 0,365551769733429 -0,0926531255245209 2,41179180145264
HipLeft 0,0296546276658773 0,0169182810932398 2,5660994052887
KneeLeft -0,00409847730770707 -0,492973417043686 2,61354541778564
AnkleLeft -0,00752058671787381 -0,826830863952637 2,58384442329407
FootLeft -0,0206320695579052 -0,901345491409302 2,52307391166687
HipRight 0,17446006834507 0,015732042491436 2,57385420799255
KneeRight 0,208362489938736 -0,499776095151901 2,60678863525391
AnkleRight 0,205112427473068 -0,835174202919006 2,59079933166504
FootRight 0,213143035769463 -0,911542415618896 2,51701188087463

