HipCenter 0,102576144039631 0,108858108520508 2,5909571647644
Spine 0,102716639637947 0,171350225806236 2,6501567363739
ShoulderCenter 0,099783293902874 0,542661011219025 2,65471577644348
Head 0,0924899578094482 0,718845844268799 2,65011525154114
ShoulderLeft -0,0560130141675472 0,443560659885406 2,63038921356201
ElbowLeft -0,168616816401482 0,500169098377228 2,37684416770935
WristLeft -0,163553297519684 0,565200924873352 2,16101884841919
HandLeft -0,176914274692535 0,591438889503479 2,08985662460327
ShoulderRight 0,244039297103882 0,449284672737122 2,626793384552
ElbowRight 0,323060542345047 0,503681659698486 2,36054491996765
WristRight 0,310188710689545 0,568904995918274 2,15249395370483
HandRight 0,298163205385208 0,606849253177643 2,07957577705383
HipLeft 0,0347513779997826 0,0411116294562817 2,57331609725952
KneeLeft -0,00464564980939031 -0,4867262840271 2,61627221107483
AnkleLeft -0,0073245856910944 -0,828135967254639 2,58445572853088
FootLeft -0,023696169257164 -0,904219448566437 2,52199196815491
HipRight 0,171687960624695 0,0426777526736259 2,58395218849182
KneeRight 0,210068672895432 -0,488237321376801 2,61019515991211
AnkleRight 0,204426571726799 -0,834836959838867 2,59285497665405
FootRight 0,2094906270504 -0,909790396690369 2,52332592010498

