HipCenter 0,110773392021656 0,305094838142395 2,4657289981842
Spine 0,111202701926231 0,359281539916992 2,52257561683655
ShoulderCenter 0,109064117074013 0,685976266860962 2,52042293548584
Head 0,0912597477436066 0,842164635658264 2,50251078605652
ShoulderLeft -0,0580796040594578 0,651638805866241 2,5191855430603
ElbowLeft -0,148645848035812 0,839342594146729 2,45229744911194
WristLeft -0,172957271337509 1,05987083911896 2,40055298805237
HandLeft -0,17632694542408 1,12356853485107 2,39001607894897
ShoulderRight 0,248713672161102 0,660200119018555 2,51587796211243
ElbowRight 0,329556167125702 0,872335255146027 2,4403247833252
WristRight 0,273559063673019 1,06904661655426 2,38544940948486
HandRight 0,254783630371094 1,12551462650299 2,37377405166626
HipLeft 0,0431478172540665 0,234565570950508 2,4509265422821
KneeLeft 0,0104656051844358 -0,263775259256363 2,49673509597778
AnkleLeft 0,0191637463867664 -0,640018820762634 2,51385688781738
FootLeft 0,0121957128867507 -0,727018892765045 2,48378157615662
HipRight 0,179068401455879 0,239246129989624 2,45669674873352
KneeRight 0,222165450453758 -0,267117977142334 2,49616479873657
AnkleRight 0,210409566760063 -0,654309332370758 2,51632642745972
FootRight 0,20879265666008 -0,688900530338287 2,43751740455627

