HipCenter 0,109745554625988 0,308908492326736 2,46253871917725
Spine 0,109566435217857 0,362912625074387 2,51905536651611
ShoulderCenter 0,107073456048965 0,686094701290131 2,5131983757019
Head 0,0865857154130936 0,84050190448761 2,48559165000916
ShoulderLeft -0,0618405193090439 0,656718552112579 2,51909399032593
ElbowLeft -0,156965434551239 0,840349912643433 2,46158218383789
WristLeft -0,195515900850296 1,04456102848053 2,42556071281433
HandLeft -0,221861466765404 1,09377241134644 2,40804433822632
ShoulderRight 0,247561648488045 0,668236315250397 2,51952815055847
ElbowRight 0,32206004858017 0,867259562015533 2,44783878326416
WristRight 0,263534635305405 1,07453060150146 2,41891622543335
HandRight 0,240732237696648 1,13482117652893 2,4158890247345
HipLeft 0,0421027690172195 0,237783223390579 2,44778275489807
KneeLeft 0,0111904600635171 -0,265663176774979 2,49529814720154
AnkleLeft 0,0194395724684 -0,645079851150513 2,51333236694336
FootLeft 0,011231710202992 -0,727939546108246 2,4848804473877
HipRight 0,178125202655792 0,242555484175682 2,45474553108215
KneeRight 0,221288502216339 -0,265953660011292 2,49419856071472
AnkleRight 0,210224568843842 -0,652026414871216 2,51513528823853
FootRight 0,209466055035591 -0,686767816543579 2,43627524375916

