HipCenter -0,204339757561684 0,0241747312247753 2,0683867931366
Spine -0,245606914162636 0,107298195362091 2,1229076385498
ShoulderCenter -0,283463358879089 0,585492968559265 2,13016271591187
Head -0,290755122900009 0,785647869110107 2,14996719360352
ShoulderLeft -0,269601762294769 0,415284723043442 1,99880290031433
ElbowLeft -0,271151214838028 0,193139851093292 1,91043400764465
WristLeft -0,0329453498125076 0,150588572025299 1,90192151069641
HandLeft 0,0366110727190971 0,15008544921875 1,90389895439148
ShoulderRight -0,151621505618095 0,385366559028625 2,06334137916565
ElbowRight -0,0722498297691345 0,160134926438332 2,23301672935486
WristRight 0,0200575739145279 -0,00668518245220184 1,97237360477448
HandRight 0,0119540318846703 -0,0884551778435707 1,95441055297852
HipLeft -0,232665285468102 -0,00765566807240248 2,04775857925415
KneeLeft -0,21689547598362 -0,410165756940842 1,96317172050476
AnkleLeft -0,269407659769058 -0,774489223957062 1,9127289056778
FootLeft -0,238576710224152 -0,82903927564621 1,84049010276794
HipRight -0,167727664113045 -0,00381104438565671 2,08021712303162
KneeRight -0,132533982396126 -0,433398485183716 2,20206904411316
AnkleRight -0,19450968503952 -0,785698533058167 2,08331418037415
FootRight -0,163415834307671 -0,85542768239975 2,1391122341156

