HipCenter -0,186137914657593 0,0582160651683807 2,07463192939758
Spine -0,242479413747787 0,135908886790276 2,11274027824402
ShoulderCenter -0,258416920900345 0,588417410850525 2,1378915309906
Head -0,268104016780853 0,77560943365097 2,15113544464111
ShoulderLeft -0,252825677394867 0,415325045585632 1,99458014965057
ElbowLeft -0,198494091629982 0,20645771920681 1,91285037994385
WristLeft 0,00856100022792816 0,128046035766602 1,91429090499878
HandLeft 0,106253072619438 0,11782456189394 1,92449414730072
ShoulderRight -0,108817383646965 0,469270050525665 2,22725415229797
ElbowRight -0,131370827555656 0,247641831636429 2,28316712379456
WristRight -0,00777879357337952 0,0783144533634186 2,0529465675354
HandRight 0,0477485656738281 -0,0917542427778244 1,9533371925354
HipLeft -0,218115791678429 0,0181527659296989 2,05311369895935
KneeLeft -0,215802311897278 -0,403680980205536 1,95360255241394
AnkleLeft -0,261795312166214 -0,701006352901459 1,91865301132202
FootLeft -0,245925083756447 -0,774933576583862 1,95111966133118
HipRight -0,144275277853012 0,0249287020415068 2,08384799957275
KneeRight -0,128724649548531 -0,479413717985153 2,20023322105408
AnkleRight -0,191509082913399 -0,813004910945892 2,07470345497131
FootRight -0,16226701438427 -0,855774402618408 2,13794803619385

