HipCenter -0,194805428385735 0,025615643709898 2,06415557861328
Spine -0,236080944538116 0,108909547328949 2,1184983253479
ShoulderCenter -0,27010977268219 0,587307095527649 2,13021993637085
Head -0,2763671875 0,781448662281036 2,14619660377502
ShoulderLeft -0,257454574108124 0,415614902973175 1,99656188488007
ElbowLeft -0,230171039700508 0,199666619300842 1,91286647319794
WristLeft -0,0115246176719666 0,150044798851013 1,90440428256989
HandLeft 0,0596488937735558 0,144734561443329 1,90856218338013
ShoulderRight -0,138012394309044 0,386464416980743 2,06329703330994
ElbowRight -0,0604227557778358 0,164210245013237 2,22527742385864
WristRight 0,0240605846047401 0,00154335796833038 1,96837520599365
HandRight 0,0271245110780001 -0,091593012213707 1,95664370059967
HipLeft -0,224169597029686 -0,00578073551878333 2,04520153999329
KneeLeft -0,216292023658752 -0,40818452835083 1,95740950107574
AnkleLeft -0,274966835975647 -0,766834020614624 1,91926050186157
FootLeft -0,233713611960411 -0,823792397975922 1,84078431129456
HipRight -0,157489627599716 -0,00312587758526206 2,07519936561584
KneeRight -0,127138242125511 -0,438719272613525 2,20066237449646
AnkleRight -0,185800850391388 -0,781280517578125 2,06456327438354
FootRight -0,163805946707726 -0,85519415140152 2,13540458679199

