HipCenter -0,20121194422245 0,0235557984560728 2,07070398330688
Spine -0,243438705801964 0,106991589069366 2,1239640712738
ShoulderCenter -0,280758917331696 0,585402607917786 2,12949681282043
Head -0,289153456687927 0,783114850521088 2,14752221107483
ShoulderLeft -0,265078157186508 0,414256155490875 1,9969162940979
ElbowLeft -0,217342615127563 0,192253559827805 1,91523575782776
WristLeft 0,00232876837253571 0,132390379905701 1,90313589572906
HandLeft 0,0387364216148853 0,149114221334457 1,9052038192749
ShoulderRight -0,14890593290329 0,385241478681564 2,06267356872559
ElbowRight -0,0740973129868507 0,161444485187531 2,23122787475586
WristRight 0,0180172026157379 -0,00254747271537781 1,97222280502319
HandRight 0,0125175910070539 -0,09048792719841 1,95644044876099
HipLeft -0,228980988264084 -0,0068437303416431 2,05149030685425
KneeLeft -0,217942133545876 -0,409367829561234 1,96275722980499
AnkleLeft -0,268049776554108 -0,771460115909576 1,9125167131424
FootLeft -0,234724372625351 -0,827361941337585 1,8405534029007
HipRight -0,165146589279175 -0,00472425576299429 2,08215570449829
KneeRight -0,130697384476662 -0,441922754049301 2,20179390907288
AnkleRight -0,191542431712151 -0,796826422214508 2,10601806640625
FootRight -0,159504160284996 -0,863058865070343 2,14253377914429

