HipCenter -0,202577576041222 0,0238303486257792 2,07205057144165
Spine -0,244254976511002 0,107434004545212 2,12519598007202
ShoulderCenter -0,282457947731018 0,585752606391907 2,12964010238647
Head -0,288637548685074 0,784969091415405 2,14848470687866
ShoulderLeft -0,267546087503433 0,415104240179062 1,99832582473755
ElbowLeft -0,210962936282158 0,189931690692902 1,9152295589447
WristLeft 0,0150991231203079 0,152360737323761 1,90067207813263
HandLeft 0,0832709223031998 0,136709570884705 1,90313291549683
ShoulderRight -0,150615483522415 0,385618269443512 2,06281757354736
ElbowRight -0,0716959908604622 0,161361962556839 2,23236036300659
WristRight 0,0239720121026039 -0,00952567160129547 1,97698497772217
HandRight 0,0133585650473833 -0,0869789272546768 1,95195722579956
HipLeft -0,230442762374878 -0,00718307960778475 2,05153799057007
KneeLeft -0,223220780491829 -0,412804156541824 1,95063102245331
AnkleLeft -0,275519222021103 -0,776588797569275 1,92339134216309
FootLeft -0,233483076095581 -0,827162325382233 1,84577035903931
HipRight -0,166215091943741 -0,00456648552790284 2,08539843559265
KneeRight -0,133823469281197 -0,429671704769135 2,19115543365479
AnkleRight -0,191537976264954 -0,784235596656799 2,08400797843933
FootRight -0,163418129086494 -0,855601131916046 2,13909125328064

