HipCenter 0,0818491727113724 0,0977806970477104 2,48681426048279
Spine 0,0929217040538788 0,169958800077438 2,54617261886597
ShoulderCenter 0,0752293840050697 0,580756485462189 2,54990172386169
Head 0,0509260892868042 0,753839373588562 2,59708976745605
ShoulderLeft -0,0678106024861336 0,440305322408676 2,54666209220886
ElbowLeft 0,112905614078045 0,315133899450302 2,402010679245
WristLeft 0,167687058448792 0,489679574966431 2,40451288223267
HandLeft 0,18594753742218 0,547861456871033 2,41020393371582
ShoulderRight 0,18107271194458 0,441479027271271 2,48862361907959
ElbowRight 0,210981637239456 0,222756057977676 2,43113088607788
WristRight 0,178288698196411 0,436206310987473 2,39216327667236
HandRight 0,167391046881676 0,507356405258179 2,38403105735779
HipLeft 0,0340330116450787 0,0454969927668571 2,48534822463989
KneeLeft -0,0101083479821682 -0,476719528436661 2,44891500473022
AnkleLeft -0,00637701386585832 -0,832125067710876 2,47038316726685
FootLeft -0,0156224053353071 -0,90310674905777 2,41944885253906
HipRight 0,130756929516792 0,0461825132369995 2,47149920463562
KneeRight 0,193220362067223 -0,486844956874847 2,45901346206665
AnkleRight 0,233141675591469 -0,846780717372894 2,47399473190308
FootRight 0,227957487106323 -0,920639514923096 2,42912721633911

