HipCenter 0,0819564089179039 0,0968608036637306 2,48669600486755
Spine 0,089952826499939 0,169205069541931 2,54667615890503
ShoulderCenter 0,0752129033207893 0,580739855766296 2,54981637001038
Head 0,0509430393576622 0,753890633583069 2,59711623191834
ShoulderLeft -0,0369460768997669 0,439500123262405 2,52568459510803
ElbowLeft 0,149790614843369 0,354900449514389 2,38181209564209
WristLeft 0,149125218391418 0,533317685127258 2,4114396572113
HandLeft 0,148903414607048 0,592790126800537 2,42616868019104
ShoulderRight 0,180686727166176 0,441996902227402 2,48828744888306
ElbowRight 0,210588276386261 0,220170632004738 2,43083786964417
WristRight 0,178523689508438 0,434513032436371 2,3938136100769
HandRight 0,167835488915443 0,505960464477539 2,38632535934448
HipLeft 0,0345263257622719 0,0454432256519794 2,48536944389343
KneeLeft -0,010032569989562 -0,475787997245789 2,44909119606018
AnkleLeft -0,00668427534401417 -0,832887232303619 2,47035241127014
FootLeft -0,0156926121562719 -0,903140604496002 2,41890525817871
HipRight 0,130460292100906 0,0460123419761658 2,47148704528809
KneeRight 0,193326398730278 -0,486494094133377 2,45911765098572
AnkleRight 0,233366653323174 -0,846345067024231 2,47401666641235
FootRight 0,227810606360435 -0,919433951377869 2,42796111106873

