HipCenter 0,0792656093835831 0,0988247096538544 2,48341703414917
Spine 0,0900939702987671 0,170786336064339 2,54307508468628
ShoulderCenter 0,0707493722438812 0,581853628158569 2,55063700675964
Head 0,0500817187130451 0,763432443141937 2,59473347663879
ShoulderLeft -0,066350132226944 0,435983598232269 2,53940677642822
ElbowLeft 0,112430334091187 0,262084066867828 2,4228847026825
WristLeft 0,193652629852295 0,438456565141678 2,43139123916626
HandLeft 0,220726728439331 0,497247397899628 2,43903923034668
ShoulderRight 0,174251273274422 0,440399765968323 2,48264217376709
ElbowRight 0,205368429422379 0,178828418254852 2,44225764274597
WristRight 0,128999441862106 0,350109130144119 2,37248969078064
HandRight 0,103543110191822 0,407202690839767 2,35404634475708
HipLeft 0,0304500851780176 0,0444831326603889 2,48026418685913
KneeLeft -0,00988537259399891 -0,479932814836502 2,44749426841736
AnkleLeft -0,00552873313426971 -0,831806361675262 2,46784687042236
FootLeft -0,0164179615676403 -0,905267417430878 2,41918897628784
HipRight 0,130355566740036 0,0462671890854836 2,46883678436279
KneeRight 0,193061083555222 -0,489524275064468 2,45730185508728
AnkleRight 0,235414564609528 -0,845140695571899 2,47372722625732
FootRight 0,229155585169792 -0,91528308391571 2,42883014678955

