HipCenter 0,0786942914128304 0,0949469804763794 2,48255228996277
Spine 0,088238537311554 0,167711555957794 2,54241228103638
ShoulderCenter 0,068138524889946 0,581708371639252 2,54935503005981
Head 0,0495878830552101 0,764255285263062 2,58736801147461
ShoulderLeft -0,0549858920276165 0,439075440168381 2,52887177467346
ElbowLeft 0,152654260396957 0,310389578342438 2,39576029777527
WristLeft 0,155579835176468 0,501348853111267 2,4273087978363
HandLeft 0,156555026769638 0,565001964569092 2,44264721870422
ShoulderRight 0,174251183867455 0,434632807970047 2,47797703742981
ElbowRight 0,216069906949997 0,202028334140778 2,438716173172
WristRight 0,143014848232269 0,372037589550018 2,35828614234924
HandRight 0,118663161993027 0,428707331418991 2,33629822731018
HipLeft 0,0303356926888227 0,0424437299370766 2,47946214675903
KneeLeft -0,0101247020065784 -0,480192720890045 2,44706964492798
AnkleLeft -0,00432484317570925 -0,83420342206955 2,46778059005737
FootLeft -0,0163003373891115 -0,905118227005005 2,41896748542786
HipRight 0,129095882177353 0,0435724891722202 2,46821475028992
KneeRight 0,193318322300911 -0,488293081521988 2,45701336860657
AnkleRight 0,233706906437874 -0,841050088405609 2,47447633743286
FootRight 0,230656504631042 -0,916780531406403 2,42924571037292

