HipCenter 0,0771522521972656 0,0955091789364815 2,48232293128967
Spine 0,0878666639328003 0,167843461036682 2,54203128814697
ShoulderCenter 0,0639534071087837 0,579570651054382 2,55029678344727
Head 0,0393464937806129 0,761389672756195 2,58425998687744
ShoulderLeft -0,0684231221675873 0,434710025787354 2,53843259811401
ElbowLeft 0,140639513731003 0,310835123062134 2,40171313285828
WristLeft 0,160082146525383 0,502396881580353 2,42717981338501
HandLeft 0,166563019156456 0,566250801086426 2,44049382209778
ShoulderRight 0,174374371767044 0,428410410881042 2,47703123092651
ElbowRight 0,213569596409798 0,205146908760071 2,43851399421692
WristRight 0,145134478807449 0,377813339233398 2,35944581031799
HandRight 0,122322767972946 0,435368806123734 2,33791494369507
HipLeft 0,0276679508388042 0,0413789376616478 2,47906470298767
KneeLeft -0,0101219723001122 -0,483792185783386 2,44684195518494
AnkleLeft -0,00457295123487711 -0,835246086120605 2,46844553947449
FootLeft -0,0160794705152512 -0,905409634113312 2,41913890838623
HipRight 0,128668129444122 0,0434690564870834 2,4677836894989
KneeRight 0,19301775097847 -0,487604320049286 2,45643019676209
AnkleRight 0,234062045812607 -0,842463791370392 2,47435092926025
FootRight 0,230741932988167 -0,91774719953537 2,42868041992188

