HipCenter 0,0789993405342102 0,0957883596420288 2,4679868221283
Spine 0,0887042284011841 0,168386518955231 2,52798199653625
ShoulderCenter 0,0712622627615929 0,58010333776474 2,52972197532654
Head 0,0455107539892197 0,770203530788422 2,57432818412781
ShoulderLeft -0,0663386881351471 0,435504376888275 2,51533341407776
ElbowLeft 0,146664947271347 0,384445905685425 2,35651326179504
WristLeft 0,145941019058228 0,578560352325439 2,3898766040802
HandLeft 0,145699709653854 0,643265187740326 2,40590143203735
ShoulderRight 0,180591002106667 0,433702766895294 2,46360564231873
ElbowRight 0,215611040592194 0,197614416480064 2,4177610874176
WristRight 0,13932740688324 0,449374496936798 2,33979439735413
HandRight 0,113899528980255 0,533294498920441 2,31870937347412
HipLeft 0,0285651069134474 0,0416623279452324 2,46438598632813
KneeLeft -0,0103096598759294 -0,481283724308014 2,4405779838562
AnkleLeft -0,00467326492071152 -0,834937930107117 2,47154664993286
FootLeft -0,0151064451783895 -0,904852688312531 2,42177581787109
HipRight 0,130977347493172 0,0424587726593018 2,45459747314453
KneeRight 0,191826358437538 -0,490778267383575 2,44976806640625
AnkleRight 0,235726624727249 -0,849029660224915 2,47362804412842
FootRight 0,235049724578857 -0,924197554588318 2,43022561073303

