HipCenter 0,0777568370103836 0,0988623574376106 2,46954441070557
Spine 0,087463453412056 0,170810475945473 2,52971243858337
ShoulderCenter 0,0679831430315971 0,580637991428375 2,53344559669495
Head 0,0381214767694473 0,770819902420044 2,5703010559082
ShoulderLeft -0,0722294375300407 0,430239528417587 2,51880264282227
ElbowLeft 0,134001061320305 0,375021666288376 2,36296486854553
WristLeft 0,133277148008347 0,569131791591644 2,39630317687988
HandLeft 0,133035838603973 0,633835196495056 2,41232776641846
ShoulderRight 0,179475024342537 0,430766940116882 2,46430802345276
ElbowRight 0,212681889533997 0,217375427484512 2,41878604888916
WristRight 0,168926060199738 0,409954607486725 2,35979413986206
HandRight 0,154340788722038 0,47414767742157 2,34504199028015
HipLeft 0,0255775656551123 0,0419152565300465 2,46472382545471
KneeLeft -0,00939006637781858 -0,480170607566834 2,44122362136841
AnkleLeft -0,00430542370304465 -0,834949731826782 2,47057271003723
FootLeft -0,0151669615879655 -0,904343903064728 2,42171001434326
HipRight 0,131957784295082 0,0435119159519672 2,45615291595459
KneeRight 0,192589521408081 -0,489512234926224 2,44987082481384
AnkleRight 0,234082505106926 -0,847492277622223 2,47183346748352
FootRight 0,235875427722931 -0,925302028656006 2,43326592445374

