HipCenter 0,0849727243185043 0,0908027738332748 2,48455715179443
Spine 0,0791183486580849 0,148108422756195 2,54760956764221
ShoulderCenter 0,0719583332538605 0,505260527133942 2,56105470657349
Head 0,0818294063210487 0,691647946834564 2,55889821052551
ShoulderLeft -0,0808146074414253 0,390961229801178 2,52347326278687
ElbowLeft -0,157356321811676 0,194823086261749 2,45400810241699
WristLeft -0,0909603089094162 0,029830202460289 2,34902667999268
HandLeft -0,0423787049949169 -0,0306757241487503 2,30269312858582
ShoulderRight 0,231379583477974 0,385425090789795 2,54362440109253
ElbowRight 0,284148782491684 0,15804061293602 2,49525165557861
WristRight 0,258870959281921 -0,0199319422245026 2,3941330909729
HandRight 0,232188105583191 -0,0913068056106567 2,34553670883179
HipLeft 0,0244523100554943 0,0223634578287601 2,46026110649109
KneeLeft -0,00983031000941992 -0,491636544466019 2,44492316246033
AnkleLeft -0,00575431017205119 -0,83206981420517 2,46985650062561
FootLeft -0,0155900660902262 -0,904328048229218 2,42094421386719
HipRight 0,149463698267937 0,0194307826459408 2,47745513916016
KneeRight 0,192797228693962 -0,514250040054321 2,45318222045898
AnkleRight 0,235400840640068 -0,840384483337402 2,47520732879639
FootRight 0,235026061534882 -0,919081687927246 2,42862462997437

