HipCenter 0,0788772329688072 0,0983918458223343 2,48525881767273
Spine 0,0869335234165192 0,170616433024406 2,54599094390869
ShoulderCenter 0,0704860240221024 0,582955479621887 2,55274415016174
Head 0,0522947497665882 0,754685878753662 2,59510827064514
ShoulderLeft -0,0429648645222187 0,443084299564362 2,52785205841064
ElbowLeft 0,134032711386681 0,307051539421082 2,39559841156006
WristLeft 0,153453797101974 0,484343588352203 2,41700196266174
HandLeft 0,159927487373352 0,543440937995911 2,42898225784302
ShoulderRight 0,181504309177399 0,44041246175766 2,48727679252625
ElbowRight 0,206906452775002 0,214036494493484 2,42587947845459
WristRight 0,161359295248985 0,453703790903091 2,37854838371277
HandRight 0,146176904439926 0,533592879772186 2,36761713027954
HipLeft 0,0308973286300898 0,0459092035889626 2,48487854003906
KneeLeft -0,0110934544354677 -0,475773930549622 2,4471800327301
AnkleLeft -0,00360362604260445 -0,833166778087616 2,4692587852478
FootLeft -0,0155745465308428 -0,90437638759613 2,42096424102783
HipRight 0,128706023097038 0,047425851225853 2,46811008453369
KneeRight 0,193027168512344 -0,4866042137146 2,45853114128113
AnkleRight 0,234768569469452 -0,847091019153595 2,47539472579956
FootRight 0,228954970836639 -0,917923808097839 2,42817568778992

