HipCenter 0,121043227612972 0,258823096752167 2,15631818771362
Spine 0,117886237800121 0,327533423900604 2,20603942871094
ShoulderCenter 0,106970459222794 0,701180338859558 2,1897988319397
Head 0,0850330516695976 0,899018883705139 2,14648985862732
ShoulderLeft -0,0636790841817856 0,559838712215424 2,16295623779297
ElbowLeft -0,110385701060295 0,360661387443542 2,09281349182129
WristLeft 0,081799179315567 0,388561010360718 2,00161218643188
HandLeft 0,117498405277729 0,400120407342911 1,9833117723465
ShoulderRight 0,26603639125824 0,589883804321289 2,17191958427429
ElbowRight 0,343031048774719 0,330873429775238 2,19060087203979
WristRight 0,35069540143013 0,126213207840919 2,13499426841736
HandRight 0,351597636938095 0,0764924436807632 2,12740540504456
HipLeft 0,0502862334251404 0,180238738656044 2,14141917228699
KneeLeft 0,0336309187114239 -0,319782972335815 2,22834038734436
AnkleLeft 0,030207734555006 -0,656965792179108 2,22540664672852
FootLeft 0,0193515978753567 -0,733198523521423 2,16079425811768
HipRight 0,196459889411926 0,188762843608856 2,15514302253723
KneeRight 0,215658858418465 -0,315738201141357 2,22494602203369
AnkleRight 0,214700788259506 -0,668798267841339 2,23059225082397
FootRight 0,238618031144142 -0,740842938423157 2,17172336578369

