HipCenter 0,125690907239914 0,26817125082016 2,15983819961548
Spine 0,125555202364922 0,335177451372147 2,20791101455688
ShoulderCenter 0,11551707983017 0,698566555976868 2,19243049621582
Head 0,0872329548001289 0,895284175872803 2,14858317375183
ShoulderLeft -0,0548705495893955 0,579713761806488 2,1867094039917
ElbowLeft -0,112936347723007 0,361301213502884 2,06402277946472
WristLeft -0,0100161731243134 0,328284353017807 1,87154757976532
HandLeft -0,0307050459086895 0,409107178449631 1,86316204071045
ShoulderRight 0,273200511932373 0,589267611503601 2,1752758026123
ElbowRight 0,349737942218781 0,331702589988709 2,19324994087219
WristRight 0,353321433067322 0,126993998885155 2,13898420333862
HandRight 0,356039345264435 0,0768071189522743 2,13298273086548
HipLeft 0,0563862733542919 0,192150741815567 2,15077638626099
KneeLeft 0,0362941846251488 -0,319001287221909 2,22718954086304
AnkleLeft 0,0308139473199844 -0,65716940164566 2,22481393814087
FootLeft 0,0187490247189999 -0,733874619007111 2,16104960441589
HipRight 0,198925629258156 0,196357846260071 2,15294170379639
KneeRight 0,219033241271973 -0,314799100160599 2,22568297386169
AnkleRight 0,215579971671104 -0,667112588882446 2,23141694068909
FootRight 0,239858895540237 -0,74129581451416 2,17475986480713

