HipCenter 0,0945286825299263 0,231056034564972 2,40189290046692
Spine 0,0955177545547485 0,291294991970062 2,45296788215637
ShoulderCenter 0,0987511426210403 0,626654744148254 2,44077849388123
Head 0,09746915102005 0,78924685716629 2,41578197479248
ShoulderLeft -0,0840573161840439 0,55236691236496 2,4565761089325
ElbowLeft -0,286686927080154 0,570144057273865 2,40364050865173
WristLeft -0,498349130153656 0,550577640533447 2,35858130455017
HandLeft -0,575419187545776 0,536266326904297 2,33552765846252
ShoulderRight 0,24360927939415 0,522177815437317 2,45006251335144
ElbowRight 0,28875407576561 0,276346832513809 2,42969298362732
WristRight 0,324140787124634 0,0819094181060791 2,36130356788635
HandRight 0,319639652967453 0,00498959422111511 2,33411598205566
HipLeft 0,0209624376147985 0,158488407731056 2,3900682926178
KneeLeft 0,014160068705678 -0,322346389293671 2,36522364616394
AnkleLeft 0,0385841727256775 -0,636195182800293 2,47437214851379
FootLeft 0,0777454525232315 -0,693483412265778 2,46997785568237
HipRight 0,166501969099045 0,156961128115654 2,39441299438477
KneeRight 0,184217914938927 -0,320645898580551 2,38395214080811
AnkleRight 0,165842562913895 -0,60017591714859 2,48571538925171
FootRight 0,145791992545128 -0,689047634601593 2,48378229141235

