HipCenter -0,04472341760993 0,202421367168427 2,39353203773499
Spine -0,0327146612107754 0,270242840051651 2,43702054023743
ShoulderCenter -0,0403095781803131 0,631647109985352 2,42370510101318
Head -0,0222350209951401 0,759029567241669 2,37809896469116
ShoulderLeft -0,166648402810097 0,570672452449799 2,45782876014709
ElbowLeft 0,0109642101451755 0,494189143180847 2,29633545875549
WristLeft 0,0782742500305176 0,319076895713806 2,29312896728516
HandLeft 0,121396638453007 0,282112717628479 2,29687452316284
ShoulderRight 0,0826031118631363 0,549878239631653 2,38450884819031
ElbowRight 0,108760572969913 0,371995627880096 2,30502128601074
WristRight 0,0335271134972572 0,537089228630066 2,24355578422546
HandRight -0,0263728946447372 0,573235630989075 2,21136975288391
HipLeft -0,10778246819973 0,142364680767059 2,40474605560303
KneeLeft -0,0940186902880669 -0,320047944784164 2,36796855926514
AnkleLeft -0,0458143167197704 -0,630393266677856 2,47425389289856
FootLeft -0,0650970339775085 -0,662699818611145 2,40696954727173
HipRight 0,0181889925152063 0,144593894481659 2,37201428413391
KneeRight 0,0818383097648621 -0,299165040254593 2,37416911125183
AnkleRight 0,152214974164963 -0,538509368896484 2,31628012657166
FootRight 0,113154545426369 -0,59303081035614 2,37425374984741

