HipCenter -0,0435537919402123 0,207900062203407 2,39559602737427
Spine -0,0315700173377991 0,273638248443604 2,43824791908264
ShoulderCenter -0,0404260270297527 0,625006198883057 2,42383623123169
Head -0,0256842635571957 0,759125769138336 2,3887038230896
ShoulderLeft -0,166955962777138 0,571815192699432 2,4626612663269
ElbowLeft 0,0106566762551665 0,495331913232803 2,30120086669922
WristLeft 0,0778864845633507 0,320428371429443 2,2979998588562
HandLeft 0,120992936193943 0,283477962017059 2,30174446105957
ShoulderRight 0,0902107432484627 0,529887080192566 2,38352203369141
ElbowRight 0,110694363713264 0,353150099515915 2,29891800880432
WristRight 0,0417776256799698 0,524289488792419 2,25203657150269
HandRight -0,0181002058088779 0,560422539710999 2,21986246109009
HipLeft -0,105296932160854 0,147012621164322 2,4036865234375
KneeLeft -0,0935509875416756 -0,319778323173523 2,36908102035522
AnkleLeft -0,0458034761250019 -0,629370927810669 2,47453093528748
FootLeft -0,0654411315917969 -0,661729097366333 2,40736675262451
HipRight 0,0181100312620401 0,150700986385345 2,37696027755737
KneeRight 0,082439124584198 -0,299065083265305 2,37458753585815
AnkleRight 0,152691304683685 -0,538185358047485 2,31749248504639
FootRight 0,113615125417709 -0,593346834182739 2,37485837936401

