HipCenter -0,041380450129509 0,200554698705673 2,40572619438171
Spine -0,0299814641475677 0,26353445649147 2,45043468475342
ShoulderCenter -0,0384175106883049 0,613942265510559 2,43246746063232
Head -0,0184608623385429 0,748859763145447 2,40175032615662
ShoulderLeft -0,160533130168915 0,573065638542175 2,46929860115051
ElbowLeft 0,0170795302838087 0,496582329273224 2,30795621871948
WristLeft 0,0838630050420761 0,3228400349617 2,30475187301636
HandLeft 0,126874446868896 0,285970866680145 2,3084888458252
ShoulderRight 0,0934513583779335 0,514683425426483 2,39102411270142
ElbowRight 0,106803134083748 0,341810256242752 2,29773354530334
WristRight 0,0419212728738785 0,514520645141602 2,25861310958862
HandRight -0,0178247801959515 0,55057418346405 2,22650980949402
HipLeft -0,100968196988106 0,13961423933506 2,4127049446106
KneeLeft -0,0905922651290894 -0,322274565696716 2,37580823898315
AnkleLeft -0,0478646010160446 -0,630793869495392 2,47537589073181
FootLeft -0,067158468067646 -0,663222432136536 2,40810203552246
HipRight 0,0200871359556913 0,142837956547737 2,38784050941467
KneeRight 0,0825018808245659 -0,308368682861328 2,38220000267029
AnkleRight 0,161288619041443 -0,542426943778992 2,3247663974762
FootRight 0,118854463100433 -0,595847189426422 2,38145875930786

