HipCenter -0,0321092680096626 0,203332155942917 2,39981460571289
Spine -0,021201791241765 0,268986940383911 2,44006633758545
ShoulderCenter -0,0385477244853973 0,632513701915741 2,42989778518677
Head -0,0576009824872017 0,80001974105835 2,45294737815857
ShoulderLeft -0,152072608470917 0,567009747028351 2,46093511581421
ElbowLeft 0,0255400557070971 0,490526527166367 2,29984140396118
WristLeft 0,0910492986440659 0,320099115371704 2,29658174514771
HandLeft 0,133839786052704 0,283419489860535 2,30029892921448
ShoulderRight 0,0954904854297638 0,517560362815857 2,38119196891785
ElbowRight 0,115741267800331 0,343396335840225 2,30473661422729
WristRight 0,0497650429606438 0,510762929916382 2,25961637496948
HandRight -0,00967390090227127 0,546631336212158 2,2276782989502
HipLeft -0,0905503407120705 0,144872471690178 2,40588593482971
KneeLeft -0,0858454331755638 -0,319683492183685 2,37140440940857
AnkleLeft -0,0373752899467945 -0,623082399368286 2,47007727622986
FootLeft -0,0578108057379723 -0,655685245990753 2,40290427207947
HipRight 0,0268880911171436 0,147610694169998 2,38230895996094
KneeRight 0,0865141600370407 -0,301960736513138 2,37936782836914
AnkleRight 0,16072353720665 -0,532398283481598 2,31895661354065
FootRight 0,119759976863861 -0,588879406452179 2,37424969673157

