HipCenter -0,0319021828472614 0,201581254601479 2,39754819869995
Spine -0,018853098154068 0,273948311805725 2,44062113761902
ShoulderCenter -0,0298334956169128 0,650531768798828 2,42681193351746
Head -0,0563277713954449 0,799561262130737 2,45048666000366
ShoulderLeft -0,152228385210037 0,565958619117737 2,4590265750885
ElbowLeft 0,0253842268139124 0,48947536945343 2,29816627502441
WristLeft 0,0903443992137909 0,320476591587067 2,2949492931366
HandLeft 0,133024245500565 0,283891767263412 2,29865622520447
ShoulderRight 0,0953432470560074 0,515779376029968 2,38111090660095
ElbowRight 0,115188933908939 0,344515681266785 2,3006227016449
WristRight 0,0501468405127525 0,511075377464294 2,25828313827515
HandRight -0,00913841649889946 0,5468510389328 2,22642779350281
HipLeft -0,0917124822735786 0,142500326037407 2,40364956855774
KneeLeft -0,0858392640948296 -0,319283366203308 2,36883354187012
AnkleLeft -0,0441209636628628 -0,620524168014526 2,46973133087158
FootLeft -0,0641355738043785 -0,653212189674377 2,40226101875305
HipRight 0,0268747247755528 0,144393712282181 2,38046050071716
KneeRight 0,0866983160376549 -0,300889909267426 2,37764501571655
AnkleRight 0,155380055308342 -0,532069325447083 2,32239532470703
FootRight 0,116121903061867 -0,59019410610199 2,3775634765625

