HipCenter -0,0383579134941101 0,198672130703926 2,38276815414429
Spine -0,0273225456476212 0,271288752555847 2,42761039733887
ShoulderCenter -0,0405486710369587 0,662894368171692 2,41259384155273
Head -0,0713248923420906 0,811462819576263 2,43791103363037
ShoulderLeft -0,160702049732208 0,564330101013184 2,4483494758606
ElbowLeft 0,0168486833572388 0,477522939443588 2,28422927856445
WristLeft 0,109914161264896 0,30418735742569 2,25499653816223
HandLeft 0,152249217033386 0,267898142337799 2,25867366790771
ShoulderRight 0,088812917470932 0,522019982337952 2,37786722183228
ElbowRight 0,107232689857483 0,356827199459076 2,28721785545349
WristRight 0,0342223644256592 0,515406966209412 2,23479533195496
HandRight -0,0245837941765785 0,550893723964691 2,20319724082947
HipLeft -0,0986011549830437 0,138505175709724 2,39213728904724
KneeLeft -0,0907986462116241 -0,318155437707901 2,35537338256836
AnkleLeft -0,0503733120858669 -0,61112105846405 2,46390295028687
FootLeft -0,0688372701406479 -0,644324362277985 2,39509344100952
HipRight 0,0215626023709774 0,141728907823563 2,36303043365479
KneeRight 0,0840126723051071 -0,299973338842392 2,36568212509155
AnkleRight 0,146726429462433 -0,528637766838074 2,30846810340881
FootRight 0,11088915169239 -0,585832536220551 2,36859321594238

