HipCenter -0,0377907156944275 0,199156492948532 2,38145208358765
Spine -0,026464968919754 0,272429943084717 2,42509031295776
ShoulderCenter -0,0372211039066315 0,666486203670502 2,41202664375305
Head -0,067494235932827 0,814317047595978 2,43082904815674
ShoulderLeft -0,159134939312935 0,567452430725098 2,44498324394226
ElbowLeft 0,0187298059463501 0,480491936206818 2,28073525428772
WristLeft 0,111481994390488 0,307309657335281 2,25181174278259
HandLeft 0,153757095336914 0,271071940660477 2,25548481941223
ShoulderRight 0,090258814394474 0,510857760906219 2,36936092376709
ElbowRight 0,109084032475948 0,344436049461365 2,28118276596069
WristRight 0,04014702886343 0,507312655448914 2,23854160308838
HandRight -0,0185757912695408 0,542749106884003 2,20698809623718
HipLeft -0,0966272428631783 0,139899283647537 2,39155530929565
KneeLeft -0,0890393406152725 -0,317685455083847 2,35559821128845
AnkleLeft -0,0444823428988457 -0,6099693775177 2,46263551712036
FootLeft -0,0639449134469032 -0,643177270889282 2,39397311210632
HipRight 0,0215153340250254 0,141581669449806 2,36037540435791
KneeRight 0,0865710526704788 -0,29943510890007 2,36545252799988
AnkleRight 0,149103999137878 -0,52845299243927 2,31493186950684
FootRight 0,111403584480286 -0,586093485355377 2,37367367744446

