HipCenter -0,0358023121953011 0,194488897919655 2,38325095176697
Spine -0,0232327729463577 0,268035531044006 2,42754697799683
ShoulderCenter -0,0386147648096085 0,650148868560791 2,41529273986816
Head -0,0647243708372116 0,799689710140228 2,4392101764679
ShoulderLeft -0,153657153248787 0,561636447906494 2,44547605514526
ElbowLeft 0,0243383198976517 0,47461199760437 2,2812671661377
WristLeft -0,122666373848915 0,290885984897614 2,33008599281311
HandLeft -0,0804735869169235 0,254718720912933 2,33375120162964
ShoulderRight 0,0877813026309013 0,52011901140213 2,36881303787231
ElbowRight 0,114571318030357 0,349340617656708 2,29652285575867
WristRight 0,0367913916707039 0,506767868995667 2,24671602249146
HandRight -0,021817222237587 0,542135298252106 2,21522402763367
HipLeft -0,0955390930175781 0,137380138039589 2,39461040496826
KneeLeft -0,0890012234449387 -0,316672563552856 2,35451936721802
AnkleLeft -0,0462583862245083 -0,60815441608429 2,46179461479187
FootLeft -0,0669753029942513 -0,641401886940002 2,39326095581055
HipRight 0,0233851876109838 0,138237580657005 2,36164879798889
KneeRight 0,0864104926586151 -0,29541426897049 2,36644148826599
AnkleRight 0,140752166509628 -0,524926543235779 2,30941367149353
FootRight 0,10659484565258 -0,58500748872757 2,36827492713928

