HipCenter -0,0357569009065628 0,194476127624512 2,38330149650574
Spine -0,0230340734124184 0,268193006515503 2,42763829231262
ShoulderCenter -0,0322404652833939 0,663620710372925 2,41557931900024
Head -0,0680898576974869 0,811072468757629 2,43827199935913
ShoulderLeft -0,15427240729332 0,562023639678955 2,44629430770874
ElbowLeft 0,0237301886081696 0,474995732307434 2,28206896781921
WristLeft -0,122800230979919 0,291081488132477 2,33149361610413
HandLeft -0,0806104019284248 0,254916727542877 2,33515858650208
ShoulderRight 0,0890461727976799 0,518625199794769 2,36889863014221
ElbowRight 0,114388287067413 0,347768872976303 2,29607391357422
WristRight 0,0371865406632423 0,505676567554474 2,24705386161804
HandRight -0,0214179717004299 0,541041493415833 2,21556401252747
HipLeft -0,0956981033086777 0,137224748730659 2,39474725723267
KneeLeft -0,0891074985265732 -0,316878616809845 2,35454797744751
AnkleLeft -0,0462805740535259 -0,608514308929443 2,46135973930359
FootLeft -0,0669825449585915 -0,641731977462769 2,39278984069824
HipRight 0,0236326605081558 0,137969523668289 2,36151814460754
KneeRight 0,0861311256885529 -0,295533239841461 2,36651563644409
AnkleRight 0,142338246107101 -0,524625480175018 2,30985450744629
FootRight 0,106789037585258 -0,583272039890289 2,36936140060425

