HipCenter -0,0367788933217525 0,194718480110168 2,38325643539429
Spine -0,0246691051870584 0,268186926841736 2,42660808563232
ShoulderCenter -0,0427483767271042 0,64659595489502 2,41340184211731
Head -0,0624284073710442 0,79743629693985 2,43763947486877
ShoulderLeft -0,15639939904213 0,564771831035614 2,44823169708252
ElbowLeft 0,021693080663681 0,477700024843216 2,28384160995483
WristLeft -0,122778549790382 0,292209714651108 2,33383870124817
HandLeft -0,0806364789605141 0,256085902452469 2,33749842643738
ShoulderRight 0,0879607051610947 0,518043637275696 2,36904668807983
ElbowRight 0,118047192692757 0,348324924707413 2,29456114768982
WristRight 0,0404978170990944 0,506555020809174 2,24719381332397
HandRight -0,0180401876568794 0,541879773139954 2,21573925018311
HipLeft -0,0969898477196693 0,135920226573944 2,39542841911316
KneeLeft -0,0890444591641426 -0,319687485694885 2,35612177848816
AnkleLeft -0,04489641264081 -0,61061829328537 2,46270108222961
FootLeft -0,0660223066806793 -0,644077003002167 2,39411973953247
HipRight 0,023328585550189 0,137066259980202 2,35980010032654
KneeRight 0,085430309176445 -0,298503249883652 2,3663182258606
AnkleRight 0,146082401275635 -0,526633381843567 2,31376123428345
FootRight 0,109017066657543 -0,584029316902161 2,37395167350769

