HipCenter -0,0372474268078804 0,19628694653511 2,38315272331238
Spine -0,0250248573720455 0,269490838050842 2,42620778083801
ShoulderCenter -0,0402404442429543 0,650149822235107 2,41513419151306
Head -0,0621161088347435 0,800998866558075 2,43707704544067
ShoulderLeft -0,158098876476288 0,565120875835419 2,45015215873718
ElbowLeft 0,020122304558754 0,477986097335815 2,28550577163696
WristLeft -0,124201744794846 0,291394650936127 2,33311200141907
HandLeft -0,0821131020784378 0,255316734313965 2,33676815032959
ShoulderRight 0,0880908221006393 0,519510090351105 2,37035036087036
ElbowRight 0,114263020455837 0,349087715148926 2,29544019699097
WristRight 0,0363049283623695 0,506720781326294 2,24564290046692
HandRight -0,0221590474247932 0,542000889778137 2,2142288684845
HipLeft -0,0979028716683388 0,137043282389641 2,39596819877625
KneeLeft -0,0901369005441666 -0,318491220474243 2,35589599609375
AnkleLeft -0,0500011332333088 -0,609341263771057 2,46228647232056
FootLeft -0,0711906030774117 -0,642803907394409 2,39339852333069
HipRight 0,0228061843663454 0,139019668102264 2,36010694503784
KneeRight 0,085087962448597 -0,299151659011841 2,36504101753235
AnkleRight 0,142618998885155 -0,527521133422852 2,31157612800598
FootRight 0,107500419020653 -0,586456716060638 2,37194108963013

