HipCenter -0,036625225096941 0,197255149483681 2,38347148895264
Spine -0,0242615658789873 0,270231366157532 2,42722702026367
ShoulderCenter -0,034747738391161 0,664323329925537 2,4156174659729
Head -0,0656975656747818 0,813517808914185 2,43643569946289
ShoulderLeft -0,15837587416172 0,56561690568924 2,45112824440002
ElbowLeft 0,0198594033718109 0,478475272655487 2,286452293396
WristLeft -0,124032214283943 0,29167366027832 2,33451223373413
HandLeft -0,0819504335522652 0,255601674318314 2,3381679058075
ShoulderRight 0,0888693183660507 0,518095850944519 2,37091159820557
ElbowRight 0,118182733654976 0,347259640693665 2,29911136627197
WristRight 0,0411164462566376 0,505879998207092 2,25161504745483
HandRight -0,0173378996551037 0,541154325008392 2,22020602226257
HipLeft -0,0971547961235046 0,138199687004089 2,39590835571289
KneeLeft -0,0900990217924118 -0,317897498607636 2,3560266494751
AnkleLeft -0,049962442368269 -0,608712196350098 2,46229124069214
FootLeft -0,0711289569735527 -0,642170608043671 2,39335799217224
HipRight 0,0239573363214731 0,140061691403389 2,36078882217407
KneeRight 0,085114024579525 -0,299124002456665 2,36507987976074
AnkleRight 0,145032554864883 -0,527169942855835 2,31440734863281
FootRight 0,108861990272999 -0,586929798126221 2,37337923049927

