HipCenter -0,0135206216946244 0,203656002879143 2,3989794254303
Spine -0,0135452821850777 0,264611691236496 2,45088148117065
ShoulderCenter -0,0241013318300247 0,616409718990326 2,46201062202454
Head -0,0171665996313095 0,7846999168396 2,44260454177856
ShoulderLeft -0,181125417351723 0,510278105735779 2,44798135757446
ElbowLeft -0,283631026744843 0,345790684223175 2,39593911170959
WristLeft -0,360491573810577 0,221146792173386 2,28170561790466
HandLeft -0,387868314981461 0,158563360571861 2,2232506275177
ShoulderRight 0,132197991013527 0,486436247825623 2,42957043647766
ElbowRight 0,194631904363632 0,322277009487152 2,3737907409668
WristRight -0,0115053355693817 0,374334156513214 2,2470715045929
HandRight -0,0551408566534519 0,408811390399933 2,24438619613647
HipLeft -0,0810237005352974 0,133022114634514 2,38954663276672
KneeLeft -0,0848640874028206 -0,329546809196472 2,36708521842957
AnkleLeft -0,0419255197048187 -0,621584892272949 2,46803569793701
FootLeft -0,0452424995601177 -0,65380722284317 2,39509701728821
HipRight 0,0584110133349895 0,13433775305748 2,38343596458435
KneeRight 0,0905031785368919 -0,324534296989441 2,37684226036072
AnkleRight 0,16789323091507 -0,546517491340637 2,32403635978699
FootRight 0,16457624733448 -0,578739821910858 2,25109767913818

