HipCenter 0,0450599603354931 0,160906702280045 2,44525194168091
Spine 0,0487606078386307 0,243931129574776 2,44245719909668
ShoulderCenter 0,00534819206222892 0,626068830490112 2,40432143211365
Head -0,0703013315796852 0,767619371414185 2,45152521133423
ShoulderLeft -0,125320628285408 0,503760635852814 2,60495018959045
ElbowLeft -0,322199672460556 0,518164873123169 2,59418487548828
WristLeft -0,309096992015839 0,515515148639679 2,31385946273804
HandLeft -0,304729431867599 0,514631927013397 2,22470545768738
ShoulderRight 0,0342762321233749 0,517886757850647 2,32287096977234
ElbowRight -0,164095565676689 0,519899964332581 2,27748227119446
WristRight -0,359759747982025 0,522699594497681 2,29439043998718
HandRight -0,419173151254654 0,529430270195007 2,30952143669128
HipLeft 0,00681466236710548 0,114205814898014 2,45392847061157
KneeLeft 0,194248735904694 -0,364117354154587 2,33245325088501
AnkleLeft 0,200130090117455 -0,606563746929169 2,39786076545715
FootLeft 0,144691273570061 -0,689270377159119 2,4394416809082
HipRight 0,0923493653535843 0,135368123650551 2,44350051879883
KneeRight 0,124641895294189 -0,318606317043304 2,29979968070984
AnkleRight 0,185793071985245 -0,627286195755005 2,37565350532532
FootRight 0,152735844254494 -0,69812273979187 2,39146590232849

