HipCenter 0,125542104244232 -0,0384990945458412 2,39027810096741
Spine 0,102420970797539 0,00949688814580441 2,39339590072632
ShoulderCenter -0,0584834329783916 0,19201672077179 2,37131118774414
Head -0,175039991736412 0,379760384559631 2,40158367156982
ShoulderLeft -0,164341896772385 0,233570754528046 2,61503720283508
ElbowLeft -0,282269507646561 0,326213181018829 2,4340295791626
WristLeft -0,496017277240753 0,448261350393295 2,31935548782349
HandLeft -0,567814886569977 0,485249012708664 2,29756045341492
ShoulderRight 0,135229185223579 0,189894184470177 2,33716225624084
ElbowRight -0,0967677980661392 0,31997549533844 2,2978241443634
WristRight -0,348639845848084 0,406513154506683 2,28155159950256
HandRight -0,40196704864502 0,437216907739639 2,28760123252869
HipLeft 0,165326818823814 -0,157904282212257 2,4571418762207
KneeLeft 0,248990193009377 -0,639472246170044 2,38570547103882
AnkleLeft 0,0201367735862732 -0,692957401275635 2,47030735015869
FootLeft 0,114154040813446 -0,695323526859283 2,41813611984253
HipRight 0,239548966288567 -0,12325081974268 2,32642436027527
KneeRight 0,329599767923355 -0,569142401218414 2,34694409370422
AnkleRight 0,159309580922127 -0,590947508811951 2,51614689826965
FootRight 0,151329085230827 -0,673558294773102 2,44774770736694

