HipCenter 0,136612772941589 -0,0727987736463547 2,39073419570923
Spine 0,112212471663952 -0,0258959382772446 2,39642596244812
ShoulderCenter -0,0674454867839813 0,171875178813934 2,40010857582092
Head -0,168283104896545 0,368842273950577 2,41288638114929
ShoulderLeft -0,173303961753845 0,21342921257019 2,64383459091187
ElbowLeft -0,340493202209473 0,331508576869965 2,44722151756287
WristLeft -0,514045655727386 0,467745184898376 2,28417897224426
HandLeft -0,590749621391296 0,501155853271484 2,29014730453491
ShoulderRight 0,137021854519844 0,189992353320122 2,34199452400208
ElbowRight -0,0961077064275742 0,319078683853149 2,30241775512695
WristRight -0,348202407360077 0,406571477651596 2,28677463531494
HandRight -0,398969113826752 0,441715508699417 2,29235768318176
HipLeft 0,139450117945671 -0,144830048084259 2,39945220947266
KneeLeft 0,244149833917618 -0,638552367687225 2,3839795589447
AnkleLeft 0,117683954536915 -0,709044337272644 2,46262407302856
FootLeft 0,157371610403061 -0,69527941942215 2,39504933357239
HipRight 0,226225256919861 -0,11035244166851 2,37947344779968
KneeRight 0,330193549394608 -0,563377797603607 2,34470319747925
AnkleRight 0,100713521242142 -0,590340614318848 2,4406464099884
FootRight 0,145012855529785 -0,688034057617188 2,43159055709839

