HipCenter 0,142237216234207 -0,0885538309812546 2,38999962806702
Spine 0,118438571691513 -0,0417243428528309 2,39437866210938
ShoulderCenter -0,0619345605373383 0,160290151834488 2,38051676750183
Head -0,165087059140205 0,357978820800781 2,41044068336487
ShoulderLeft -0,167793035507202 0,201844200491905 2,62424302101135
ElbowLeft -0,270443618297577 0,343523234128952 2,39655375480652
WristLeft -0,496284663677216 0,45588830113411 2,29472160339355
HandLeft -0,570434093475342 0,494164288043976 2,30349183082581
ShoulderRight 0,0100539783015847 0,299059092998505 2,34733939170837
ElbowRight -0,210197553038597 0,373420536518097 2,31499361991882
WristRight -0,464810371398926 0,454703092575073 2,29217147827148
HandRight -0,543223977088928 0,48453751206398 2,29102659225464
HipLeft 0,143522948026657 -0,140332266688347 2,40691351890564
KneeLeft 0,249454662203789 -0,637710332870483 2,38476252555847
AnkleLeft 0,0624312162399292 -0,737382352352142 2,51233863830566
FootLeft 0,127869367599487 -0,708117365837097 2,43196201324463
HipRight 0,205953150987625 -0,110947966575623 2,37339949607849
KneeRight 0,32930862903595 -0,566511154174805 2,34440326690674
AnkleRight 0,121043041348457 -0,65037727355957 2,45281600952148
FootRight 0,1674734801054 -0,700236618518829 2,41164612770081

