HipCenter 0,103025987744331 0,291339516639709 2,46121764183044
Spine 0,0981824398040771 0,360693395137787 2,51239991188049
ShoulderCenter 0,105502255260944 0,74174690246582 2,50090551376343
Head 0,103918619453907 0,921808898448944 2,48613786697388
ShoulderLeft -0,0518984869122505 0,632479965686798 2,48430776596069
ElbowLeft -0,220005422830582 0,55286979675293 2,30321931838989
WristLeft -0,361330211162567 0,509286880493164 2,11396908760071
HandLeft -0,438834398984909 0,505113065242767 2,00091576576233
ShoulderRight 0,271263360977173 0,627263426780701 2,51836204528809
ElbowRight 0,325361102819443 0,35970738530159 2,50797033309937
WristRight 0,319588243961334 0,115251161158085 2,44240784645081
HandRight 0,30810409784317 0,0285723432898521 2,43017101287842
HipLeft 0,0306608956307173 0,218609035015106 2,44815754890442
KneeLeft -0,00358922290615737 -0,303815543651581 2,53881287574768
AnkleLeft -0,0145578365772963 -0,673019826412201 2,55039525032043
FootLeft -0,0450818464159966 -0,747835338115692 2,50949883460999
HipRight 0,175646737217903 0,218541592359543 2,45716071128845
KneeRight 0,198960050940514 -0,300420612096787 2,53856492042542
AnkleRight 0,228557124733925 -0,663269519805908 2,53392744064331
FootRight 0,252668917179108 -0,74394279718399 2,49326109886169

