HipCenter 0,107353992760181 0,292984187602997 2,45740699768066
Spine 0,101070024073124 0,361387550830841 2,51310992240906
ShoulderCenter 0,117646060883999 0,747055470943451 2,50976157188416
Head 0,11892045289278 0,924759387969971 2,50262641906738
ShoulderLeft -0,0448749959468842 0,642176806926727 2,48067164421082
ElbowLeft -0,245396941900253 0,702619910240173 2,29137492179871
WristLeft -0,383283257484436 0,780751705169678 2,11226987838745
HandLeft -0,453182488679886 0,811431109905243 2,03282737731934
ShoulderRight 0,279933035373688 0,620432078838348 2,52721118927002
ElbowRight 0,325545817613602 0,356354564428329 2,51567482948303
WristRight 0,327798694372177 0,133223593235016 2,45063495635986
HandRight 0,312463939189911 0,0262841805815697 2,42902374267578
HipLeft 0,0338450185954571 0,222670137882233 2,43786382675171
KneeLeft -0,00585077702999115 -0,303833693265915 2,53345584869385
AnkleLeft -0,013587630353868 -0,673311829566956 2,55112862586975
FootLeft -0,0445999205112457 -0,746478855609894 2,51075005531311
HipRight 0,177974820137024 0,216883510351181 2,45602607727051
KneeRight 0,198837921023369 -0,302318274974823 2,53745746612549
AnkleRight 0,228188008069992 -0,661853015422821 2,53249788284302
FootRight 0,247830107808113 -0,740091681480408 2,48646426200867

