HipCenter 0,10737869143486 0,292827397584915 2,45798826217651
Spine 0,101220175623894 0,361227065324783 2,51408767700195
ShoulderCenter 0,117652960121632 0,747121632099152 2,51111650466919
Head 0,118564590811729 0,923998117446899 2,50231647491455
ShoulderLeft -0,0447414815425873 0,642364978790283 2,48233723640442
ElbowLeft -0,243855193257332 0,703208446502686 2,29412293434143
WristLeft -0,38179212808609 0,780110657215118 2,11457753181458
HandLeft -0,451469749212265 0,811059474945068 2,03492569923401
ShoulderRight 0,280529260635376 0,62030428647995 2,52869319915771
ElbowRight 0,325624197721481 0,355061501264572 2,51632022857666
WristRight 0,325049102306366 0,13241620361805 2,44951510429382
HandRight 0,307282119989395 0,0252390280365944 2,43068432807922
HipLeft 0,0338480547070503 0,222497701644897 2,4384388923645
KneeLeft -0,00483639864251018 -0,303487092256546 2,53365445137024
AnkleLeft -0,0136108808219433 -0,673348844051361 2,55144238471985
FootLeft -0,0450280196964741 -0,746064841747284 2,50897359848022
HipRight 0,177901044487953 0,216742888092995 2,45645833015442
KneeRight 0,198515921831131 -0,302253514528275 2,53751087188721
AnkleRight 0,227507576346397 -0,661088645458221 2,53482580184937
FootRight 0,24810791015625 -0,74008446931839 2,4852077960968

