HipCenter 0,0948227494955063 0,200764939188957 2,62325167655945
Spine 0,107564426958561 0,2457325309515 2,68184971809387
ShoulderCenter 0,124222502112389 0,543248534202576 2,70541763305664
Head 0,148977115750313 0,706947863101959 2,71539664268494
ShoulderLeft -0,061514139175415 0,513948082923889 2,71717309951782
ElbowLeft -0,0391343086957932 0,63368821144104 2,43957924842834
WristLeft -0,0795557200908661 0,905570030212402 2,47544455528259
HandLeft -0,0839278027415276 0,973779857158661 2,46005916595459
ShoulderRight 0,250948786735535 0,401436001062393 2,62766098976135
ElbowRight 0,177841246128082 0,302103996276855 2,43584775924683
WristRight -0,0286906361579895 0,465650916099548 2,32982563972473
HandRight -0,051979586482048 0,531406342983246 2,33632612228394
HipLeft 0,0235341973602772 0,133214354515076 2,57961630821228
KneeLeft 0,0137108257040381 -0,354491949081421 2,61424779891968
AnkleLeft 0,0559569299221039 -0,796677887439728 2,59848999977112
FootLeft 0,0770380347967148 -0,897553086280823 2,54205822944641
HipRight 0,157780215144157 0,113274365663528 2,62356734275818
KneeRight 0,185764342546463 -0,374898940324783 2,60767388343811
AnkleRight 0,151391565799713 -0,817875742912292 2,5851719379425
FootRight 0,10843314230442 -0,917892515659332 2,54094529151917

