HipCenter 0,0939367413520813 0,230869561433792 2,40092372894287
Spine 0,085383377969265 0,289705574512482 2,45326828956604
ShoulderCenter 0,0845420435070992 0,628965377807617 2,45118427276611
Head 0,0866045132279396 0,793146669864655 2,42773699760437
ShoulderLeft -0,0758030787110329 0,537880897521973 2,42039036750793
ElbowLeft -0,244993627071381 0,606784701347351 2,2628185749054
WristLeft -0,415968358516693 0,662071585655212 2,12073469161987
HandLeft -0,481289595365524 0,695675849914551 2,07083225250244
ShoulderRight 0,22826923429966 0,530395090579987 2,46387791633606
ElbowRight 0,269504845142365 0,281779706478119 2,43726277351379
WristRight 0,291256636381149 0,0758475363254547 2,36946868896484
HandRight 0,295984506607056 0,0169238373637199 2,34476470947266
HipLeft 0,0288489684462547 0,162451580166817 2,37730050086975
KneeLeft 0,00314606563188136 -0,316466301679611 2,3594343662262
AnkleLeft 0,0399357005953789 -0,630647122859955 2,468829870224
FootLeft 0,0676832050085068 -0,700868248939514 2,46314716339111
HipRight 0,162343919277191 0,162085503339767 2,40278577804565
KneeRight 0,177770718932152 -0,302230179309845 2,37200140953064
AnkleRight 0,173547402024269 -0,592850804328918 2,44228363037109
FootRight 0,185202538967133 -0,628889799118042 2,36165738105774

