HipCenter 0,0821515545248985 0,211710080504417 2,3934497833252
Spine 0,0802258402109146 0,272011339664459 2,4464967250824
ShoulderCenter 0,0683199465274811 0,617972254753113 2,44300198554993
Head 0,0601669251918793 0,782907426357269 2,41118621826172
ShoulderLeft -0,0833099633455276 0,508746445178986 2,4440655708313
ElbowLeft -0,110923677682877 0,292279362678528 2,43505048751831
WristLeft -0,128304615616798 0,0628278627991676 2,37257599830627
HandLeft -0,13411109149456 0,000662310281768441 2,33996319770813
ShoulderRight 0,212047874927521 0,513121843338013 2,44209003448486
ElbowRight 0,265942960977554 0,281292319297791 2,42522716522217
WristRight 0,290666669607162 0,0723456591367722 2,3551869392395
HandRight 0,29720538854599 0,0185989812016487 2,33279538154602
HipLeft 0,0180275589227676 0,144356220960617 2,38171219825745
KneeLeft 0,00443267822265625 -0,318999707698822 2,35875177383423
AnkleLeft 0,0450834073126316 -0,627775967121124 2,46606516838074
FootLeft 0,044154517352581 -0,663858532905579 2,38468027114868
HipRight 0,15034544467926 0,147332459688187 2,38395142555237
KneeRight 0,181460320949554 -0,310761749744415 2,36843848228455
AnkleRight 0,196404576301575 -0,578945696353912 2,39962100982666
FootRight 0,195475682616234 -0,615028262138367 2,3182361125946

