HipCenter 0,0907233655452728 0,218007892370224 2,40129542350769
Spine 0,0872143656015396 0,27845174074173 2,4536497592926
ShoulderCenter 0,0768046602606773 0,624512076377869 2,44863343238831
Head 0,0659642741084099 0,792349815368652 2,42439889907837
ShoulderLeft -0,080290362238884 0,505037605762482 2,44323444366455
ElbowLeft -0,156363010406494 0,309559673070908 2,39648962020874
WristLeft -0,256704449653625 0,102034762501717 2,32828617095947
HandLeft -0,296309173107147 0,0660551488399506 2,30291342735291
ShoulderRight 0,221302524209023 0,519674599170685 2,45071959495544
ElbowRight 0,271983742713928 0,281904578208923 2,43443298339844
WristRight 0,292269676923752 0,0699553042650223 2,36749267578125
HandRight 0,29794979095459 0,0122581413015723 2,34623384475708
HipLeft 0,0253473035991192 0,147581323981285 2,38698577880859
KneeLeft 0,00811738520860672 -0,322816908359528 2,36549997329712
AnkleLeft 0,0389681756496429 -0,632604718208313 2,47041177749634
FootLeft 0,0699247345328331 -0,701106786727905 2,46680736541748
HipRight 0,161761045455933 0,154234245419502 2,39612221717834
KneeRight 0,181788861751556 -0,319212436676025 2,37421941757202
AnkleRight 0,165821105241776 -0,616635322570801 2,48471403121948
FootRight 0,167048528790474 -0,652602016925812 2,40381836891174

