HipCenter 0,0950595960021019 0,232528746128082 2,40062737464905
Spine 0,0865949019789696 0,290719300508499 2,4529914855957
ShoulderCenter 0,0825393572449684 0,628463268280029 2,45065498352051
Head 0,078741580247879 0,791934072971344 2,42587780952454
ShoulderLeft -0,0822246521711349 0,542056858539581 2,41997766494751
ElbowLeft -0,262411922216415 0,643390893936157 2,26271891593933
WristLeft -0,443733990192413 0,728111863136292 2,1343207359314
HandLeft -0,494973301887512 0,75573056936264 2,10064363479614
ShoulderRight 0,220711082220078 0,541293680667877 2,46095061302185
ElbowRight 0,269542694091797 0,288162708282471 2,43892502784729
WristRight 0,291356801986694 0,0682634711265564 2,36571788787842
HandRight 0,297589898109436 0,0136160496622324 2,34292483329773
HipLeft 0,0304106473922729 0,162799134850502 2,37615084648132
KneeLeft 0,00517770275473595 -0,317381203174591 2,36147212982178
AnkleLeft 0,0427433550357819 -0,629352152347565 2,47073411941528
FootLeft 0,0529808551073074 -0,703254699707031 2,46068572998047
HipRight 0,164517864584923 0,164893329143524 2,40277814865112
KneeRight 0,180616289377213 -0,30803593993187 2,3735339641571
AnkleRight 0,161651775240898 -0,590761244297028 2,47492432594299
FootRight 0,172347947955132 -0,626570522785187 2,39462852478027

