HipCenter 0,0948674455285072 0,23274838924408 2,40111422538757
Spine 0,0864522755146027 0,291100353002548 2,45356178283691
ShoulderCenter 0,0827852487564087 0,629789412021637 2,45207571983337
Head 0,0806255340576172 0,792575836181641 2,42560029029846
ShoulderLeft -0,0806196630001068 0,545951187610626 2,42133212089539
ElbowLeft -0,253760427236557 0,63970822095871 2,27577614784241
WristLeft -0,440009325742722 0,729163408279419 2,12741446495056
HandLeft -0,487163990736008 0,756411254405975 2,09270167350769
ShoulderRight 0,219940185546875 0,540714144706726 2,46147918701172
ElbowRight 0,268787831068039 0,285413384437561 2,44057178497314
WristRight 0,289555013179779 0,0711385682225227 2,37098336219788
HandRight 0,298822999000549 0,0135697023943067 2,3471417427063
HipLeft 0,0306130331009626 0,163961976766586 2,37663769721985
KneeLeft 0,0048310630954802 -0,316718131303787 2,36128568649292
AnkleLeft 0,0415958017110825 -0,628723800182343 2,46922850608826
FootLeft 0,0613870844244957 -0,701252460479736 2,46385288238525
HipRight 0,163403689861298 0,165148630738258 2,40361881256104
KneeRight 0,179273664951324 -0,307401418685913 2,37375068664551
AnkleRight 0,158035799860954 -0,621801853179932 2,48347091674805
FootRight 0,168807789683342 -0,657629311084747 2,403076171875

