HipCenter 0,0657916367053986 -0,338994979858398 2,31055235862732
Spine 0,0564044751226902 -0,312949687242508 2,29306554794312
ShoulderCenter 0,0105521408841014 -0,181577309966087 2,21740579605103
Head -0,00174579117447138 -0,0652764588594437 2,05214881896973
ShoulderLeft -0,0511288493871689 -0,21222135424614 2,25395393371582
ElbowLeft -0,0970469862222672 -0,171582192182541 2,01901340484619
WristLeft -0,0969810038805008 -0,0511800497770309 1,89425110816956
HandLeft -0,0969590097665787 -0,0110459998250008 1,85558831691742
ShoulderRight 0,205527573823929 -0,115400746464729 2,22566652297974
ElbowRight 0,249482810497284 -0,299713939428329 2,31848907470703
WristRight 0,295040935277939 -0,150508657097816 2,2496132850647
HandRight 0,256206840276718 -0,113128378987312 2,25769209861755
HipLeft 0,0156878437846899 -0,41229921579361 2,35362672805786
KneeLeft -0,0713537856936455 -0,646240413188934 2,11850452423096
AnkleLeft -0,0605526566505432 -0,872813940048218 2,10491633415222
FootLeft -0,0570409521460533 -0,916019260883331 2,05462574958801
HipRight 0,157141774892807 -0,3679279088974 2,32787799835205
KneeRight 0,12337077409029 -0,621403992176056 2,13422966003418
AnkleRight 0,174186289310455 -0,923508405685425 2,17667627334595
FootRight 0,177697986364365 -0,966713726520538 2,12638568878174

