HipCenter 0,0720987394452095 -0,341794401407242 2,31255173683167
Spine 0,0614924244582653 -0,315450608730316 2,2952196598053
ShoulderCenter 0,0112650757655501 -0,185127392411232 2,22127795219421
Head 0,00173055753111839 -0,0801585093140602 2,04982328414917
ShoulderLeft -0,0496284291148186 -0,212477788329124 2,25235557556152
ElbowLeft -0,0949147343635559 -0,151936143636703 2,02299904823303
WristLeft -0,119174852967262 -0,0969885215163231 1,85898244380951
HandLeft -0,127261564135551 -0,0786726474761963 1,80723321437836
ShoulderRight 0,217075258493423 -0,130722761154175 2,23988604545593
ElbowRight 0,258107155561447 -0,287761330604553 2,32180333137512
WristRight 0,324571907520294 -0,422592461109161 2,3845374584198
HandRight 0,346726834774017 -0,467536181211472 2,40837168693542
HipLeft 0,0275914426892996 -0,418569028377533 2,35747027397156
KneeLeft -0,078227125108242 -0,622146189212799 2,10267615318298
AnkleLeft -0,0809411481022835 -0,847902595996857 2,09795022010803
FootLeft -0,0328706614673138 -0,831200480461121 2,12241005897522
HipRight 0,162778735160828 -0,370634138584137 2,32956147193909
KneeRight 0,17377533018589 -0,694203019142151 2,15204811096191
AnkleRight 0,171888709068298 -0,774237990379334 2,1342658996582
FootRight 0,141909092664719 -0,833130598068237 2,10082459449768

