HipCenter 0,0644912123680115 -0,339722812175751 2,30382084846497
Spine 0,0544271096587181 -0,315369188785553 2,28773903846741
ShoulderCenter 0,00614993833005428 -0,190654680132866 2,21919894218445
Head 0,00104690436273813 -0,0723861902952194 2,06254100799561
ShoulderLeft -0,0523121654987335 -0,212108194828033 2,25289487838745
ElbowLeft -0,0946553274989128 -0,176403418183327 2,03204560279846
WristLeft -0,0867108926177025 -0,054733045399189 1,92571985721588
HandLeft -0,084062747657299 -0,0141762532293797 1,89312672615051
ShoulderRight 0,201980352401733 -0,107973903417587 2,21182489395142
ElbowRight 0,252433449029922 -0,273740291595459 2,30181884765625
WristRight 0,188121825456619 -0,154346957802773 2,18540406227112
HandRight 0,150417864322662 -0,118054434657097 2,19324779510498
HipLeft 0,0163191054016352 -0,413956373929977 2,3481297492981
KneeLeft -0,0741053521633148 -0,612605929374695 2,10206389427185
AnkleLeft -0,0560142658650875 -0,802175283432007 2,12895464897156
FootLeft -0,0544718205928802 -0,844928681850433 2,07838463783264
HipRight 0,15687258541584 -0,369426518678665 2,31741905212402
KneeRight 0,11699840426445 -0,627944469451904 2,12010765075684
AnkleRight 0,16565890610218 -0,90895688533783 2,13970303535461
FootRight 0,174591317772865 -0,948864340782166 2,10100388526917

