HipCenter 0,0733644217252731 -0,343361109495163 2,31549096107483
Spine 0,0615091174840927 -0,318696439266205 2,29919075965881
ShoulderCenter 0,00294655212201178 -0,203031241893768 2,22686505317688
Head 0,000258350512012839 -0,088452622294426 2,0691602230072
ShoulderLeft -0,0469781681895256 -0,216146066784859 2,25476789474487
ElbowLeft -0,0881652683019638 -0,17966003715992 2,03640341758728
WristLeft -0,0786320716142654 -0,0672821030020714 1,92231428623199
HandLeft -0,0754543393850327 -0,0298227891325951 1,88712751865387
ShoulderRight 0,207096785306931 -0,110538154840469 2,22523260116577
ElbowRight 0,249289333820343 -0,291826188564301 2,30353736877441
WristRight 0,207842975854874 -0,159862220287323 2,20497131347656
HandRight 0,170411050319672 -0,123831585049629 2,21275877952576
HipLeft 0,0305166132748127 -0,419748485088348 2,35702419281006
KneeLeft -0,0608248300850391 -0,598691940307617 2,10001969337463
AnkleLeft -0,0668559670448303 -0,806954026222229 2,13095498085022
FootLeft -0,0165668092668056 -0,836143493652344 2,122154712677
HipRight 0,16849322617054 -0,366594523191452 2,32851386070251
KneeRight 0,124419681727886 -0,620408177375793 2,13093376159668
AnkleRight 0,163117066025734 -0,900043249130249 2,13935708999634
FootRight 0,167896538972855 -0,943298578262329 2,09046268463135

