HipCenter 0,0947651863098145 -0,351453393697739 2,3213963508606
Spine 0,0748317539691925 -0,325501710176468 2,3030571937561
ShoulderCenter 0,00322965299710631 -0,199732959270477 2,22392320632935
Head 0,000537955202162266 -0,0949405580759048 2,06099557876587
ShoulderLeft -0,0377805903553963 -0,216942369937897 2,25114846229553
ElbowLeft -0,0827822983264923 -0,181931734085083 2,03433537483215
WristLeft -0,0792607069015503 -0,0689377039670944 1,92157030105591
HandLeft -0,0780868455767632 -0,0312730260193348 1,88682329654694
ShoulderRight 0,208847910165787 -0,12567400932312 2,22677564620972
ElbowRight 0,233580678701401 -0,261696696281433 2,27736639976501
WristRight 0,211122199892998 -0,13367971777916 2,1866626739502
HandRight 0,173792868852615 -0,097747802734375 2,19442844390869
HipLeft 0,0848966985940933 -0,426668882369995 2,34900760650635
KneeLeft -0,0490046143531799 -0,566077649593353 2,08733177185059
AnkleLeft -0,0361233502626419 -0,847529292106628 2,08484053611755
FootLeft 0,0163256954401731 -0,849003255367279 2,10884809494019
HipRight 0,181175827980042 -0,370692491531372 2,34141159057617
KneeRight 0,170571222901344 -0,636707425117493 2,15803384780884
AnkleRight 0,204581320285797 -0,913993000984192 2,18054175376892
FootRight 0,210919663310051 -0,955686986446381 2,14211654663086

