HipCenter 0,0341877900063992 -0,221529692411423 2,33862924575806
Spine 0,032645408064127 -0,186671778559685 2,31471157073975
ShoulderCenter 0,0259352624416351 -0,0144853536039591 2,1992290019989
Head 0,00434118788689375 0,134932056069374 2,07090449333191
ShoulderLeft -0,115053050220013 -0,0603531301021576 2,28263020515442
ElbowLeft -0,3117436170578 -0,135379433631897 2,35177564620972
WristLeft -0,393249005079269 -0,208002090454102 2,13948798179626
HandLeft -0,420928835868835 -0,23239777982235 2,09047079086304
ShoulderRight 0,206728458404541 -0,0696655586361885 2,29144620895386
ElbowRight 0,254996359348297 -0,253283619880676 2,36162829399109
WristRight 0,17160826921463 -0,393195182085037 2,30181384086609
HandRight 0,137457728385925 -0,429680317640305 2,24825119972229
HipLeft -0,0425930209457874 -0,280833631753922 2,37212014198303
KneeLeft -0,0571287646889687 -0,543190121650696 2,12640476226807
AnkleLeft -0,0570438615977764 -0,7767613530159 2,13131332397461
FootLeft -0,0570681802928448 -0,822151899337769 2,08492374420166
HipRight 0,115203380584717 -0,28946727514267 2,37701010704041
KneeRight 0,104346364736557 -0,543232500553131 2,12192463874817
AnkleRight 0,141777858138084 -0,78311425447464 2,11757683753967
FootRight 0,141753539443016 -0,828504800796509 2,07118725776672

