HipCenter 0,0701931416988373 -0,347000896930695 2,30872297286987
Spine 0,060743298381567 -0,32302114367485 2,29420208930969
ShoulderCenter 0,00720945885404944 -0,207783713936806 2,22763633728027
Head 0,000802323687821627 -0,0920566767454147 2,073002576828
ShoulderLeft -0,0458402633666992 -0,22116707265377 2,25771188735962
ElbowLeft -0,0884583741426468 -0,184994041919708 2,04340219497681
WristLeft -0,0897579044103622 -0,081474743783474 1,92389214038849
HandLeft -0,0901910811662674 -0,0469683110713959 1,88689279556274
ShoulderRight 0,200486242771149 -0,110928758978844 2,21357989311218
ElbowRight 0,252800405025482 -0,284327387809753 2,2936532497406
WristRight 0,228641137480736 -0,158102005720139 2,20438241958618
HandRight 0,191631376743317 -0,122477740049362 2,21208167076111
HipLeft 0,0217264369130135 -0,422852516174316 2,35410809516907
KneeLeft -0,0700186789035797 -0,614638090133667 2,11330485343933
AnkleLeft -0,0555179715156555 -0,802539050579071 2,12977147102356
FootLeft -0,0537691302597523 -0,845710813999176 2,0790901184082
HipRight 0,161752045154572 -0,374202162027359 2,31937289237976
KneeRight 0,118436917662621 -0,623260676860809 2,12310647964478
AnkleRight 0,135606646537781 -0,82759165763855 2,10056495666504
FootRight 0,137355491518974 -0,870763421058655 2,04988360404968

