HipCenter 0,0689793080091476 -0,346440523862839 2,30422282218933
Spine 0,0572089031338692 -0,322975605726242 2,28871488571167
ShoulderCenter -0,0186407677829266 -0,19018942117691 2,23083162307739
Head -0,010126231238246 -0,0855458974838257 2,0726752281189
ShoulderLeft -0,0468550324440002 -0,232591107487679 2,26655435562134
ElbowLeft -0,0865885689854622 -0,194989413022995 2,05708169937134
WristLeft -0,131474882364273 -0,127737104892731 1,92446255683899
HandLeft -0,146436989307404 -0,105319663882256 1,88308250904083
ShoulderRight 0,199977099895477 -0,11560632288456 2,21415448188782
ElbowRight 0,245190411806107 -0,284089803695679 2,29622459411621
WristRight 0,220152407884598 -0,16045281291008 2,21005773544312
HandRight 0,183856502175331 -0,125515639781952 2,21760845184326
HipLeft 0,0274149887263775 -0,423856884241104 2,35002326965332
KneeLeft -0,0592801384627819 -0,637235999107361 2,13510346412659
AnkleLeft -0,0580438934266567 -0,834826827049255 2,13236165046692
FootLeft -0,0161220282316208 -0,867999255657196 2,11345958709717
HipRight 0,16282194852829 -0,373852640390396 2,31321287155151
KneeRight 0,123072996735573 -0,624037027359009 2,12935471534729
AnkleRight 0,143812254071236 -0,820969939231873 2,10778713226318
FootRight 0,106957383453846 -0,778984308242798 2,09808826446533

