HipCenter 0,068809948861599 -0,347094476222992 2,30283331871033
Spine 0,0587570071220398 -0,323741793632507 2,2888867855072
ShoulderCenter 0,0171860624104738 -0,217131435871124 2,22737908363342
Head 0,00657974369823933 -0,0997734889388084 2,07718849182129
ShoulderLeft -0,0470570288598537 -0,23069441318512 2,264404296875
ElbowLeft -0,0863673239946365 -0,193356454372406 2,05482149124146
WristLeft -0,131667762994766 -0,127955824136734 1,92139291763306
HandLeft -0,146767914295197 -0,10615561157465 1,87974488735199
ShoulderRight 0,198715001344681 -0,112908944487572 2,21123194694519
ElbowRight 0,256188422441483 -0,246414706110954 2,2796778678894
WristRight 0,185950949788094 -0,134668752551079 2,18122053146362
HandRight 0,149635016918182 -0,0997122824192047 2,18877577781677
HipLeft 0,0251439716666937 -0,42541116476059 2,34923195838928
KneeLeft -0,0718574151396751 -0,607382774353027 2,11199855804443
AnkleLeft -0,0624101050198078 -0,791834950447083 2,12822103500366
FootLeft -0,0616155341267586 -0,835229992866516 2,07749319076538
HipRight 0,162481650710106 -0,375925183296204 2,30364751815796
KneeRight 0,13404755294323 -0,692889630794525 2,13253927230835
AnkleRight 0,154501169919968 -0,929302155971527 2,11467838287354
FootRight 0,155295744538307 -0,972697198390961 2,06395053863525

