HipCenter 0,0740495026111603 -0,339054942131042 2,31281089782715
Spine 0,06240264326334 -0,318328022956848 2,29609489440918
ShoulderCenter 0,00318059721030295 -0,207465499639511 2,22908163070679
Head -0,00138414255343378 -0,0947300046682358 2,0759391784668
ShoulderLeft -0,045840285718441 -0,230490922927856 2,26487326622009
ElbowLeft -0,085545502603054 -0,19391593337059 2,05580687522888
WristLeft -0,131252199411392 -0,130956694483757 1,92176938056946
HandLeft -0,146487772464752 -0,109970279037952 1,87992107868195
ShoulderRight 0,192653208971024 -0,0972299426794052 2,20058584213257
ElbowRight 0,249812006950378 -0,259158939123154 2,28610253334045
WristRight 0,188377350568771 -0,134064480662346 2,1796236038208
HandRight 0,151945009827614 -0,0989959686994553 2,18720269203186
HipLeft 0,0318904779851437 -0,419067889451981 2,35560417175293
KneeLeft -0,0681028217077255 -0,59693706035614 2,1180956363678
AnkleLeft -0,0554060339927673 -0,795473098754883 2,13039994239807
FootLeft -0,0540127120912075 -0,840220808982849 2,08069038391113
HipRight 0,168981313705444 -0,352793872356415 2,32776761054993
KneeRight 0,12333869934082 -0,615958094596863 2,13642072677612
AnkleRight 0,146317183971405 -0,81139749288559 2,11293458938599
FootRight 0,109859474003315 -0,8402299284935 2,0801784992218

