HipCenter 0,0763518288731575 -0,35472360253334 2,30529069900513
Spine 0,0666753500699997 -0,331523001194 2,29000854492188
ShoulderCenter 0,0228730887174606 -0,216320067644119 2,22212719917297
Head 0,00402077101171017 -0,104951895773411 2,07108068466187
ShoulderLeft -0,0481380261480808 -0,237160593271255 2,27046227455139
ElbowLeft -0,0847975164651871 -0,198865935206413 2,0643470287323
WristLeft -0,124574325978756 -0,115277893841267 1,92198872566223
HandLeft -0,137833267450333 -0,0874152109026909 1,87737309932709
ShoulderRight 0,201533883810043 -0,148473650217056 2,22089266777039
ElbowRight 0,255541563034058 -0,258537650108337 2,28230977058411
WristRight 0,297437697649002 -0,375913739204407 2,34864473342896
HandRight 0,311403065919876 -0,415039092302322 2,37359356880188
HipLeft 0,0274193733930588 -0,433407127857208 2,35024118423462
KneeLeft -0,0689063966274261 -0,61073225736618 2,11732339859009
AnkleLeft -0,0632753297686577 -0,801669955253601 2,09476923942566
FootLeft -0,0406149327754974 -0,844292104244232 2,12526059150696
HipRight 0,167081624269485 -0,379246205091476 2,31378030776978
KneeRight 0,123402826488018 -0,624365270137787 2,13471150398254
AnkleRight 0,143667981028557 -0,814314424991608 2,11236977577209
FootRight 0,122108861804008 -0,852133214473724 2,07542657852173

