HipCenter 0,0793913677334785 -0,356929749250412 2,30531525611877
Spine 0,0697209686040878 -0,333145380020142 2,28957724571228
ShoulderCenter 0,0229086112231016 -0,216950625181198 2,22025775909424
Head 0,00200735963881016 -0,10666498541832 2,06914591789246
ShoulderLeft -0,0319802276790142 -0,244847610592842 2,26923108100891
ElbowLeft -0,0775857120752335 -0,203850865364075 2,06608176231384
WristLeft -0,123690880835056 -0,119292318820953 1,92170894145966
HandLeft -0,139059275388718 -0,0911061391234398 1,87642073631287
ShoulderRight 0,197721570730209 -0,126649856567383 2,2122437953949
ElbowRight 0,246257841587067 -0,288905113935471 2,29474329948425
WristRight 0,370706140995026 -0,267514079809189 2,35765552520752
HandRight 0,412188917398453 -0,260383725166321 2,38146233558655
HipLeft 0,0326475948095322 -0,442691087722778 2,33898901939392
KneeLeft -0,0790573284029961 -0,581687152385712 2,08778643608093
AnkleLeft -0,0570308640599251 -0,784350633621216 2,12673401832581
FootLeft -0,056151706725359 -0,828823268413544 2,07648491859436
HipRight 0,171286106109619 -0,374212145805359 2,32533979415894
KneeRight 0,125768601894379 -0,631551921367645 2,13770580291748
AnkleRight 0,147378116846085 -0,820468842983246 2,11378860473633
FootRight 0,108750492334366 -0,795972347259521 2,07970571517944

