HipCenter 0,0724550560116768 -0,354082852602005 2,30462646484375
Spine 0,0616731755435467 -0,330648481845856 2,29083442687988
ShoulderCenter 0,00393457664176822 -0,211375445127487 2,22879028320313
Head -0,00793006829917431 -0,108700819313526 2,07250261306763
ShoulderLeft -0,0447448045015335 -0,236256510019302 2,26742959022522
ElbowLeft -0,0844258964061737 -0,198258906602859 2,06255292892456
WristLeft -0,12447002530098 -0,116766199469566 1,92201149463654
HandLeft -0,137818068265915 -0,0896019637584686 1,87799942493439
ShoulderRight 0,200837671756744 -0,126429438591003 2,21695160865784
ElbowRight 0,250675678253174 -0,288999080657959 2,29781484603882
WristRight 0,306143999099731 -0,403281599283218 2,35900783538818
HandRight 0,324633449316025 -0,441375762224197 2,38224053382874
HipLeft 0,0262482929974794 -0,432010591030121 2,34847736358643
KneeLeft -0,0712281465530396 -0,601025819778442 2,11092376708984
AnkleLeft -0,055951502174139 -0,798413157463074 2,12955236434937
FootLeft -0,0562146715819836 -0,840984106063843 2,07773399353027
HipRight 0,165573179721832 -0,378460884094238 2,3086040019989
KneeRight 0,120980702340603 -0,628453075885773 2,13582634925842
AnkleRight 0,14527827501297 -0,8167804479599 2,1115984916687
FootRight 0,104674801230431 -0,843235790729523 2,08158326148987

