HipCenter 0,0745283365249634 -0,356626570224762 2,30308794975281
Spine 0,0654879733920097 -0,333508670330048 2,28826355934143
ShoulderCenter 0,0147873423993587 -0,222561419010162 2,23310422897339
Head 0,00303376466035843 -0,112392075359821 2,08166360855103
ShoulderLeft -0,0454182028770447 -0,236541464924812 2,26766228675842
ElbowLeft -0,0826102569699287 -0,198796227574348 2,06282448768616
WristLeft -0,119851186871529 -0,123750954866409 1,91966247558594
HandLeft -0,132264822721481 -0,0987358614802361 1,87477612495422
ShoulderRight 0,202180713415146 -0,125851333141327 2,21609997749329
ElbowRight 0,255018621683121 -0,249772563576698 2,27779769897461
WristRight 0,275345891714096 -0,378095269203186 2,33248567581177
HandRight 0,282121658325195 -0,420869499444962 2,35354948043823
HipLeft 0,0253114979714155 -0,431467652320862 2,34474325180054
KneeLeft -0,0682902559638023 -0,614599347114563 2,11764311790466
AnkleLeft -0,0540946424007416 -0,794788241386414 2,12963628768921
FootLeft -0,0547237247228622 -0,836992263793945 2,07767534255981
HipRight 0,16471466422081 -0,385272294282913 2,30996012687683
KneeRight 0,119229897856712 -0,625728487968445 2,12768983840942
AnkleRight 0,139701709151268 -0,813836216926575 2,10678100585938
FootRight 0,113482117652893 -0,863941550254822 2,10046577453613

