HipCenter 0,239312008023262 0,00720080267637968 2,36295938491821
Spine 0,224236980080605 0,0907550454139709 2,4208869934082
ShoulderCenter 0,209504038095474 0,555178225040436 2,43387126922607
Head 0,0835109502077103 0,696067810058594 2,53146576881409
ShoulderLeft 0,135051235556602 0,397247672080994 2,31420278549194
ElbowLeft -0,00567422807216644 0,363400161266327 2,50840830802917
WristLeft -0,242076516151428 0,325078696012497 2,52093553543091
HandLeft -0,303302496671677 0,308625787496567 2,50953650474548
ShoulderRight 0,242892056703568 0,391306340694427 2,33421349525452
ElbowRight -0,0207933187484741 0,378809779882431 2,29273128509521
WristRight -0,215757250785828 0,366159200668335 2,28265380859375
HandRight -0,302257776260376 0,363135516643524 2,29282808303833
HipLeft 0,215724557638168 -0,0243698600679636 2,37205648422241
KneeLeft 0,309855729341507 -0,561322629451752 2,34990882873535
AnkleLeft 0,323548316955566 -0,879539847373962 2,36615943908691
FootLeft 0,263766467571259 -0,907386481761932 2,31600761413574
HipRight 0,268290281295776 -0,0156876929104328 2,34982919692993
KneeRight 0,310746163129807 -0,461889415979385 2,2729344367981
AnkleRight 0,439570903778076 -0,849524915218353 2,26116871833801
FootRight 0,373223721981049 -0,897787988185883 2,24962639808655

