HipCenter 0,430095493793488 0,319088876247406 2,69400596618652
Spine 0,38625779747963 0,385481238365173 2,67108798027039
ShoulderCenter 0,169737920165062 0,712138473987579 2,576491355896
Head 0,0626372992992401 0,865257322788239 2,51134872436523
ShoulderLeft 0,12460795789957 0,581362783908844 2,60447120666504
ElbowLeft 0,0695677027106285 0,401214689016342 2,67619585990906
WristLeft 0,12802654504776 0,6368567943573 2,50262665748596
HandLeft 0,0700537115335464 0,645004391670227 2,47343993186951
ShoulderRight 0,37303814291954 0,687846183776855 2,58991622924805
ElbowRight 0,622016668319702 0,568689942359924 2,64790558815002
WristRight 0,753725230693817 0,310700654983521 2,64031553268433
HandRight 0,780631124973297 0,251097679138184 2,63868474960327
HipLeft 0,414978712797165 0,245840534567833 2,69789910316467
KneeLeft 0,405980288982391 -0,267119824886322 2,67629837989807
AnkleLeft 0,457876563072205 -0,650929093360901 2,77321696281433
FootLeft 0,440010339021683 -0,733829259872437 2,73026943206787
HipRight 0,514374375343323 0,288616567850113 2,71657395362854
KneeRight 0,697795391082764 -0,266998499631882 2,75921964645386
AnkleRight 0,743621468544006 -0,651386797428131 2,79036641120911
FootRight 0,75629198551178 -0,743590950965881 2,74105763435364

