HipCenter 0,410789787769318 0,28997814655304 2,69111251831055
Spine 0,363738864660263 0,354034543037415 2,66607069969177
ShoulderCenter 0,127145797014236 0,672720730304718 2,55942630767822
Head 0,00831998605281115 0,82090550661087 2,48919320106506
ShoulderLeft 0,0847856625914574 0,553620457649231 2,59574675559998
ElbowLeft -0,0605779066681862 0,457167327404022 2,67951846122742
WristLeft 0,0192677453160286 0,663622379302979 2,490558385849
HandLeft -0,0381638519465923 0,671694278717041 2,46164560317993
ShoulderRight 0,319818377494812 0,656809151172638 2,57133913040161
ElbowRight 0,518551349639893 0,539849758148193 2,60687065124512
WristRight 0,690910995006561 0,320559829473495 2,62971162796021
HandRight 0,748348534107208 0,255851328372955 2,64387893676758
HipLeft 0,402582794427872 0,219914168119431 2,68848252296448
KneeLeft 0,388048738241196 -0,280659168958664 2,66356563568115
AnkleLeft 0,458254486322403 -0,650154888629913 2,77173495292664
FootLeft 0,438939869403839 -0,737039387226105 2,735506772995
HipRight 0,488827347755432 0,264363974332809 2,72263693809509
KneeRight 0,68823367357254 -0,270528614521027 2,76187205314636
AnkleRight 0,74516773223877 -0,647713303565979 2,79136848449707
FootRight 0,753008306026459 -0,741600871086121 2,72990870475769

