HipCenter 0,429589420557022 0,325917631387711 2,69200110435486
Spine 0,389755576848984 0,389096200466156 2,66895198822021
ShoulderCenter 0,193327844142914 0,705716133117676 2,57287955284119
Head 0,0914871841669083 0,857863306999207 2,49102282524109
ShoulderLeft 0,0953167080879211 0,633537232875824 2,60353398323059
ElbowLeft 0,0622805766761303 0,445994168519974 2,65098571777344
WristLeft 0,082475408911705 0,682428658008575 2,4915611743927
HandLeft 0,0252224691212177 0,690475761890411 2,46273970603943
ShoulderRight 0,391694933176041 0,695590138435364 2,58985257148743
ElbowRight 0,598407745361328 0,541528761386871 2,63559794425964
WristRight 0,745771586894989 0,326022386550903 2,66308951377869
HandRight 0,798294723033905 0,258219093084335 2,6799156665802
HipLeft 0,4126196205616 0,247777223587036 2,69887661933899
KneeLeft 0,413280487060547 -0,253709495067596 2,68542504310608
AnkleLeft 0,460842877626419 -0,656758844852448 2,77673983573914
FootLeft 0,442327708005905 -0,737618505954742 2,73011517524719
HipRight 0,517501592636108 0,291143506765366 2,71608805656433
KneeRight 0,698564171791077 -0,270940124988556 2,76418876647949
AnkleRight 0,74350905418396 -0,651908040046692 2,79280066490173
FootRight 0,751116633415222 -0,744590580463409 2,72921395301819

