HipCenter 0,43475878238678 0,333655744791031 2,69438409805298
Spine 0,397250264883041 0,398219406604767 2,67254734039307
ShoulderCenter 0,213577941060066 0,721217393875122 2,58368539810181
Head 0,111063078045845 0,869419932365417 2,49854969978333
ShoulderLeft 0,101476401090622 0,640755414962769 2,61023712158203
ElbowLeft 0,0449315272271633 0,453802168369293 2,64372158050537
WristLeft 0,0764366835355759 0,691864013671875 2,48949670791626
HandLeft 0,0191786102950573 0,699911534786224 2,46067118644714
ShoulderRight 0,407061576843262 0,705427289009094 2,59464740753174
ElbowRight 0,609576463699341 0,547711133956909 2,64026737213135
WristRight 0,756025791168213 0,332074284553528 2,66802334785461
HandRight 0,807840645313263 0,263718783855438 2,68485617637634
HipLeft 0,414491534233093 0,253158628940582 2,70308232307434
KneeLeft 0,418889135122299 -0,243250697851181 2,69043469429016
AnkleLeft 0,460881888866425 -0,654330730438232 2,77807116508484
FootLeft 0,441294521093369 -0,735475778579712 2,72958111763
HipRight 0,52448558807373 0,296134412288666 2,71556520462036
KneeRight 0,701618671417236 -0,26838806271553 2,7644362449646
AnkleRight 0,742711842060089 -0,651620030403137 2,79052567481995
FootRight 0,751463294029236 -0,744146823883057 2,72977519035339

