HipCenter 0,496419489383698 0,375093847513199 2,70144104957581
Spine 0,475740075111389 0,4467553794384 2,68476390838623
ShoulderCenter 0,380949288606644 0,806305229663849 2,62336111068726
Head 0,275991499423981 0,930712223052979 2,53852438926697
ShoulderLeft 0,202511936426163 0,710299015045166 2,64130616188049
ElbowLeft 0,031585231423378 0,654609680175781 2,5151162147522
WristLeft -0,0919939205050468 0,47805243730545 2,327317237854
HandLeft -0,203649446368217 0,52593731880188 2,21997952461243
ShoulderRight 0,543569028377533 0,748017311096191 2,62136077880859
ElbowRight 0,72945761680603 0,565094769001007 2,6831374168396
WristRight 0,862678170204163 0,325572550296783 2,70284295082092
HandRight 0,881893277168274 0,238849237561226 2,70315885543823
HipLeft 0,446107238531113 0,28342741727829 2,71676421165466
KneeLeft 0,445889502763748 -0,258787482976913 2,72411274909973
AnkleLeft 0,468858242034912 -0,650396585464478 2,78866338729858
FootLeft 0,441431909799576 -0,7330042719841 2,73340654373169
HipRight 0,591596841812134 0,319737166166306 2,7096004486084
KneeRight 0,715439140796661 -0,238235622644424 2,74996018409729
AnkleRight 0,740987598896027 -0,646403312683105 2,78722047805786
FootRight 0,751065135002136 -0,744158864021301 2,73610734939575

