HipCenter 0,100610978901386 0,296047627925873 2,02260732650757
Spine 0,104862354695797 0,369407176971436 2,05835604667664
ShoulderCenter 0,114220649003983 0,747388660907745 2,04478144645691
Head 0,222123116254807 0,953843593597412 2,07553601264954
ShoulderLeft -0,0740147829055786 0,681353211402893 2,06681513786316
ElbowLeft -0,322482019662857 0,73694771528244 2,05039048194885
WristLeft -0,527264654636383 0,77433180809021 1,97132623195648
HandLeft -0,583326995372772 0,722313761711121 1,94613361358643
ShoulderRight 0,248507767915726 0,628075420856476 2,04434847831726
ElbowRight 0,352772653102875 0,36834242939949 2,07066774368286
WristRight 0,350979924201965 0,153021320700645 2,02234649658203
HandRight 0,350449174642563 0,0460544526576996 2,00171709060669
HipLeft 0,0202016215771437 0,2219348102808 2,00366711616516
KneeLeft 0,00423842202872038 -0,281913578510284 2,09294843673706
AnkleLeft 0,0366819798946381 -0,667776882648468 2,12092137336731
FootLeft 0,00601824419572949 -0,735512256622314 2,05804538726807
HipRight 0,17683020234108 0,214677110314369 2,02919816970825
KneeRight 0,213862270116806 -0,28296634554863 2,10116386413574
AnkleRight 0,210600838065147 -0,671755850315094 2,15342783927917
FootRight 0,228371620178223 -0,740870356559753 2,10304427146912

