HipCenter 0,22409962117672 0,406213849782944 2,64152050018311
Spine 0,229076847434044 0,482168227434158 2,70444989204407
ShoulderCenter 0,236854523420334 0,905715942382813 2,6876175403595
Head 0,221667036414146 1,13437652587891 2,64081478118896
ShoulderLeft 0,0366578139364719 0,797891557216644 2,6903178691864
ElbowLeft -0,20782259106636 0,812432825565338 2,6806161403656
WristLeft -0,445987731218338 0,856134533882141 2,6221489906311
HandLeft -0,562620460987091 0,868728041648865 2,59908056259155
ShoulderRight 0,414434373378754 0,76739764213562 2,66813802719116
ElbowRight 0,512441337108612 0,488249003887177 2,69301223754883
WristRight 0,534613728523254 0,240753695368767 2,61955404281616
HandRight 0,528517127037048 0,123801246285439 2,59549379348755
HipLeft 0,136471375823021 0,32358193397522 2,63544011116028
KneeLeft 0,118624538183212 -0,223319500684738 2,70818662643433
AnkleLeft 0,128231719136238 -0,623369574546814 2,74621176719666
FootLeft 0,109939984977245 -0,716752886772156 2,69239187240601
HipRight 0,307374477386475 0,319112300872803 2,62633752822876
KneeRight 0,366048067808151 -0,237845599651337 2,68098068237305
AnkleRight 0,370695471763611 -0,633040130138397 2,73475289344788
FootRight 0,375154733657837 -0,731244385242462 2,66109895706177

