HipCenter 0,224409535527229 0,405296146869659 2,63966584205627
Spine 0,229844599962234 0,481433779001236 2,70254421234131
ShoulderCenter 0,238367021083832 0,905945241451263 2,68551445007324
Head 0,23637031018734 1,13807487487793 2,64601635932922
ShoulderLeft 0,0378728583455086 0,797449231147766 2,68852019309998
ElbowLeft -0,204872608184814 0,815575659275055 2,67913579940796
WristLeft -0,442006766796112 0,858246326446533 2,62231135368347
HandLeft -0,55724173784256 0,872091352939606 2,59781241416931
ShoulderRight 0,41348522901535 0,767485201358795 2,66429018974304
ElbowRight 0,512517631053925 0,488915473222733 2,69477272033691
WristRight 0,533358752727509 0,220487102866173 2,62590599060059
HandRight 0,531169354915619 0,12361541390419 2,60513687133789
HipLeft 0,137075915932655 0,32305371761322 2,63407635688782
KneeLeft 0,118674159049988 -0,222320005297661 2,70761275291443
AnkleLeft 0,127740144729614 -0,621444642543793 2,74625492095947
FootLeft 0,111718662083149 -0,714861154556274 2,697909116745
HipRight 0,307218968868256 0,318699032068253 2,62393832206726
KneeRight 0,366611570119858 -0,239600002765656 2,679114818573
AnkleRight 0,37178173661232 -0,634170413017273 2,73467516899109
FootRight 0,373436272144318 -0,730409622192383 2,66793131828308

