HipCenter 0,238703906536102 0,38538983464241 2,64387655258179
Spine 0,244151890277863 0,462377667427063 2,70796489715576
ShoulderCenter 0,248962044715881 0,896992206573486 2,69793510437012
Head 0,206815421581268 1,11718654632568 2,64126014709473
ShoulderLeft 0,0593033656477928 0,771599352359772 2,70201349258423
ElbowLeft -0,198444187641144 0,67181122303009 2,68492841720581
WristLeft -0,42641806602478 0,576043725013733 2,62031960487366
HandLeft -0,508293628692627 0,546515941619873 2,59161353111267
ShoulderRight 0,422830164432526 0,768049538135529 2,67844390869141
ElbowRight 0,522724866867065 0,487988978624344 2,69147133827209
WristRight 0,53438663482666 0,236782044172287 2,60772395133972
HandRight 0,527060568332672 0,12960521876812 2,57819843292236
HipLeft 0,155417785048485 0,305715322494507 2,63627004623413
KneeLeft 0,121765717864037 -0,222667917609215 2,71399021148682
AnkleLeft 0,125959485769272 -0,611560702323914 2,74892020225525
FootLeft 0,112416014075279 -0,706870496273041 2,69761610031128
HipRight 0,318540453910828 0,304126292467117 2,62984704971313
KneeRight 0,369969397783279 -0,235626518726349 2,68394875526428
AnkleRight 0,372074395418167 -0,636488258838654 2,7384786605835
FootRight 0,374548435211182 -0,733667254447937 2,66870760917664

