HipCenter 0,0949399620294571 0,228280737996101 2,40567445755005
Spine 0,0861949697136879 0,286034226417542 2,45924830436707
ShoulderCenter 0,0857702493667603 0,626883029937744 2,46442103385925
Head 0,0829881578683853 0,793392539024353 2,43995046615601
ShoulderLeft -0,0780071765184402 0,540929555892944 2,42731881141663
ElbowLeft -0,249407321214676 0,622966825962067 2,26911544799805
WristLeft -0,431456118822098 0,697545945644379 2,1134238243103
HandLeft -0,475432932376862 0,719138324260712 2,07731938362122
ShoulderRight 0,228189751505852 0,531666040420532 2,47278237342834
ElbowRight 0,269342660903931 0,276483237743378 2,44170141220093
WristRight 0,290538132190704 0,0710983872413635 2,37189936637878
HandRight 0,298696577548981 0,0151156485080719 2,34933996200562
HipLeft 0,0287907645106316 0,158846214413643 2,37932443618774
KneeLeft 0,0062696747481823 -0,315298914909363 2,35999464988709
AnkleLeft 0,0423799455165863 -0,63028872013092 2,47202181816101
FootLeft 0,0626006498932838 -0,701536417007446 2,46618723869324
HipRight 0,164363607764244 0,159448072314262 2,40714287757874
KneeRight 0,178015783429146 -0,30468538403511 2,3725471496582
AnkleRight 0,15783628821373 -0,623364448547363 2,48403573036194
FootRight 0,169597342610359 -0,658463358879089 2,404860496521

