HipCenter 0,0874655544757843 0,213981211185455 2,39911770820618
Spine 0,0854775309562683 0,273676484823227 2,45323705673218
ShoulderCenter 0,0765694156289101 0,620319485664368 2,45606684684753
Head 0,0689303576946259 0,788930952548981 2,42562532424927
ShoulderLeft -0,0781223401427269 0,513468027114868 2,45302176475525
ElbowLeft -0,115051202476025 0,290154486894608 2,44643402099609
WristLeft -0,140521928668022 0,0616875439882278 2,41802859306335
HandLeft -0,159916415810585 0,00452717859297991 2,38187503814697
ShoulderRight 0,222432836890221 0,512908399105072 2,45656991004944
ElbowRight 0,271651536226273 0,283191561698914 2,43559098243713
WristRight 0,293933212757111 0,0750073194503784 2,36353731155396
HandRight 0,300928205251694 0,0240577179938555 2,34025859832764
HipLeft 0,0211176443845034 0,146174564957619 2,38433742523193
KneeLeft 0,00752204982563853 -0,317338675260544 2,35760450363159
AnkleLeft 0,0430854484438896 -0,634393036365509 2,47354912757874
FootLeft 0,0702468901872635 -0,703614473342896 2,46894359588623
HipRight 0,155632615089417 0,14850889146328 2,39072966575623
KneeRight 0,182441666722298 -0,311946719884872 2,37041330337524
AnkleRight 0,158169999718666 -0,615956544876099 2,48585176467896
FootRight 0,158714458346367 -0,651181638240814 2,40559387207031

