HipCenter 0,094303622841835 0,225206851959229 2,40433740615845
Spine 0,0844730511307716 0,283565044403076 2,45717644691467
ShoulderCenter 0,0823221579194069 0,625177204608917 2,45976328849792
Head 0,0833089426159859 0,791701197624207 2,43448710441589
ShoulderLeft -0,0782651230692863 0,533999562263489 2,42274832725525
ElbowLeft -0,248238787055016 0,620095312595367 2,27543973922729
WristLeft -0,439138501882553 0,695343017578125 2,11385846138
HandLeft -0,482995510101318 0,713476359844208 2,07791256904602
ShoulderRight 0,22904172539711 0,528032898902893 2,47295117378235
ElbowRight 0,26821357011795 0,28261411190033 2,44355392456055
WristRight 0,289399117231369 0,0706920102238655 2,37458086013794
HandRight 0,299278914928436 0,014763992279768 2,35176563262939
HipLeft 0,0286316983401775 0,155370160937309 2,37883067131042
KneeLeft 0,00703050056472421 -0,318046778440475 2,36115765571594
AnkleLeft 0,0427852347493172 -0,630533337593079 2,47104120254517
FootLeft 0,0605309382081032 -0,701460719108582 2,46563410758972
HipRight 0,164323672652245 0,156081527471542 2,4062077999115
KneeRight 0,178003668785095 -0,307230859994888 2,3731324672699
AnkleRight 0,158688962459564 -0,607075572013855 2,48351263999939
FootRight 0,171263843774796 -0,641812086105347 2,40557384490967

