HipCenter -0,00356870144605637 -0,177097022533417 2,23362064361572
Spine 0,0327113643288612 -0,168343916535378 2,22052526473999
ShoulderCenter 0,20696085691452 -0,113723091781139 2,15596461296082
Head 0,103593602776527 -0,0123550221323967 1,99814176559448
ShoulderLeft -0,00191020965576172 -0,173698559403419 2,1111888885498
ElbowLeft -0,175215691328049 -0,0594801604747772 2,04397773742676
WristLeft -0,0880765244364738 -0,0638081356883049 1,8393360376358
HandLeft -0,0286054220050573 -0,0263324975967407 1,69483637809753
ShoulderRight 0,163244679570198 -0,226490944623947 1,96762871742249
ElbowRight 0,227629914879799 -0,116188779473305 2,10999393463135
WristRight 0,172159284353256 -0,244514748454094 1,93905138969421
HandRight 0,135093748569489 -0,31865456700325 1,87134313583374
HipLeft -0,0927782207727432 -0,171081557869911 2,28628039360046
KneeLeft -0,149095714092255 -0,339169174432755 1,92424619197845
AnkleLeft -0,127228409051895 -0,675043821334839 1,94191670417786
FootLeft -0,141818225383759 -0,738756418228149 1,92221915721893
HipRight -0,0529521815478802 -0,220680624246597 2,21726846694946
KneeRight 0,132692381739616 -0,344382435083389 1,9402003288269
AnkleRight 0,119476214051247 -0,684666693210602 1,94713997840881
FootRight 0,122901730239391 -0,743747472763062 1,91164207458496

