HipCenter -0,0723914802074432 -0,177546307444572 2,21560430526733
Spine -0,031330119818449 -0,17840214073658 2,23303079605103
ShoulderCenter 0,174218744039536 -0,171424821019173 2,33230590820313
Head 0,0358463823795319 -0,138524994254112 2,17133712768555
ShoulderLeft 0,0439071655273438 -0,259662270545959 2,35656499862671
ElbowLeft -0,0836336463689804 -0,152626186609268 2,2013053894043
WristLeft -0,0597268640995026 -0,117345437407494 1,98102200031281
HandLeft -0,0264412686228752 -0,03524174913764 1,6933833360672
ShoulderRight 0,137617915868759 -0,279047846794128 2,16278576850891
ElbowRight 0,229237213730812 -0,117365047335625 2,10672783851624
WristRight 0,171415567398071 -0,24649016559124 1,93565678596497
HandRight 0,132038995623589 -0,31187441945076 1,8703076839447
HipLeft -0,122590720653534 -0,17682109773159 2,23804044723511
KneeLeft -0,149621948599815 -0,345852017402649 1,92052900791168
AnkleLeft -0,127246379852295 -0,673429012298584 1,9403303861618
FootLeft -0,128701016306877 -0,747159719467163 1,94043755531311
HipRight -0,0819504857063293 -0,179754868149757 2,16228151321411
KneeRight 0,133639916777611 -0,357769787311554 1,93876826763153
AnkleRight 0,120331361889839 -0,682549357414246 1,94548654556274
FootRight 0,118876732885838 -0,756280064582825 1,94559371471405

