HipCenter 0,038094088435173 -0,204952359199524 2,20059037208557
Spine 0,0594561100006104 -0,200008377432823 2,21704411506653
ShoulderCenter 0,165845260024071 -0,167382508516312 2,32035279273987
Head 0,167402639985085 -0,246934443712234 2,19371390342712
ShoulderLeft 0,0463143810629845 -0,241166368126869 2,33978748321533
ElbowLeft -0,0636035203933716 -0,143439576029778 2,16218757629395
WristLeft -0,0305389761924744 -0,114114955067635 1,94128262996674
HandLeft -0,0259007997810841 -0,0397656857967377 1,69421899318695
ShoulderRight 0,292988479137421 -0,0716320425271988 2,17572808265686
ElbowRight 0,186921671032906 -0,150358289480209 2,06658887863159
WristRight 0,153378307819366 -0,28181928396225 1,88938009738922
HandRight 0,131155252456665 -0,310771584510803 1,87234282493591
HipLeft -0,0650047063827515 -0,278265118598938 2,18548107147217
KneeLeft -0,162183657288551 -0,357099890708923 1,88330376148224
AnkleLeft -0,127634078264236 -0,674446403980255 1,94027757644653
FootLeft -0,142307430505753 -0,746161937713623 1,94607877731323
HipRight 0,0676269605755806 -0,165488854050636 2,09908246994019
KneeRight 0,149446830153465 -0,408312171697617 1,90145146846771
AnkleRight 0,118795186281204 -0,688581526279449 1,94832837581635
FootRight 0,104121834039688 -0,760297060012817 1,95412957668304

