HipCenter -0,043301910161972 -0,102572605013847 2,22061729431152
Spine -0,0460493341088295 -0,0673207640647888 2,19944930076599
ShoulderCenter -0,0680181682109833 0,0906114727258682 2,09281945228577
Head -0,060694333165884 0,240414693951607 1,94090294837952
ShoulderLeft -0,197916463017464 0,112098209559917 2,1200065612793
ElbowLeft -0,331872344017029 0,0501499250531197 2,1507682800293
WristLeft -0,190724328160286 0,0895206406712532 2,0852746963501
HandLeft -0,143674984574318 0,102644212543964 2,06702470779419
ShoulderRight 0,125129193067551 0,101127907633781 2,12552428245544
ElbowRight 0,216993927955627 -0,0669795721769333 2,19439268112183
WristRight 0,181843176484108 -0,183412134647369 2,01044464111328
HandRight 0,170705169439316 -0,207654133439064 1,95021188259125
HipLeft -0,114683009684086 -0,164219155907631 2,2513906955719
KneeLeft -0,162034451961517 -0,323269933462143 1,93674731254578
AnkleLeft -0,136061832308769 -0,679833233356476 1,9407514333725
FootLeft -0,149705529212952 -0,742674648761749 1,90694355964661
HipRight 0,0391020700335503 -0,166571602225304 2,25922250747681
KneeRight 0,133682578802109 -0,331959277391434 1,95452618598938
AnkleRight 0,127268761396408 -0,668264269828796 1,94305038452148
FootRight 0,127307564020157 -0,740204095840454 1,89982438087463

