HipCenter -0,0147377150133252 -0,245770469307899 2,19060039520264
Spine 0,00410982733592391 -0,236112266778946 2,20522260665894
ShoulderCenter 0,171372070908546 -0,176544427871704 2,32715010643005
Head 0,092656284570694 -0,0780579596757889 2,15436100959778
ShoulderLeft 0,146579325199127 -0,129442781209946 2,21105337142944
ElbowLeft -0,0247046053409576 -0,0793816894292831 2,06937456130981
WristLeft -0,0106670781970024 -0,104721747338772 1,84521853923798
HandLeft -0,0224675089120865 -0,0830341726541519 1,70604431629181
ShoulderRight 0,229285165667534 -0,0660889968276024 2,32083487510681
ElbowRight 0,237656950950623 -0,114188812673092 2,10770869255066
WristRight 0,174386620521545 -0,243955701589584 1,93716371059418
HandRight 0,131780803203583 -0,307969629764557 1,87324845790863
HipLeft -0,0555297620594502 -0,27125471830368 2,17970752716064
KneeLeft -0,163193836808205 -0,357439368963242 1,88428175449371
AnkleLeft -0,128347009420395 -0,67474102973938 1,93867802619934
FootLeft -0,144433557987213 -0,73963987827301 1,92174029350281
HipRight -0,0269925650209188 -0,245593771338463 2,1616735458374
KneeRight 0,148180231451988 -0,370671808719635 1,91913616657257
AnkleRight 0,119043856859207 -0,682122349739075 1,94341003894806
FootRight 0,12527596950531 -0,7420694231987 1,90657329559326

