HipCenter -0,0304586756974459 -0,10934916138649 2,21980571746826
Spine -0,0325456336140633 -0,0767813175916672 2,202467918396
ShoulderCenter -0,0553768686950207 0,0908337831497192 2,12149310112
Head -0,0316934138536453 0,225506156682968 1,9550393819809
ShoulderLeft -0,177699655294418 0,11240167170763 2,12538051605225
ElbowLeft -0,328697085380554 0,069517657160759 2,13195991516113
WristLeft -0,164338663220406 0,124596424400806 1,99284744262695
HandLeft -0,141310796141624 0,174487248063087 1,97364723682404
ShoulderRight 0,142083242535591 0,107773013412952 2,14896726608276
ElbowRight 0,219979017972946 -0,0735886842012405 2,19741606712341
WristRight 0,190581008791924 -0,172281384468079 2,03936123847961
HandRight 0,17237500846386 -0,232595160603523 2,03105449676514
HipLeft -0,113285236060619 -0,169656932353973 2,24977421760559
KneeLeft -0,151233196258545 -0,32603645324707 1,93497860431671
AnkleLeft -0,130932509899139 -0,679462552070618 1,93880093097687
FootLeft -0,147360906004906 -0,74111396074295 1,91189455986023
HipRight 0,0460971668362617 -0,180377721786499 2,26181197166443
KneeRight 0,134852930903435 -0,315157890319824 1,94880747795105
AnkleRight 0,122558705508709 -0,666968762874603 1,94274234771729
FootRight 0,127484947443008 -0,740127623081207 1,90132987499237

