HipCenter -0,0356202721595764 -0,0563686899840832 2,29152536392212
Spine -0,0387790836393833 -0,00647256523370743 2,317458152771
ShoulderCenter -0,0467775799334049 0,265751719474792 2,33100056648254
Head -0,0432637184858322 0,455243051052094 2,28342700004578
ShoulderLeft -0,207450166344643 0,165082320570946 2,30277132987976
ElbowLeft -0,318965226411819 0,0673032104969025 2,22369813919067
WristLeft -0,163370549678802 0,134121388196945 2,07976794242859
HandLeft -0,140354871749878 0,183985829353333 2,06057691574097
ShoulderRight 0,119358353316784 0,16785691678524 2,32103610038757
ElbowRight 0,186123967170715 -0,0363187193870544 2,31600904464722
WristRight 0,15864622592926 -0,142770946025848 2,11998462677002
HandRight 0,15809553861618 -0,177674427628517 2,0486204624176
HipLeft -0,107313126325607 -0,132312521338463 2,27998161315918
KneeLeft -0,157113522291183 -0,317136585712433 1,93937516212463
AnkleLeft -0,133761927485466 -0,679361701011658 1,9341231584549
FootLeft -0,147675573825836 -0,74069619178772 1,90867853164673
HipRight 0,0406594388186932 -0,128564298152924 2,28586459159851
KneeRight 0,128399029374123 -0,313841164112091 1,95454359054565
AnkleRight 0,126066654920578 -0,665984749794006 1,93875503540039
FootRight 0,126901924610138 -0,742179036140442 1,90277123451233

