HipCenter 0,0479421727359295 -0,227455735206604 2,21131467819214
Spine 0,0661070123314857 -0,211341634392738 2,22767043113709
ShoulderCenter 0,156516253948212 -0,12981128692627 2,32216334342957
Head 0,078162208199501 -0,0707262009382248 2,13759160041809
ShoulderLeft -0,0320766419172287 -0,159753650426865 2,27496290206909
ElbowLeft -0,125973209738731 -0,0720140710473061 2,08608031272888
WristLeft -0,0823170095682144 -0,0550784282386303 1,8692307472229
HandLeft -0,0307207498699427 -0,00372408097609878 1,69907879829407
ShoulderRight 0,236976459622383 -0,0930634364485741 2,15597558021545
ElbowRight 0,210391342639923 -0,199341729283333 2,02352786064148
WristRight 0,151548460125923 -0,288750320672989 1,88433539867401
HandRight 0,13077986240387 -0,340237021446228 1,87130188941956
HipLeft -0,0737201645970345 -0,279134660959244 2,1810028553009
KneeLeft -0,169090092182159 -0,348868846893311 1,87223589420319
AnkleLeft -0,127665132284164 -0,675877213478088 1,94021594524384
FootLeft -0,143298640847206 -0,73887050151825 1,91756677627563
HipRight 0,0966442972421646 -0,241392493247986 2,15992665290833
KneeRight 0,149826407432556 -0,371864199638367 1,86121559143066
AnkleRight 0,119589038193226 -0,680227816104889 1,94635772705078
FootRight 0,122173920273781 -0,743164002895355 1,91248726844788

