HipCenter -0,022456917911768 -0,167979806661606 2,22774028778076
Spine 0,0120850261300802 -0,166336879134178 2,24251270294189
ShoulderCenter 0,168911457061768 -0,152546375989914 2,33468508720398
Head 0,090212382376194 -0,0973546877503395 2,14879846572876
ShoulderLeft -0,0117786098271608 -0,185288950800896 2,28232908248901
ElbowLeft -0,110314264893532 -0,0921358168125153 2,09852862358093
WristLeft -0,0761934965848923 -0,071643128991127 1,87974882125854
HandLeft -0,0318191237747669 -0,0153919216245413 1,69562184810638
ShoulderRight 0,255317151546478 -0,0889222919940948 2,16441798210144
ElbowRight 0,189735680818558 -0,0149985169991851 2,0193567276001
WristRight 0,160942167043686 -0,206172809004784 1,922079205513
HandRight 0,133633881807327 -0,249989062547684 1,89781737327576
HipLeft -0,146593302488327 -0,215604573488235 2,22125768661499
KneeLeft -0,153061777353287 -0,339602649211884 1,91510677337646
AnkleLeft -0,127902507781982 -0,675647497177124 1,93987786769867
FootLeft -0,132063284516335 -0,749835848808289 1,94277083873749
HipRight -0,0159096512943506 -0,124871015548706 2,17605018615723
KneeRight 0,13396292924881 -0,338198482990265 1,9424159526825
AnkleRight 0,12051897495985 -0,679506778717041 1,94279336929321
FootRight 0,116358198225498 -0,753695130348206 1,94568634033203

