HipCenter -0,0273109301924706 -0,212757527828217 2,2073221206665
Spine -0,0228346474468708 -0,192802429199219 2,19511914253235
ShoulderCenter -0,00201466889120638 -0,0947749316692352 2,14671683311462
Head -0,0178516563028097 0,0162855684757233 1,9909565448761
ShoulderLeft -0,190569773316383 0,0283124446868896 2,12358450889587
ElbowLeft -0,113319776952267 -0,0448806136846542 1,89328551292419
WristLeft -0,0446216240525246 -0,196752890944481 1,83125579357147
HandLeft -0,0319126471877098 -0,248239994049072 1,8375004529953
ShoulderRight 0,148510649800301 -0,0599840953946114 2,18246507644653
ElbowRight 0,196974620223045 -0,207715690135956 2,25765442848206
WristRight 0,232480362057686 -0,39918652176857 2,19560527801514
HandRight 0,240696251392365 -0,456292986869812 2,1855640411377
HipLeft -0,125820890069008 -0,267032206058502 2,23727893829346
KneeLeft -0,0816712379455566 -0,562891066074371 2,11211371421814
AnkleLeft -0,0825012847781181 -0,644651293754578 2,10049247741699
FootLeft -0,0792627558112144 -0,695954144001007 2,03895235061646
HipRight 0,0423933416604996 -0,312087118625641 2,24788904190063
KneeRight 0,0702341943979263 -0,503230571746826 2,08083319664001
AnkleRight 0,0682757943868637 -0,646494686603546 2,07964181900024
FootRight 0,0715143233537674 -0,697797536849976 2,01810169219971

