HipCenter -0,0257891975343227 -0,211746141314507 2,20806312561035
Spine -0,0206862222403288 -0,192875891923904 2,19573712348938
ShoulderCenter 0,00069666572380811 -0,0960207730531693 2,14963293075562
Head -0,0168535225093365 0,0159727558493614 1,99437320232391
ShoulderLeft -0,18091294169426 0,0206743329763412 2,12092542648315
ElbowLeft -0,1094119399786 -0,0467053204774857 1,88786208629608
WristLeft -0,0446942746639252 -0,201852411031723 1,83349013328552
HandLeft -0,0319753102958202 -0,252176910638809 1,84060955047607
ShoulderRight 0,153613239526749 -0,0495824292302132 2,17644810676575
ElbowRight 0,196852400898933 -0,208345547318459 2,25732564926147
WristRight 0,23222827911377 -0,395695209503174 2,19461798667908
HandRight 0,240196913480759 -0,455954402685165 2,18253540992737
HipLeft -0,128885895013809 -0,262930154800415 2,2176411151886
KneeLeft -0,082856111228466 -0,573852360248566 2,1152355670929
AnkleLeft -0,0808059349656105 -0,680991530418396 2,09714269638062
FootLeft -0,128562688827515 -0,702479064464569 2,14051651954651
HipRight 0,0341744348406792 -0,297553271055222 2,27371144294739
KneeRight 0,0629286170005798 -0,565293788909912 2,09772157669067
AnkleRight 0,0673103332519531 -0,647239685058594 2,07882070541382
FootRight 0,071521982550621 -0,698215782642365 2,01731204986572

