HipCenter -0,0108339739963412 -0,221939042210579 2,15022349357605
Spine -0,0121259810402989 -0,203565344214439 2,15674948692322
ShoulderCenter 0,000195848610019311 -0,108306959271431 2,14740681648254
Head -0,0159428771585226 0,00171773135662079 1,98887944221497
ShoulderLeft -0,181350231170654 0,00825658161193132 2,11859893798828
ElbowLeft -0,105357073247433 -0,0977172255516052 1,91125869750977
WristLeft -0,0256365910172462 -0,295116811990738 1,8621746301651
HandLeft 0,000936903059482574 -0,360916674137115 1,84903657436371
ShoulderRight 0,168554693460464 -0,121936120092869 2,23806524276733
ElbowRight 0,219035983085632 -0,270822763442993 2,28199100494385
WristRight 0,234036386013031 -0,413598924875259 2,18252778053284
HandRight 0,239306777715683 -0,450894445180893 2,18257665634155
HipLeft -0,100924879312515 -0,287779837846756 2,124272108078
KneeLeft -0,0881826356053352 -0,56634134054184 2,10935425758362
AnkleLeft -0,0862797945737839 -0,647069931030273 2,09997963905334
FootLeft -0,0634948015213013 -0,681636154651642 2,03362369537354
HipRight 0,0622221268713474 -0,326633870601654 2,16992998123169
KneeRight 0,0630992352962494 -0,500763177871704 2,0730242729187
AnkleRight 0,0672047510743141 -0,646120190620422 2,07960510253906
FootRight 0,0899897515773773 -0,680686414241791 2,01324915885925

