HipCenter 0,00327376718632877 -0,23311910033226 2,20190477371216
Spine 0,00390409282408655 -0,211565837264061 2,18690848350525
ShoulderCenter 0,00786407385021448 -0,0961005091667175 2,12833571434021
Head -0,0109802400693297 0,0161393061280251 1,97088873386383
ShoulderLeft -0,148835867643356 -0,160559311509132 2,21961903572083
ElbowLeft -0,101326420903206 -0,147906929254532 1,97975289821625
WristLeft -0,0425542257726192 -0,210916697978973 1,82669961452484
HandLeft -0,040219034999609 -0,260370403528214 1,81661128997803
ShoulderRight 0,150351226329803 -0,0113058006390929 2,139728307724
ElbowRight 0,192208096385002 -0,19450344145298 2,24704957008362
WristRight 0,228380292654037 -0,394830405712128 2,19127416610718
HandRight 0,23399330675602 -0,456074446439743 2,18278980255127
HipLeft -0,0737932026386261 -0,318607807159424 2,2043879032135
KneeLeft -0,0852824673056602 -0,505840957164764 2,0798397064209
AnkleLeft -0,0869207978248596 -0,645587682723999 2,1015419960022
FootLeft -0,0893125832080841 -0,696006894111633 2,04251050949097
HipRight 0,0807725787162781 -0,279348969459534 2,26533794403076
KneeRight 0,0683200433850288 -0,494592517614365 2,05237793922424
AnkleRight 0,0647149458527565 -0,714690625667572 2,06597757339478
FootRight 0,0753519088029861 -0,650821089744568 2,0788631439209

