HipCenter 0,00267444550991058 -0,173236817121506 2,23801159858704
Spine 0,00248551880940795 -0,151398822665215 2,21908187866211
ShoulderCenter 0,00164401414804161 -0,0401974692940712 2,14115595817566
Head -0,0141883967444301 0,108653269708157 2,01186513900757
ShoulderLeft -0,126333743333817 -0,0495770536363125 2,17596697807312
ElbowLeft -0,0848662257194519 -0,0159170441329479 1,93838310241699
WristLeft 0,00600036233663559 -0,0619696974754334 1,79717099666595
HandLeft 0,0362892262637615 -0,0773205831646919 1,75329792499542
ShoulderRight 0,135303854942322 0,0345670580863953 2,16149544715881
ElbowRight 0,182906270027161 -0,15648940205574 2,2519223690033
WristRight 0,222700744867325 -0,371833652257919 2,1898992061615
HandRight 0,232971027493477 -0,432559549808502 2,17462944984436
HipLeft -0,0674224570393562 -0,238498166203499 2,26773500442505
KneeLeft -0,0687271878123283 -0,420847564935684 2,02635264396667
AnkleLeft -0,0869101136922836 -0,642093241214752 2,10268664360046
FootLeft -0,0875021517276764 -0,707736849784851 2,09972548484802
HipRight 0,0732662603259087 -0,211983233690262 2,29003310203552
KneeRight 0,0502403452992439 -0,424970656633377 2,05908060073853
AnkleRight 0,0631665512919426 -0,647385358810425 2,07774567604065
FootRight 0,0711135119199753 -0,70298045873642 2,0246160030365

