HipCenter 0,300674647092819 0,208226680755615 2,06881833076477
Spine 0,291382253170013 0,27348455786705 2,12047362327576
ShoulderCenter 0,300453037023544 0,635085046291351 2,10811161994934
Head 0,297035157680511 0,800697088241577 2,05145382881165
ShoulderLeft 0,145569488406181 0,483321517705917 2,04570770263672
ElbowLeft 0,0517450124025345 0,32153582572937 2,01003313064575
WristLeft 0,27200722694397 0,334234893321991 1,91180801391602
HandLeft 0,30550742149353 0,381721973419189 1,89501559734344
ShoulderRight 0,459207743406296 0,522694289684296 2,1104588508606
ElbowRight 0,497865736484528 0,278781473636627 2,07038068771362
WristRight 0,488473862409592 0,0675901770591736 1,99911642074585
HandRight 0,47597137093544 0,00701499963179231 1,9785703420639
HipLeft 0,229117840528488 0,136278957128525 2,04498100280762
KneeLeft 0,20514765381813 -0,279290646314621 2,12301993370056
AnkleLeft 0,227985218167305 -0,648211419582367 2,12987089157104
FootLeft 0,241831168532372 -0,682319402694702 2,05538940429688
HipRight 0,372560620307922 0,136026099324226 2,07498097419739
KneeRight 0,392077833414078 -0,292401522397995 2,12273788452148
AnkleRight 0,375378489494324 -0,664657413959503 2,1409900188446
FootRight 0,382977694272995 -0,735532641410828 2,11712980270386

