HipCenter 0,299457311630249 0,208674490451813 2,06942224502563
Spine 0,291399478912354 0,274636477231979 2,11553645133972
ShoulderCenter 0,298082649707794 0,633999407291412 2,102947473526
Head 0,294376641511917 0,7971071600914 2,04331707954407
ShoulderLeft 0,144570738077164 0,483858942985535 2,04257893562317
ElbowLeft 0,0489384979009628 0,322552025318146 2,010333776474
WristLeft 0,268196195363998 0,333077847957611 1,91157531738281
HandLeft 0,301601260900497 0,380428075790405 1,89483082294464
ShoulderRight 0,456509798765183 0,521428883075714 2,10424256324768
ElbowRight 0,493446975946426 0,275769710540771 2,06572008132935
WristRight 0,487758994102478 0,0685895904898643 1,9984724521637
HandRight 0,475796341896057 0,010456932708621 1,97960186004639
HipLeft 0,227484449744225 0,137281000614166 2,04664874076843
KneeLeft 0,20526023209095 -0,279107630252838 2,12404108047485
AnkleLeft 0,2285046428442 -0,64813619852066 2,129234790802
FootLeft 0,24188406765461 -0,682539224624634 2,05464172363281
HipRight 0,371559292078018 0,136728167533875 2,07549095153809
KneeRight 0,392066061496735 -0,293568521738052 2,12318444252014
AnkleRight 0,375791281461716 -0,66470205783844 2,14149785041809
FootRight 0,383855938911438 -0,735011219978333 2,11560893058777

