HipCenter 0,298346549272537 0,208966284990311 2,06932687759399
Spine 0,289159744977951 0,274212390184402 2,11855912208557
ShoulderCenter 0,295311748981476 0,633360505104065 2,10526823997498
Head 0,293428659439087 0,797138452529907 2,04641199111938
ShoulderLeft 0,142780214548111 0,486716777086258 2,04498624801636
ElbowLeft 0,0427892878651619 0,328124135732651 2,02384519577026
WristLeft 0,259515732526779 0,333481788635254 1,92389237880707
HandLeft 0,292942136526108 0,380864322185516 1,90713703632355
ShoulderRight 0,455553412437439 0,523002862930298 2,10950469970703
ElbowRight 0,490958422422409 0,27464747428894 2,06895399093628
WristRight 0,485467433929443 0,0670250952243805 2,00034594535828
HandRight 0,47322016954422 0,010667372494936 1,98174524307251
HipLeft 0,226711004972458 0,137416839599609 2,04586696624756
KneeLeft 0,204306036233902 -0,278243243694305 2,12353539466858
AnkleLeft 0,227675586938858 -0,646661937236786 2,13035917282104
FootLeft 0,24165216088295 -0,680921971797943 2,05586338043213
HipRight 0,370468527078629 0,136653929948807 2,07592749595642
KneeRight 0,389839589595795 -0,292754620313644 2,12325477600098
AnkleRight 0,375893503427505 -0,664457261562347 2,14099740982056
FootRight 0,389870077371597 -0,698717296123505 2,06650161743164

