HipCenter 0,0208056289702654 0,129146724939346 2,61822628974915
Spine 0,0235676839947701 0,183652698993683 2,67844653129578
ShoulderCenter 0,0150287365540862 0,527852654457092 2,71239614486694
Head 0,00288090482354164 0,684612214565277 2,70642566680908
ShoulderLeft -0,136814653873444 0,423494666814804 2,6857602596283
ElbowLeft -0,219423487782478 0,540764927864075 2,47227621078491
WristLeft -0,231156960129738 0,707128167152405 2,29234290122986
HandLeft -0,230643689632416 0,775121986865997 2,23268580436707
ShoulderRight 0,165500268340111 0,428091108798981 2,6623375415802
ElbowRight 0,246838420629501 0,547157406806946 2,43689489364624
WristRight 0,265002638101578 0,693449795246124 2,26213836669922
HandRight 0,265955030918121 0,748687505722046 2,21754574775696
HipLeft -0,0490951985120773 0,06106998026371 2,60386610031128
KneeLeft -0,0638279467821121 -0,396082252264023 2,63774633407593
AnkleLeft -0,0585055314004421 -0,811785578727722 2,64436721801758
FootLeft -0,042235191911459 -0,907432496547699 2,58791494369507
HipRight 0,0920240357518196 0,0651059299707413 2,59674072265625
KneeRight 0,109264507889748 -0,313424050807953 2,61197423934937
AnkleRight 0,116177700459957 -0,750243782997131 2,63188028335571
FootRight 0,0859346017241478 -0,858738481998444 2,60009407997131

