HipCenter 0,0210065357387066 0,0669032260775566 2,62116169929504
Spine 0,0204684734344482 0,12436731159687 2,68146872520447
ShoulderCenter 0,0181977543979883 0,471603363752365 2,71243214607239
Head 0,0121368793770671 0,680791199207306 2,71219563484192
ShoulderLeft -0,136741012334824 0,355974018573761 2,65457391738892
ElbowLeft -0,212214902043343 0,160508319735527 2,49386310577393
WristLeft -0,22140496969223 -0,0192032754421234 2,37127137184143
HandLeft -0,192146554589272 -0,0890286713838577 2,31349849700928
ShoulderRight 0,16732931137085 0,358662068843842 2,65621852874756
ElbowRight 0,231812447309494 0,154100686311722 2,53375339508057
WristRight 0,28236198425293 0,00904886424541473 2,37649869918823
HandRight 0,338538348674774 -0,0470517948269844 2,29681086540222
HipLeft -0,0491903945803642 0,000200859853066504 2,60655641555786
KneeLeft -0,0659835040569305 -0,456083238124847 2,65518283843994
AnkleLeft -0,0572291389107704 -0,808649897575378 2,64535427093506
FootLeft -0,058367557823658 -0,842435300350189 2,54968428611755
HipRight 0,0936732664704323 0,000713288085535169 2,60185074806213
KneeRight 0,114617392420769 -0,443729639053345 2,64647936820984
AnkleRight 0,110546544194221 -0,82082062959671 2,64230823516846
FootRight 0,118022501468658 -0,897887229919434 2,59790372848511

