HipCenter 0,0151923578232527 0,0667738690972328 2,62191081047058
Spine 0,0157020688056946 0,12502233684063 2,68613982200623
ShoulderCenter 0,0191774126142263 0,502056121826172 2,73474359512329
Head 0,0176482349634171 0,674933254718781 2,72243022918701
ShoulderLeft -0,127826049923897 0,355392605066299 2,67074131965637
ElbowLeft -0,205072999000549 0,27553391456604 2,4539966583252
WristLeft -0,20263198018074 0,163138568401337 2,25110650062561
HandLeft -0,215326830744743 0,149705916643143 2,15756630897522
ShoulderRight 0,160974606871605 0,358517825603485 2,67179203033447
ElbowRight 0,227031946182251 0,226462244987488 2,44307422637939
WristRight 0,285119831562042 0,165902644395828 2,15021681785584
HandRight 0,264037579298019 0,164936318993568 2,1567120552063
HipLeft -0,0509651824831963 0,00349238724447787 2,60929036140442
KneeLeft -0,0782771036028862 -0,363465666770935 2,63052868843079
AnkleLeft -0,0637838616967201 -0,797739446163177 2,66006088256836
FootLeft -0,0449589267373085 -0,872065663337708 2,60529851913452
HipRight 0,0799226611852646 0,00640721246600151 2,5983304977417
KneeRight 0,122472077608109 -0,357301563024521 2,63496899604797
AnkleRight 0,120966836810112 -0,793525576591492 2,64914679527283
FootRight 0,102249197661877 -0,897615909576416 2,59741020202637

