HipCenter -0,0113893384113908 0,370519071817398 2,34272885322571
Spine -0,0189024284482002 0,423958837985992 2,35725522041321
ShoulderCenter 0,000754094216972589 0,703906655311584 2,35358142852783
Head -0,021907139569521 0,929970026016235 2,42783355712891
ShoulderLeft -0,143377467989922 0,737101018428802 2,32787942886353
ElbowLeft 0,114790007472038 0,802755892276764 2,2637312412262
WristLeft -0,0290020555257797 0,760241270065308 2,11953902244568
HandLeft -0,0769327431917191 0,746069729328156 2,07601690292358
ShoulderRight 0,164891645312309 0,731011390686035 2,49785232543945
ElbowRight 0,33997642993927 0,65218049287796 2,52270078659058
WristRight 0,145131662487984 0,723187685012817 2,33774662017822
HandRight 0,0850713402032852 0,734985291957855 2,30704236030579
HipLeft -0,076089583337307 0,301327109336853 2,31466293334961
KneeLeft -0,135211050510406 -0,276254802942276 2,41175937652588
AnkleLeft -0,120507270097733 -0,662797391414642 2,46530318260193
FootLeft -0,156759440898895 -0,734367787837982 2,40829038619995
HipRight 0,0511780679225922 0,294837981462479 2,36173892021179
KneeRight 0,100426100194454 -0,271705120801926 2,42400217056274
AnkleRight 0,101618565618992 -0,678149938583374 2,46421217918396
FootRight 0,144358828663826 -0,744830131530762 2,41764879226685

