HipCenter -0,0163287688046694 0,36585533618927 2,33266592025757
Spine -0,0200404319912195 0,418452143669128 2,33822393417358
ShoulderCenter -0,0105393640697002 0,681032538414001 2,32856488227844
Head -0,024797348305583 0,921864986419678 2,41439080238342
ShoulderLeft -0,145412608981133 0,739436864852905 2,31582951545715
ElbowLeft 0,109733656048775 0,802178204059601 2,23565554618835
WristLeft -0,0654806941747665 0,753120422363281 2,14351320266724
HandLeft -0,123885482549667 0,736767828464508 2,11731553077698
ShoulderRight 0,153598144650459 0,708137094974518 2,47283506393433
ElbowRight 0,327664077281952 0,663158118724823 2,52967357635498
WristRight 0,232021138072014 0,75582754611969 2,33083605766296
HandRight 0,172204285860062 0,767577409744263 2,30025577545166
HipLeft -0,0825548768043518 0,297112107276917 2,3081648349762
KneeLeft -0,136867791414261 -0,274541199207306 2,40769219398499
AnkleLeft -0,120654545724392 -0,66433846950531 2,46587514877319
FootLeft -0,158547222614288 -0,735792934894562 2,40920543670654
HipRight 0,0459857769310474 0,291187763214111 2,35322713851929
KneeRight 0,0977022424340248 -0,273442268371582 2,42218399047852
AnkleRight 0,101798720657825 -0,678725361824036 2,45902800559998
FootRight 0,142485395073891 -0,74365895986557 2,41402435302734

