HipCenter -0,0142411608248949 0,363909631967545 2,34377717971802
Spine -0,0202743392437696 0,417950302362442 2,35327768325806
ShoulderCenter -0,01083345990628 0,691346943378448 2,34452438354492
Head -0,0302562769502401 0,93443238735199 2,42911815643311
ShoulderLeft -0,145746737718582 0,733323395252228 2,32800054550171
ElbowLeft 0,113453269004822 0,789689183235168 2,26368260383606
WristLeft -0,0406282395124435 0,738488078117371 2,13678431510925
HandLeft -0,0919887498021126 0,72142106294632 2,09898710250854
ShoulderRight 0,153304070234299 0,718451499938965 2,48879504203796
ElbowRight 0,328093111515045 0,659819543361664 2,53461122512817
WristRight 0,234018832445145 0,75615268945694 2,34115862846375
HandRight 0,174256548285484 0,767891645431519 2,31060600280762
HipLeft -0,0793100148439407 0,296234905719757 2,32301211357117
KneeLeft -0,134231194853783 -0,274907112121582 2,40985465049744
AnkleLeft -0,120326891541481 -0,664109885692596 2,46645784378052
FootLeft -0,157406941056252 -0,734482645988464 2,40646576881409
HipRight 0,0491877645254135 0,291618824005127 2,35974192619324
KneeRight 0,10088686645031 -0,269992113113403 2,42747187614441
AnkleRight 0,102954670786858 -0,677320122718811 2,46096849441528
FootRight 0,142746657133102 -0,743109405040741 2,41448163986206

