HipCenter -0,0151858627796173 0,343663930892944 2,33623647689819
Spine -0,0185023657977581 0,39997535943985 2,34291648864746
ShoulderCenter -0,00652347970753908 0,682253956794739 2,33252477645874
Head -0,0195264108479023 0,919063091278076 2,40916204452515
ShoulderLeft -0,142935663461685 0,734990477561951 2,31917953491211
ElbowLeft 0,117296546697617 0,789008557796478 2,25318169593811
WristLeft -0,0477875769138336 0,727837204933167 2,14778208732605
HandLeft -0,102815620601177 0,707446753978729 2,11713886260986
ShoulderRight 0,0921850278973579 0,709460973739624 2,42932319641113
ElbowRight 0,267823338508606 0,679656207561493 2,50596714019775
WristRight 0,23048497736454 0,764931976795197 2,31705570220947
HandRight 0,170877814292908 0,776640474796295 2,28658318519592
HipLeft -0,0689826384186745 0,288391321897507 2,31350803375244
KneeLeft -0,13241158425808 -0,274654746055603 2,40883159637451
AnkleLeft -0,120306581258774 -0,664282262325287 2,46580100059509
FootLeft -0,158227398991585 -0,734789609909058 2,40608072280884
HipRight 0,0360894277691841 0,284972727298737 2,35468602180481
KneeRight 0,100915640592575 -0,274076282978058 2,42672061920166
AnkleRight 0,103137493133545 -0,677580535411835 2,45847272872925
FootRight 0,142927497625351 -0,743929505348206 2,4138400554657

