HipCenter -0,0150594422593713 0,338345497846603 2,3237988948822
Spine -0,0154832871630788 0,393634289503098 2,32248544692993
ShoulderCenter -0,00910188443958759 0,669309735298157 2,31202101707459
Head -0,0194707550108433 0,910488426685333 2,38978981971741
ShoulderLeft -0,140581578016281 0,735891938209534 2,30636310577393
ElbowLeft 0,121862292289734 0,783854007720947 2,23910856246948
WristLeft -0,0400008112192154 0,718362152576447 2,12920498847961
HandLeft -0,0939551815390587 0,696531534194946 2,09703898429871
ShoulderRight 0,0895740315318108 0,696534991264343 2,40878653526306
ElbowRight 0,266693830490112 0,678068697452545 2,49971389770508
WristRight 0,243582963943481 0,767361879348755 2,30940914154053
HandRight 0,184303268790245 0,779006063938141 2,27910351753235
HipLeft -0,0678035244345665 0,284720629453659 2,3056013584137
KneeLeft -0,131072521209717 -0,274950742721558 2,40502262115479
AnkleLeft -0,120160043239594 -0,663560688495636 2,46517157554626
FootLeft -0,157609209418297 -0,734874963760376 2,40703940391541
HipRight 0,0356607772409916 0,281910717487335 2,3400661945343
KneeRight 0,10077228397131 -0,271317064762115 2,42273545265198
AnkleRight 0,103133775293827 -0,676019608974457 2,45833563804626
FootRight 0,142297059297562 -0,743764758110046 2,4112720489502

