HipCenter -0,0098327100276947 0,337683200836182 2,32608461380005
Spine -0,0093947621062398 0,392864108085632 2,32108545303345
ShoulderCenter -0,00737828342244029 0,667890071868896 2,31118988990784
Head -0,0202896725386381 0,905598521232605 2,38198804855347
ShoulderLeft -0,138222441077232 0,733304023742676 2,30281734466553
ElbowLeft 0,125005796551704 0,782637715339661 2,23168182373047
WristLeft -0,0456677228212357 0,719724893569946 2,13352417945862
HandLeft -0,102558895945549 0,698753952980042 2,10522651672363
ShoulderRight 0,0941362306475639 0,695676922798157 2,42780303955078
ElbowRight 0,270969659090042 0,67938369512558 2,49535369873047
WristRight 0,250542908906937 0,770625948905945 2,30446076393127
HandRight 0,192122131586075 0,782101333141327 2,2745943069458
HipLeft -0,062291219830513 0,284231722354889 2,30707406997681
KneeLeft -0,127462655305862 -0,269934147596359 2,40111231803894
AnkleLeft -0,119913898408413 -0,664644300937653 2,46405720710754
FootLeft -0,157331511378288 -0,734904706478119 2,40472793579102
HipRight 0,0419091656804085 0,279694527387619 2,3440113067627
KneeRight 0,104413509368896 -0,27506759762764 2,42981815338135
AnkleRight 0,103794664144516 -0,678180873394012 2,45696043968201
FootRight 0,144163489341736 -0,745281040668488 2,40831708908081

