HipCenter -0,00817767158150673 0,349141776561737 2,33136892318726
Spine -0,00800740346312523 0,40339607000351 2,32790184020996
ShoulderCenter -0,00242075533606112 0,674767732620239 2,31922483444214
Head -0,0220842845737934 0,913166701793671 2,39131212234497
ShoulderLeft -0,142078056931496 0,732358813285828 2,30841636657715
ElbowLeft 0,120818361639977 0,786720931529999 2,23961424827576
WristLeft -0,0338101983070374 0,723862290382385 2,11451411247253
HandLeft -0,0853530541062355 0,702909409999847 2,07722687721252
ShoulderRight 0,107826605439186 0,717008769512177 2,466148853302
ElbowRight 0,298152446746826 0,683542728424072 2,49521112442017
WristRight 0,238499611616135 0,765933990478516 2,3086884021759
HandRight 0,180227607488632 0,777380228042603 2,27889823913574
HipLeft -0,0636638402938843 0,291552782058716 2,31296396255493
KneeLeft -0,12801168859005 -0,268605977296829 2,3997495174408
AnkleLeft -0,120243333280087 -0,664489686489105 2,46408557891846
FootLeft -0,155914232134819 -0,733998715877533 2,40589666366577
HipRight 0,0455706007778645 0,288177102804184 2,35074877738953
KneeRight 0,102945446968079 -0,275779575109482 2,43064546585083
AnkleRight 0,103441663086414 -0,679408252239227 2,4578709602356
FootRight 0,14255927503109 -0,745657563209534 2,4095618724823

