HipCenter 0,0966133400797844 0,306306421756744 2,56936478614807
Spine 0,0970765501260757 0,374446004629135 2,62457084655762
ShoulderCenter 0,110012456774712 0,752329468727112 2,60904216766357
Head 0,109891854226589 0,924467921257019 2,59590172767639
ShoulderLeft -0,0594635158777237 0,662132322788239 2,6124541759491
ElbowLeft -0,316614866256714 0,744691014289856 2,57458329200745
WristLeft -0,523173213005066 0,816899299621582 2,52175045013428
HandLeft -0,59094500541687 0,851961255073547 2,50423789024353
ShoulderRight 0,276496142148972 0,628113865852356 2,61955189704895
ElbowRight 0,330708295106888 0,376004040241241 2,61536765098572
WristRight 0,324532091617584 0,1566471606493 2,56626892089844
HandRight 0,312190413475037 0,0541978254914284 2,54237866401672
HipLeft 0,0193818937987089 0,233437657356262 2,55896687507629
KneeLeft -0,00650571566075087 -0,289822280406952 2,64719748497009
AnkleLeft -0,0121908569708467 -0,661801517009735 2,67306280136108
FootLeft -0,0315616652369499 -0,739053130149841 2,61178660392761
HipRight 0,169433131814003 0,228145733475685 2,56186103820801
KneeRight 0,201054111123085 -0,29440638422966 2,65745329856873
AnkleRight 0,234888345003128 -0,66048389673233 2,66058611869812
FootRight 0,254539310932159 -0,742217421531677 2,60677528381348

