HipCenter 0,0922675877809525 0,292778134346008 2,57091188430786
Spine 0,0892246589064598 0,361756473779678 2,62331819534302
ShoulderCenter 0,0977004021406174 0,738498330116272 2,6060049533844
Head 0,0993561819195747 0,919408023357391 2,58065176010132
ShoulderLeft -0,0635205656290054 0,623069226741791 2,59718227386475
ElbowLeft -0,122973904013634 0,360143959522247 2,59793496131897
WristLeft -0,120463222265244 0,127852320671082 2,52349710464478
HandLeft -0,125174343585968 0,0377098619937897 2,49688482284546
ShoulderRight 0,267198920249939 0,628236413002014 2,62543725967407
ElbowRight 0,316599369049072 0,36753723025322 2,61683964729309
WristRight 0,313255608081818 0,122227765619755 2,56350445747375
HandRight 0,302911370992661 0,0263472348451614 2,55255222320557
HipLeft 0,016942847520113 0,218965217471123 2,5577654838562
KneeLeft -0,00719557655975223 -0,293782323598862 2,64910459518433
AnkleLeft -0,0122231738641858 -0,660817086696625 2,67396759986877
FootLeft -0,0305362828075886 -0,738747179508209 2,61391878128052
HipRight 0,165259256958961 0,218110233545303 2,56722807884216
KneeRight 0,197349265217781 -0,29790472984314 2,65780687332153
AnkleRight 0,234001785516739 -0,658422350883484 2,66018223762512
FootRight 0,25366947054863 -0,742042720317841 2,60377144813538

