HipCenter -0,0570704638957977 0,0897175818681717 2,43276524543762
Spine -0,0485494360327721 0,159555032849312 2,497394323349
ShoulderCenter -0,0561795420944691 0,577304661273956 2,5255389213562
Head -0,0838824212551117 0,772040605545044 2,5406699180603
ShoulderLeft -0,170612052083015 0,43293496966362 2,48305249214172
ElbowLeft 0,00919703021645546 0,363310813903809 2,31958389282227
WristLeft 0,146176099777222 0,233675241470337 2,3706066608429
HandLeft 0,191835790872574 0,190463379025459 2,39248561859131
ShoulderRight 0,0738252326846123 0,39462873339653 2,43416047096252
ElbowRight 0,102996401488781 0,203653484582901 2,35820364952087
WristRight -0,02029899507761 0,415046066045761 2,29454183578491
HandRight -0,077913299202919 0,4894078373909 2,27930188179016
HipLeft -0,111477017402649 0,0355269052088261 2,42605876922607
KneeLeft -0,120858408510685 -0,430139660835266 2,46673512458801
AnkleLeft -0,119829326868057 -0,809845924377441 2,46695423126221
FootLeft -0,132380127906799 -0,904090404510498 2,40566825866699
HipRight -0,00184023927431554 0,0362910814583302 2,41658139228821
KneeRight 0,065173014998436 -0,436857789754868 2,45649313926697
AnkleRight 0,0935208424925804 -0,825321078300476 2,45958065986633
FootRight 0,111409194767475 -0,907909512519836 2,40115809440613

