HipCenter -0,0563275441527367 0,0920105203986168 2,43486881256104
Spine -0,0472919195890427 0,161225706338882 2,49935364723206
ShoulderCenter -0,0565533563494682 0,576409220695496 2,52858519554138
Head -0,082259938120842 0,771629571914673 2,54250288009644
ShoulderLeft -0,172777190804482 0,434889703989029 2,48862481117249
ElbowLeft 0,0140260607004166 0,360452115535736 2,31107020378113
WristLeft 0,145623952150345 0,237484127283096 2,36870574951172
HandLeft 0,189489915966988 0,196494802832603 2,39279270172119
ShoulderRight 0,0673589706420898 0,39896896481514 2,43842387199402
ElbowRight 0,102635689079762 0,201841980218887 2,35800790786743
WristRight 0,0105709284543991 0,347397446632385 2,27606105804443
HandRight -0,047080934047699 0,421807616949081 2,26081109046936
HipLeft -0,11036790907383 0,0398104302585125 2,42670702934265
KneeLeft -0,126783683896065 -0,446104526519775 2,46607542037964
AnkleLeft -0,119317762553692 -0,797422170639038 2,46265363693237
FootLeft -0,137071460485458 -0,906588971614838 2,40502905845642
HipRight -0,00308585818856955 0,0390957742929459 2,41957306861877
KneeRight 0,0647810995578766 -0,330852866172791 2,43160343170166
AnkleRight 0,0934931412339211 -0,774164617061615 2,45739579200745
FootRight 0,0732429251074791 -0,848241150379181 2,40639233589172

