HipCenter -0,0555939003825188 0,0958210229873657 2,43336629867554
Spine -0,0449323877692223 0,164179056882858 2,49808740615845
ShoulderCenter -0,0523102506995201 0,577726483345032 2,52768969535828
Head -0,0767730101943016 0,775782823562622 2,5453987121582
ShoulderLeft -0,16670249402523 0,437175869941711 2,48293447494507
ElbowLeft 0,0221146047115326 0,336479842662811 2,32078051567078
WristLeft 0,109108805656433 0,17203851044178 2,31706428527832
HandLeft 0,138106867671013 0,117224730551243 2,32071924209595
ShoulderRight 0,0649084597826004 0,408885568380356 2,432772397995
ElbowRight 0,106856234371662 0,204282268881798 2,35788512229919
WristRight 0,0222462061792612 0,407630294561386 2,29644155502319
HandRight -0,0356617569923401 0,482371002435684 2,28112363815308
HipLeft -0,109233349561691 0,0437629595398903 2,42792081832886
KneeLeft -0,1229617446661 -0,425561010837555 2,46367883682251
AnkleLeft -0,120132699608803 -0,815597236156464 2,46416974067688
FootLeft -0,138957262039185 -0,90413498878479 2,39903855323792
HipRight -0,00242651719599962 0,0420835241675377 2,41550636291504
KneeRight 0,0645176395773888 -0,434918403625488 2,45258092880249
AnkleRight 0,0947501882910728 -0,817228496074677 2,45392370223999
FootRight 0,111806601285934 -0,908147692680359 2,39948034286499

