HipCenter 0,100668601691723 0,307355791330338 2,56606578826904
Spine 0,103157199919224 0,377288430929184 2,61374235153198
ShoulderCenter 0,115459151566029 0,755203068256378 2,59781336784363
Head 0,117914617061615 0,930579781532288 2,58686399459839
ShoulderLeft -0,0560271888971329 0,672574162483215 2,60671854019165
ElbowLeft -0,300917446613312 0,74138343334198 2,58437967300415
WristLeft -0,507481634616852 0,816616952419281 2,53267216682434
HandLeft -0,57994282245636 0,850724697113037 2,52339792251587
ShoulderRight 0,277781844139099 0,62487918138504 2,60116100311279
ElbowRight 0,33193638920784 0,365423232316971 2,60491013526917
WristRight 0,330548793077469 0,146187052130699 2,54987955093384
HandRight 0,313009977340698 0,0400775894522667 2,53168487548828
HipLeft 0,0239628273993731 0,235450714826584 2,55750966072083
KneeLeft -0,00231580599211156 -0,288128972053528 2,64653897285461
AnkleLeft -0,012449405156076 -0,66089802980423 2,67258071899414
FootLeft -0,0323031432926655 -0,738529086112976 2,61218333244324
HipRight 0,172555088996887 0,228675529360771 2,55961155891418
KneeRight 0,207143902778625 -0,289638727903366 2,6551947593689
AnkleRight 0,236848622560501 -0,661012053489685 2,65906047821045
FootRight 0,256090432405472 -0,741883993148804 2,59621357917786

