HipCenter 0,102405861020088 0,307503283023834 2,56771445274353
Spine 0,105014607310295 0,376942008733749 2,61852812767029
ShoulderCenter 0,118360608816147 0,75564306974411 2,60295367240906
Head 0,119845047593117 0,930362462997437 2,59166097640991
ShoulderLeft -0,0546443983912468 0,671428442001343 2,60963940620422
ElbowLeft -0,300743639469147 0,743384182453156 2,59138369560242
WristLeft -0,509936451911926 0,812008738517761 2,54116487503052
HandLeft -0,582150518894196 0,846631228923798 2,53317785263062
ShoulderRight 0,279132783412933 0,624928057193756 2,60443067550659
ElbowRight 0,333034187555313 0,364708542823792 2,60842800140381
WristRight 0,333155810832977 0,145395517349243 2,55339503288269
HandRight 0,316281676292419 0,0396149754524231 2,53384327888489
HipLeft 0,0256451759487391 0,235419094562531 2,55882620811462
KneeLeft -0,00192307110410184 -0,287101238965988 2,64670300483704
AnkleLeft -0,0131785310804844 -0,659887075424194 2,67163610458374
FootLeft -0,031623799353838 -0,737968444824219 2,61523628234863
HipRight 0,174070760607719 0,228969588875771 2,56055760383606
KneeRight 0,207777202129364 -0,289252132177353 2,65447068214417
AnkleRight 0,236620843410492 -0,661725699901581 2,65912628173828
FootRight 0,255697876214981 -0,741952061653137 2,5976734161377

