HipCenter 0,099179282784462 0,307274162769318 2,56168031692505
Spine 0,099715918302536 0,378077059984207 2,60235452651978
ShoulderCenter 0,106207244098186 0,753329992294312 2,58771300315857
Head 0,106658324599266 0,932229995727539 2,57812881469727
ShoulderLeft -0,0627859458327293 0,666936159133911 2,5933051109314
ElbowLeft -0,313956737518311 0,730850338935852 2,56850409507751
WristLeft -0,524821877479553 0,796437323093414 2,52312922477722
HandLeft -0,599810421466827 0,824495315551758 2,51323175430298
ShoulderRight 0,272893816232681 0,627548933029175 2,59624552726746
ElbowRight 0,325849801301956 0,364970147609711 2,60164427757263
WristRight 0,323678404092789 0,134618163108826 2,5487847328186
HandRight 0,304191470146179 0,0393048189580441 2,52951979637146
HipLeft 0,0232804361730814 0,234104096889496 2,55184078216553
KneeLeft -0,00206848699599504 -0,287156313657761 2,64597606658936
AnkleLeft -0,0125415865331888 -0,659834504127502 2,67215871810913
FootLeft -0,0319101586937904 -0,737370193004608 2,61260795593262
HipRight 0,172391325235367 0,228986203670502 2,55761051177979
KneeRight 0,207249954342842 -0,289575010538101 2,65587210655212
AnkleRight 0,23736697435379 -0,66174179315567 2,65809345245361
FootRight 0,25580221414566 -0,741302847862244 2,59668898582459

