HipCenter -0,0869820043444633 0,0239578559994698 2,4859881401062
Spine -0,0802684128284454 0,0832845121622086 2,54851388931274
ShoulderCenter -0,074195958673954 0,451303958892822 2,57346200942993
Head -0,091018445789814 0,634028196334839 2,55303430557251
ShoulderLeft -0,257546246051788 0,348340451717377 2,53627729415894
ElbowLeft -0,435955971479416 0,355501979589462 2,3977198600769
WristLeft -0,669212877750397 0,36869290471077 2,2372682094574
HandLeft -0,676303505897522 0,38809472322464 2,23544645309448
ShoulderRight 0,0748387053608894 0,321716010570526 2,50001311302185
ElbowRight 0,167848989367485 0,133451908826828 2,39688420295715
WristRight 0,00899490714073181 0,0814036950469017 2,25541615486145
HandRight -0,0221295710653067 0,0735443010926247 2,22375750541687
HipLeft -0,159163787961006 -0,0498827397823334 2,47252130508423
KneeLeft -0,246927887201309 -0,504371523857117 2,50419473648071
AnkleLeft -0,330569893121719 -0,829620957374573 2,50661826133728
FootLeft -0,355597168207169 -0,90034282207489 2,43716669082642
HipRight -0,0198380779474974 -0,0488939173519611 2,46441698074341
KneeRight 0,0672927126288414 -0,518045365810394 2,49426102638245
AnkleRight 0,147549420595169 -0,841451525688171 2,49069499969482
FootRight 0,182135328650475 -0,912125766277313 2,43401455879211

