HipCenter -0,0763475820422173 0,00951895024627447 2,47425556182861
Spine -0,0758665576577187 0,0718924626708031 2,53677248954773
ShoulderCenter -0,072121798992157 0,451604127883911 2,55901122093201
Head -0,0815114751458168 0,637418448925018 2,53270363807678
ShoulderLeft -0,235434845089912 0,319693028926849 2,50669550895691
ElbowLeft -0,290077447891235 0,0627430602908134 2,42950463294983
WristLeft -0,389101177453995 -0,111306868493557 2,35374450683594
HandLeft -0,391407459974289 -0,128780722618103 2,33119869232178
ShoulderRight 0,0877779647707939 0,319148182868958 2,50760650634766
ElbowRight 0,2260522544384 0,132234454154968 2,49665403366089
WristRight 0,32804411649704 -0,0190899521112442 2,37957692146301
HandRight 0,343969732522964 -0,0710466131567955 2,34115839004517
HipLeft -0,150391831994057 -0,0633475482463837 2,45491051673889
KneeLeft -0,250252276659012 -0,519877135753632 2,50749969482422
AnkleLeft -0,330888420343399 -0,832930386066437 2,50580954551697
FootLeft -0,357321828603745 -0,901153564453125 2,43851804733276
HipRight -0,00391011079773307 -0,0601928383111954 2,46205615997314
KneeRight 0,0676252320408821 -0,516231596469879 2,49243235588074
AnkleRight 0,145317614078522 -0,838533937931061 2,49218010902405
FootRight 0,181470766663551 -0,912220478057861 2,43486738204956

