HipCenter -0,105035960674286 0,012374909594655 2,45812749862671
Spine -0,121159926056862 0,0720978081226349 2,52338814735413
ShoulderCenter -0,119504317641258 0,458390563726425 2,57071495056152
Head -0,115536190569401 0,651991546154022 2,55620884895325
ShoulderLeft -0,231209546327591 0,333246648311615 2,45661926269531
ElbowLeft -0,297260522842407 0,376269549131393 2,22482538223267
WristLeft -0,28190216422081 0,46003332734108 2,00944304466248
HandLeft -0,26176118850708 0,467839986085892 1,92412662506104
ShoulderRight 0,0335143357515335 0,327272921800613 2,52815270423889
ElbowRight 0,0946384817361832 0,0526583082973957 2,47416210174561
WristRight 0,0999026000499725 -0,155565649271011 2,39443564414978
HandRight 0,0955245941877365 -0,238217771053314 2,37495398521423
HipLeft -0,164454624056816 -0,0440012849867344 2,42311906814575
KneeLeft -0,24671733379364 -0,511655807495117 2,48097991943359
AnkleLeft -0,2931227684021 -0,835541844367981 2,46209049224854
FootLeft -0,324761211872101 -0,903743982315063 2,38908815383911
HipRight -0,0418980270624161 -0,050454955548048 2,45925259590149
KneeRight -0,00508551578968763 -0,498101145029068 2,49317908287048
AnkleRight 0,0369070619344711 -0,838560283184052 2,46822595596313
FootRight 0,0588818341493607 -0,908423125743866 2,40557551383972

