HipCenter -0,107509456574917 0,00841994117945433 2,4638819694519
Spine -0,123996518552303 0,0701472386717796 2,52923560142517
ShoulderCenter -0,125527054071426 0,463563621044159 2,57313179969788
Head -0,10579825937748 0,647194683551788 2,55214643478394
ShoulderLeft -0,223004281520844 0,330804497003555 2,46302843093872
ElbowLeft -0,285692751407623 0,355944722890854 2,22389960289001
WristLeft -0,223428875207901 0,409575372934341 1,92619979381561
HandLeft -0,225320160388947 0,409419178962708 1,92773926258087
ShoulderRight 0,0355230718851089 0,32550448179245 2,53227567672729
ElbowRight 0,0972561091184616 0,0605536811053753 2,48866152763367
WristRight 0,0970687121152878 -0,149877995252609 2,40700101852417
HandRight 0,094559833407402 -0,230618119239807 2,38817882537842
HipLeft -0,167048618197441 -0,0461004078388214 2,43044209480286
KneeLeft -0,247248366475105 -0,517344832420349 2,48400068283081
AnkleLeft -0,293070614337921 -0,837628662586212 2,46189212799072
FootLeft -0,327050626277924 -0,904539346694946 2,38841581344604
HipRight -0,044194508343935 -0,0539063699543476 2,46396946907043
KneeRight -0,00682202028110623 -0,504196405410767 2,49445557594299
AnkleRight 0,0352054536342621 -0,839513003826141 2,46926021575928
FootRight 0,0592486672103405 -0,908622562885284 2,40229749679565

