HipCenter -0,102179490029812 0,0147699201479554 2,4526219367981
Spine -0,10957583039999 0,0743121281266212 2,51978754997253
ShoulderCenter -0,119817562401295 0,460525631904602 2,56452202796936
Head -0,110418789088726 0,647207319736481 2,54176211357117
ShoulderLeft -0,267323583364487 0,322812139987946 2,48955154418945
ElbowLeft -0,300521969795227 0,0714297294616699 2,39727640151978
WristLeft -0,284017860889435 -0,126708835363388 2,28620195388794
HandLeft -0,274428695440292 -0,145760208368301 2,29593443870544
ShoulderRight 0,0396466478705406 0,327149987220764 2,51716470718384
ElbowRight 0,0949810743331909 0,057816494256258 2,46687459945679
WristRight 0,0927352532744408 -0,153719589114189 2,38830327987671
HandRight 0,089321456849575 -0,234342366456985 2,37255692481995
HipLeft -0,168199419975281 -0,0536713227629662 2,42818355560303
KneeLeft -0,247336015105247 -0,52029675245285 2,48236131668091
AnkleLeft -0,292999118566513 -0,837108612060547 2,46345138549805
FootLeft -0,325509190559387 -0,902520179748535 2,38930201530457
HipRight -0,0306043326854706 -0,0494864024221897 2,4394998550415
KneeRight -0,00476176710799336 -0,507148385047913 2,48878788948059
AnkleRight 0,0356057286262512 -0,83376806974411 2,4683666229248
FootRight 0,0591254122555256 -0,908238410949707 2,40669775009155

