HipCenter 0,0933343023061752 -0,146088376641273 2,46010255813599
Spine 0,0914697721600533 -0,133812829852104 2,4332115650177
ShoulderCenter 0,078267365694046 -0,0711176618933678 2,31345200538635
Head 0,057710487395525 0,0506240129470825 2,13869333267212
ShoulderLeft -0,0577460862696171 -0,00449890363961458 2,28988647460938
ElbowLeft -0,219396606087685 0,0534515827894211 2,2865993976593
WristLeft -0,362905323505402 0,0317225605249405 2,36982727050781
HandLeft -0,410741567611694 0,024479553103447 2,40089750289917
ShoulderRight 0,227003455162048 0,0406356863677502 2,26511263847351
ElbowRight 0,317752182483673 -0,116338953375816 2,39244818687439
WristRight 0,189795389771461 -0,0955603569746017 2,49626541137695
HandRight 0,147143125534058 -0,08863415569067 2,53419876098633
HipLeft 0,0186366010457277 -0,189185172319412 2,52532196044922
KneeLeft -0,118754558265209 -0,353279054164886 2,12642693519592
AnkleLeft -0,162878960371017 -0,67365974187851 1,99373614788055
FootLeft -0,183199927210808 -0,740373373031616 1,92598855495453
HipRight 0,179512783885002 -0,163002133369446 2,51538896560669
KneeRight 0,243740752339363 -0,348243325948715 2,13343262672424
AnkleRight 0,280645281076431 -0,676471352577209 1,99918854236603
FootRight 0,287385314702988 -0,743073105812073 1,91810739040375

