HipCenter 0,0921611562371254 -0,147321239113808 2,46241688728333
Spine 0,0905473977327347 -0,135400474071503 2,43764662742615
ShoulderCenter 0,0802778750658035 -0,0768641605973244 2,32376384735107
Head 0,0584031119942665 0,046397864818573 2,14731287956238
ShoulderLeft -0,0540698505938053 -0,0323452465236187 2,30943012237549
ElbowLeft -0,204559862613678 0,0502176098525524 2,28694653511047
WristLeft -0,351966559886932 0,0353087298572063 2,36352396011353
HandLeft -0,401102125644684 0,030339103192091 2,39242911338806
ShoulderRight 0,226042091846466 0,0412715747952461 2,26513051986694
ElbowRight 0,314537584781647 -0,115910582244396 2,39154076576233
WristRight 0,182927116751671 -0,0943169593811035 2,4894905090332
HandRight 0,139056950807571 -0,0871190875768662 2,52551960945129
HipLeft 0,0136767672374845 -0,200302690267563 2,52568221092224
KneeLeft -0,118684485554695 -0,353644102811813 2,12671637535095
AnkleLeft -0,163282334804535 -0,675756931304932 1,99526357650757
FootLeft -0,182418525218964 -0,741668224334717 1,92919409275055
HipRight 0,180873885750771 -0,15887938439846 2,50659894943237
KneeRight 0,244535982608795 -0,346215963363647 2,13202047348022
AnkleRight 0,280800491571426 -0,677941083908081 2,00087976455688
FootRight 0,287261545658112 -0,742966711521149 1,91717064380646

