HipCenter 0,0962869971990585 -0,148773461580276 2,4633104801178
Spine 0,0940630435943604 -0,136403992772102 2,4374361038208
ShoulderCenter 0,0856779292225838 -0,0731538906693459 2,31753134727478
Head 0,059702455997467 0,0487588495016098 2,13988375663757
ShoulderLeft -0,0492107644677162 -0,0290480423718691 2,30281567573547
ElbowLeft -0,201642602682114 0,0496193245053291 2,28696441650391
WristLeft -0,354063808917999 0,0570559613406658 2,35522317886353
HandLeft -0,404870867729187 0,059534840285778 2,38137149810791
ShoulderRight 0,228077605366707 0,0414783880114555 2,26541566848755
ElbowRight 0,311061799526215 -0,115979410707951 2,39445447921753
WristRight 0,182049661874771 -0,098727747797966 2,49606895446777
HandRight 0,139045611023903 -0,0929771959781647 2,53333592414856
HipLeft 0,0146869961172342 -0,202746942639351 2,52824664115906
KneeLeft -0,118669703602791 -0,352945119142532 2,12748265266418
AnkleLeft -0,163742229342461 -0,67212575674057 2,00027966499329
FootLeft -0,151249289512634 -0,767086744308472 1,95908677577972
HipRight 0,186295554041862 -0,160364374518394 2,51197981834412
KneeRight 0,243891909718513 -0,346386611461639 2,13256788253784
AnkleRight 0,281243592500687 -0,679099798202515 2,00140523910522
FootRight 0,286242693662643 -0,743557095527649 1,9201397895813

