HipCenter 0,0829440653324127 -0,0666015148162842 2,49458789825439
Spine 0,0873336941003799 -0,0270723737776279 2,47614288330078
ShoulderCenter 0,109593637287617 0,166613683104515 2,39245080947876
Head 0,0711191520094872 0,310190737247467 2,24007034301758
ShoulderLeft -0,0742463544011116 0,144909143447876 2,41594171524048
ElbowLeft -0,241562604904175 0,0720937103033066 2,38770055770874
WristLeft -0,398344099521637 0,0120923705399036 2,33120679855347
HandLeft -0,45060458779335 -0,00790807604789734 2,31567931175232
ShoulderRight 0,253759980201721 0,130296289920807 2,43384051322937
ElbowRight 0,307493060827255 -0,0673229917883873 2,49511861801147
WristRight 0,21806013584137 -0,197608262300491 2,41187238693237
HandRight 0,188249155879021 -0,241036683320999 2,38742733001709
HipLeft -0,000292966375127435 -0,133542612195015 2,51459097862244
KneeLeft -0,118411973118782 -0,357430458068848 2,12378406524658
AnkleLeft -0,160395175218582 -0,663845002651215 2,00242567062378
FootLeft -0,179418250918388 -0,736474931240082 1,92849469184875
HipRight 0,151465997099876 -0,137385129928589 2,52413868904114
KneeRight 0,248158276081085 -0,358442455530167 2,14236545562744
AnkleRight 0,286122053861618 -0,66409307718277 2,0102162361145
FootRight 0,289702385663986 -0,737879455089569 1,9208197593689

