HipCenter 0,09466802328825 -0,148201391100883 2,46469140052795
Spine 0,0924614667892456 -0,135651022195816 2,43815040588379
ShoulderCenter 0,0810949504375458 -0,0717504173517227 2,31773948669434
Head 0,0585183054208755 0,0507314428687096 2,13908004760742
ShoulderLeft -0,0537937507033348 -0,0276446063071489 2,30302357673645
ElbowLeft -0,205595672130585 0,0521104037761688 2,28850054740906
WristLeft -0,352332592010498 0,0339515395462513 2,36529183387756
HandLeft -0,401244908571243 0,027898583561182 2,3943018913269
ShoulderRight 0,226991772651672 0,0427980236709118 2,26481342315674
ElbowRight 0,312707275152206 -0,116353541612625 2,39033174514771
WristRight 0,177859872579575 -0,0958432480692863 2,48416590690613
HandRight 0,13291072845459 -0,0890064835548401 2,5188570022583
HipLeft 0,0100561417639256 -0,200866878032684 2,53090977668762
KneeLeft -0,118003316223621 -0,352342754602432 2,12922596931458
AnkleLeft -0,163112133741379 -0,67401796579361 1,99869382381439
FootLeft -0,151017725467682 -0,768627047538757 1,95733082294464
HipRight 0,184834986925125 -0,160664111375809 2,51178455352783
KneeRight 0,243817538022995 -0,346958518028259 2,13022518157959
AnkleRight 0,281150281429291 -0,67776083946228 2,00161242485046
FootRight 0,286700546741486 -0,743051171302795 1,91929721832275

