HipCenter 0,0837549045681953 -0,0850461721420288 2,46766114234924
Spine 0,0871778205037117 -0,0506771095097065 2,44432830810547
ShoulderCenter 0,105581015348434 0,114759296178818 2,33770895004272
Head 0,0719066858291626 0,256267189979553 2,18106961250305
ShoulderLeft -0,0719194933772087 0,125289708375931 2,36609411239624
ElbowLeft -0,235447436571121 0,0676539689302444 2,36208724975586
WristLeft -0,397858053445816 0,0131101384758949 2,32141804695129
HandLeft -0,451994925737381 -0,00507113896310329 2,31115555763245
ShoulderRight 0,250986844301224 0,105149790644646 2,38242864608765
ElbowRight 0,315188407897949 -0,0733056887984276 2,46091461181641
WristRight 0,200069278478622 -0,188190996646881 2,38899230957031
HandRight 0,161696225404739 -0,226486101746559 2,36831212043762
HipLeft 0,00160523480735719 -0,14582447707653 2,49824714660645
KneeLeft -0,120283804833889 -0,368660598993301 2,12192463874817
AnkleLeft -0,160433560609818 -0,663869500160217 2,0026113986969
FootLeft -0,179285869002342 -0,736270844936371 1,92843329906464
HipRight 0,153254583477974 -0,150047272443771 2,50720405578613
KneeRight 0,247989490628242 -0,363003820180893 2,14138531684875
AnkleRight 0,286495208740234 -0,662695109844208 2,01373434066772
FootRight 0,290063738822937 -0,738974809646606 1,92089653015137

