HipCenter 0,0917448252439499 -0,150683909654617 2,46507835388184
Spine 0,0893736854195595 -0,137373983860016 2,43879628181458
ShoulderCenter 0,0775165855884552 -0,0720100924372673 2,32031679153442
Head 0,0556428916752338 0,0553287640213966 2,142005443573
ShoulderLeft -0,0436554849147797 -0,00465111387893558 2,2941586971283
ElbowLeft -0,205169811844826 0,0506036207079887 2,29091858863831
WristLeft -0,356071531772614 0,0359046868979931 2,36082792282104
HandLeft -0,406372100114822 0,0310050416737795 2,3875904083252
ShoulderRight 0,228634744882584 0,0415094494819641 2,26848983764648
ElbowRight 0,309829205274582 -0,117983639240265 2,39592218399048
WristRight 0,175608918070793 -0,0894212499260902 2,48851299285889
HandRight 0,130868822336197 -0,0799004510045052 2,52283620834351
HipLeft 0,012657668441534 -0,192885056138039 2,52681565284729
KneeLeft -0,117638327181339 -0,351288795471191 2,13071537017822
AnkleLeft -0,163208663463593 -0,67042338848114 2,00473642349243
FootLeft -0,155449569225311 -0,764252007007599 1,96224892139435
HipRight 0,184509083628654 -0,171103820204735 2,51005077362061
KneeRight 0,243635043501854 -0,346645832061768 2,13142848014832
AnkleRight 0,281181037425995 -0,67666232585907 2,00284790992737
FootRight 0,286834269762039 -0,742036521434784 1,9182014465332

