HipCenter 0,10014620423317 -0,170655801892281 2,38478517532349
Spine 0,0820880085229874 -0,159433469176292 2,37301015853882
ShoulderCenter 0,011892874725163 -0,102891303598881 2,32474613189697
Head 0,0319822728633881 0,00172725319862366 2,14142155647278
ShoulderLeft -0,124120570719242 -0,0362725481390953 2,30118083953857
ElbowLeft -0,273906469345093 0,0484484359622002 2,30327606201172
WristLeft -0,349903464317322 -0,0403508320450783 2,42148685455322
HandLeft -0,375235795974731 -0,0699505880475044 2,46419763565063
ShoulderRight 0,222978919744492 0,031034491956234 2,23613739013672
ElbowRight 0,315049529075623 -0,113256402313709 2,37716341018677
WristRight 0,173403799533844 -0,157570004463196 2,45697212219238
HandRight 0,126188546419144 -0,172341197729111 2,48688220977783
HipLeft 0,0650774762034416 -0,258167952299118 2,44061255455017
KneeLeft -0,130290597677231 -0,366174578666687 2,10464000701904
AnkleLeft -0,161678850650787 -0,669524550437927 1,9983959197998
FootLeft -0,164489522576332 -0,751257181167603 1,92921340465546
HipRight 0,237251967191696 -0,177794426679611 2,39231872558594
KneeRight 0,248963534832001 -0,407368570566177 2,06099081039429
AnkleRight 0,280219465494156 -0,681161820888519 1,99930155277252
FootRight 0,280642509460449 -0,7462317943573 1,9190765619278

