HipCenter 0,0378616899251938 0,283356249332428 2,27796411514282
Spine 0,0301223173737526 0,359819233417511 2,33211064338684
ShoulderCenter 0,0176666453480721 0,774997770786285 2,3135871887207
Head 0,0345701426267624 0,990393877029419 2,27493739128113
ShoulderLeft -0,14794784784317 0,645089268684387 2,28741264343262
ElbowLeft -0,217554867267609 0,403746217489243 2,27367472648621
WristLeft -0,199587538838387 0,153289407491684 2,19341135025024
HandLeft -0,218994960188866 0,0868937969207764 2,1699333190918
ShoulderRight 0,189742773771286 0,652447879314423 2,31645941734314
ElbowRight 0,275940805673599 0,385068506002426 2,28821134567261
WristRight 0,281259208917618 0,163059130311012 2,21025562286377
HandRight 0,294180363416672 0,0903419554233551 2,19175696372986
HipLeft -0,0347992666065693 0,205440193414688 2,26318097114563
KneeLeft -0,0539456568658352 -0,296053439378738 2,35514640808105
AnkleLeft -0,0262392349541187 -0,660296022891998 2,38398218154907
FootLeft -0,0620864890515804 -0,731470465660095 2,32094979286194
HipRight 0,117066450417042 0,20951734483242 2,27695107460022
KneeRight 0,148315653204918 -0,303362548351288 2,36699342727661
AnkleRight 0,132093444466591 -0,683229267597198 2,40454840660095
FootRight 0,15948086977005 -0,745618045330048 2,372962474823

