HipCenter 0,0498438403010368 0,368625730276108 2,29408097267151
Spine 0,0470705889165401 0,433727979660034 2,35410976409912
ShoulderCenter 0,0550572015345097 0,808332085609436 2,33770561218262
Head 0,00035511702299118 1,01696527004242 2,31990933418274
ShoulderLeft -0,13386732339859 0,779103517532349 2,36211585998535
ElbowLeft -0,215994462370872 1,00150001049042 2,25374102592468
WristLeft -0,293955445289612 1,21261477470398 2,16395616531372
HandLeft -0,319942444562912 1,2829864025116 2,13908267021179
ShoulderRight 0,199231460690498 0,826536536216736 2,38870334625244
ElbowRight 0,35944876074791 1,00218272209167 2,2823657989502
WristRight 0,511538624763489 1,16891872882843 2,19451498985291
HandRight 0,562235236167908 1,22449743747711 2,17028617858887
HipLeft -0,0248523540794849 0,288717836141586 2,26999998092651
KneeLeft -0,0548582822084427 -0,293561786413193 2,35530209541321
AnkleLeft -0,0255078841000795 -0,667213261127472 2,37960839271545
FootLeft -0,0605382993817329 -0,735168695449829 2,31376338005066
HipRight 0,124219544231892 0,296372145414352 2,2980215549469
KneeRight 0,150996461510658 -0,295947939157486 2,3696813583374
AnkleRight 0,130952194333076 -0,683461248874664 2,40361022949219
FootRight 0,162045300006866 -0,745247781276703 2,37572717666626

