HipCenter 0,0437272042036057 0,276625156402588 2,28997611999512
Spine 0,0373658537864685 0,35430696606636 2,34957504272461
ShoulderCenter 0,0222630519419909 0,782119631767273 2,33259105682373
Head 0,0265049785375595 1,00234687328339 2,34028673171997
ShoulderLeft -0,134485960006714 0,645598709583282 2,28249478340149
ElbowLeft -0,188123106956482 0,408719301223755 2,22449326515198
WristLeft -0,180040419101715 0,201299011707306 2,11256647109985
HandLeft -0,158042579889297 0,12284354865551 2,07474732398987
ShoulderRight 0,183602869510651 0,656732738018036 2,29897141456604
ElbowRight 0,269240468740463 0,406010091304779 2,24457311630249
WristRight 0,30772864818573 0,187957465648651 2,14030599594116
HandRight 0,308856904506683 0,124234639108181 2,10498714447021
HipLeft -0,0261600837111473 0,203235149383545 2,27772307395935
KneeLeft -0,0534574165940285 -0,297790676355362 2,36161255836487
AnkleLeft -0,0268447827547789 -0,663456201553345 2,38062858581543
FootLeft -0,0600375831127167 -0,733664810657501 2,31627821922302
HipRight 0,119538933038712 0,208323031663895 2,28588008880615
KneeRight 0,149688512086868 -0,303535044193268 2,37379336357117
AnkleRight 0,132381752133369 -0,684696078300476 2,40393114089966
FootRight 0,16261225938797 -0,746059358119965 2,3743040561676

