HipCenter 0,0423319451510906 0,269362300634384 2,27693343162537
Spine 0,0350995697081089 0,345790922641754 2,33848571777344
ShoulderCenter 0,0236173328012228 0,777622222900391 2,3290708065033
Head -0,0475485026836395 0,99185049533844 2,32821035385132
ShoulderLeft -0,122095428407192 0,637225747108459 2,26917839050293
ElbowLeft -0,231662720441818 0,636708974838257 2,04684734344482
WristLeft -0,211299076676369 0,673593103885651 1,81434953212738
HandLeft -0,190053820610046 0,688127100467682 1,73059272766113
ShoulderRight 0,17183743417263 0,658431589603424 2,29354810714722
ElbowRight 0,279479205608368 0,641186952590942 2,05805087089539
WristRight 0,256001859903336 0,676579535007477 1,7515025138855
HandRight 0,30499455332756 0,654949486255646 1,71508347988129
HipLeft -0,0274051241576672 0,19982060790062 2,26129817962646
KneeLeft -0,0528506003320217 -0,29598405957222 2,35427641868591
AnkleLeft -0,0263393111526966 -0,664119005203247 2,38065719604492
FootLeft -0,0626025572419167 -0,734959781169891 2,31805729866028
HipRight 0,116501599550247 0,207223400473595 2,27578973770142
KneeRight 0,150194182991982 -0,30234369635582 2,36466312408447
AnkleRight 0,132770121097565 -0,685115933418274 2,4025866985321
FootRight 0,162064865231514 -0,747981548309326 2,37446808815002

