HipCenter 0,0375880040228367 0,299777299165726 2,26802921295166
Spine 0,0325635373592377 0,37304699420929 2,32922911643982
ShoulderCenter 0,0299903955310583 0,786756336688995 2,31607389450073
Head -0,0301637928932905 1,00542855262756 2,36038064956665
ShoulderLeft -0,133330181241035 0,691845715045929 2,29043531417847
ElbowLeft -0,212029218673706 0,809410095214844 2,09531188011169
WristLeft -0,312842607498169 0,960010051727295 1,86858248710632
HandLeft -0,341817706823349 1,00329446792603 1,80782461166382
ShoulderRight 0,174031674861908 0,701407432556152 2,31117510795593
ElbowRight 0,284832954406738 0,808113694190979 2,12750267982483
WristRight 0,426769345998764 0,944804310798645 1,91544198989868
HandRight 0,46756374835968 0,98409104347229 1,85890007019043
HipLeft -0,0335681363940239 0,228695973753929 2,24892830848694
KneeLeft -0,0534803122282028 -0,2948377430439 2,34969162940979
AnkleLeft -0,0268866382539272 -0,665254473686218 2,37904953956604
FootLeft -0,062041025608778 -0,73590761423111 2,31597518920898
HipRight 0,111290812492371 0,232825323939323 2,26921200752258
KneeRight 0,149774923920631 -0,298232018947601 2,35994243621826
AnkleRight 0,131493791937828 -0,684418082237244 2,40281510353088
FootRight 0,158782973885536 -0,745917141437531 2,37042832374573

