HipCenter 0,479024529457092 -0,12010882049799 2,46326875686646
Spine 0,435936152935028 -0,0616307258605957 2,46848797798157
ShoulderCenter 0,156810760498047 0,137287825345993 2,41286611557007
Head 0,0777650773525238 0,337981015443802 2,46572470664978
ShoulderLeft 0,12569934129715 0,114573769271374 2,5568482875824
ElbowLeft -0,100483730435371 0,197756081819534 2,62094950675964
WristLeft -0,206810414791107 0,278280287981033 2,38470530509949
HandLeft -0,266266107559204 0,317059576511383 2,21370673179626
ShoulderRight 0,467552125453949 0,103814609348774 2,35286641120911
ElbowRight 0,212231487035751 0,13535088300705 2,29904890060425
WristRight -0,0317564457654953 0,22054298222065 2,28451704978943
HandRight -0,117851436138153 0,253377795219421 2,30013227462769
HipLeft 0,488774508237839 -0,192570582032204 2,49645614624023
KneeLeft 0,445439577102661 -0,59923779964447 2,50382089614868
AnkleLeft 0,27517557144165 -1,00800037384033 2,42181968688965
FootLeft 0,243448376655579 -1,07723033428192 2,36975622177124
HipRight 0,595627188682556 -0,13605859875679 2,44181346893311
KneeRight 0,772772490978241 -0,527113437652588 2,35261678695679
AnkleRight 0,812055230140686 -0,825765311717987 2,33303093910217
FootRight 0,75944995880127 -0,908504247665405 2,29864120483398

