HipCenter 0,477977097034454 -0,125357955694199 2,46399188041687
Spine 0,433570384979248 -0,0671456009149551 2,47090840339661
ShoulderCenter 0,149784475564957 0,131014749407768 2,42470741271973
Head 0,0791133716702461 0,334014087915421 2,47185063362122
ShoulderLeft 0,118673071265221 0,10830070823431 2,56868958473206
ElbowLeft -0,109004974365234 0,19203282892704 2,6336669921875
WristLeft -0,239411443471909 0,29050013422966 2,41649484634399
HandLeft -0,36425456404686 0,353978157043457 2,32177042961121
ShoulderRight 0,395612150430679 0,139742329716682 2,35930442810059
ElbowRight 0,141639232635498 0,18586091697216 2,29801774024963
WristRight -0,109094828367233 0,254820466041565 2,29038882255554
HandRight -0,195851475000381 0,288539201021194 2,30616664886475
HipLeft 0,490299999713898 -0,194848924875259 2,49237155914307
KneeLeft 0,442028045654297 -0,616767168045044 2,50466060638428
AnkleLeft 0,348256170749664 -0,893227100372314 2,45142817497253
FootLeft 0,272112727165222 -0,914977788925171 2,4564037322998
HipRight 0,577830791473389 -0,142724454402924 2,44480299949646
KneeRight 0,764575958251953 -0,51736855506897 2,35359597206116
AnkleRight 0,810687780380249 -0,823334276676178 2,33136391639709
FootRight 0,760537147521973 -0,90729033946991 2,29712605476379

