HipCenter 0,463440358638763 -0,124505087733269 2,46614384651184
Spine 0,423005819320679 -0,0656496658921242 2,47218203544617
ShoulderCenter 0,151036113500595 0,146186381578445 2,41578435897827
Head 0,0860796645283699 0,341754257678986 2,4687876701355
ShoulderLeft 0,119924694299698 0,123472332954407 2,5597665309906
ElbowLeft -0,110036447644234 0,208044052124023 2,62586569786072
WristLeft -0,249402597546577 0,301782846450806 2,40914177894592
HandLeft -0,353578746318817 0,359604358673096 2,32555198669434
ShoulderRight 0,467502146959305 0,104433976113796 2,35449743270874
ElbowRight 0,207133531570435 0,130767643451691 2,30220580101013
WristRight -0,0387011766433716 0,223478615283966 2,2903254032135
HandRight -0,127910479903221 0,254927843809128 2,30425381660461
HipLeft 0,467183172702789 -0,201744541525841 2,4977753162384
KneeLeft 0,440540790557861 -0,617607057094574 2,50095129013062
AnkleLeft 0,347641795873642 -0,890084028244019 2,44984340667725
FootLeft 0,272673338651657 -0,917246341705322 2,45461344718933
HipRight 0,579283237457275 -0,153251737356186 2,45261549949646
KneeRight 0,760384500026703 -0,518459677696228 2,34965968132019
AnkleRight 0,809071898460388 -0,823206722736359 2,32954287528992
FootRight 0,760892629623413 -0,906540393829346 2,29646372795105

