HipCenter 0,395261406898499 -0,0600525885820389 2,4606237411499
Spine 0,369897037744522 0,00865893065929413 2,47053050994873
ShoulderCenter 0,140345990657806 0,278070479631424 2,45695853233337
Head -0,000596627593040466 0,503690123558044 2,55900478363037
ShoulderLeft 0,10923457890749 0,255356431007385 2,6009407043457
ElbowLeft -0,0766401737928391 0,294803082942963 2,65063071250916
WristLeft 0,0170282199978828 0,334052950143814 2,39307689666748
HandLeft -0,0609433948993683 0,380313336849213 2,3076593875885
ShoulderRight 0,272431403398514 0,271604239940643 2,38170337677002
ElbowRight 0,0118847489356995 0,304760545492172 2,3344042301178
WristRight -0,249256610870361 0,336460411548615 2,30838131904602
HandRight -0,342920005321503 0,372133612632751 2,32979989051819
HipLeft 0,396742343902588 -0,109015345573425 2,47774338722229
KneeLeft 0,396813929080963 -0,536966323852539 2,51055884361267
AnkleLeft 0,352916866540909 -0,860173046588898 2,45236206054688
FootLeft 0,287670105695724 -0,911283314228058 2,45169973373413
HipRight 0,447187036275864 -0,0823403373360634 2,44129753112793
KneeRight 0,628154516220093 -0,494708508253098 2,33828258514404
AnkleRight 0,784168899059296 -0,833876311779022 2,31989979743958
FootRight 0,73825216293335 -0,908576309680939 2,29864048957825

