HipCenter 0,232864588499069 0,159774094820023 2,42295098304749
Spine 0,257495850324631 0,235028758645058 2,44222140312195
ShoulderCenter 0,238519579172134 0,624038100242615 2,50261974334717
Head 0,248471513390541 0,830228209495544 2,54489731788635
ShoulderLeft 0,15163542330265 0,663038015365601 2,75184607505798
ElbowLeft -0,0262293070554733 0,482743263244629 2,62702798843384
WristLeft -0,196536391973495 0,38486647605896 2,42586946487427
HandLeft -0,310866326093674 0,281367361545563 2,3146071434021
ShoulderRight 0,282856047153473 0,460955142974854 2,35886144638062
ElbowRight 0,0519959479570389 0,411257684230804 2,29367184638977
WristRight -0,214483961462975 0,378279894590378 2,31471300125122
HandRight -0,281954050064087 0,352828413248062 2,31791138648987
HipLeft 0,199212104082108 0,115362122654915 2,42068147659302
KneeLeft 0,345994412899017 -0,423706650733948 2,33557081222534
AnkleLeft 0,334372907876968 -0,810381293296814 2,39231657981873
FootLeft 0,260013520717621 -0,883706033229828 2,43046307563782
HipRight 0,26419135928154 0,0938213691115379 2,40248918533325
KneeRight 0,295818269252777 -0,428460150957108 2,30055379867554
AnkleRight 0,328496187925339 -0,816932439804077 2,2822539806366
FootRight 0,256451636552811 -0,901209235191345 2,27400755882263

