HipCenter 0,47304379940033 -0,106376588344574 2,46645951271057
Spine 0,431083798408508 -0,0439357049763203 2,47014856338501
ShoulderCenter 0,1606425344944 0,170168787240982 2,41046667098999
Head 0,0880883485078812 0,370033025741577 2,46699500083923
ShoulderLeft 0,129531115293503 0,147454738616943 2,55444884300232
ElbowLeft -0,0956160873174667 0,23025606572628 2,61803793907166
WristLeft -0,0355545841157436 0,256988108158112 2,35439872741699
HandLeft -0,0381805934011936 0,268100023269653 2,22216033935547
ShoulderRight 0,389736205339432 0,15445564687252 2,35736966133118
ElbowRight 0,1739551872015 0,213272750377655 2,32371473312378
WristRight -0,0752686113119125 0,276643395423889 2,30176448822021
HandRight -0,163664132356644 0,304264813661575 2,30153107643127
HipLeft 0,486157298088074 -0,179178893566132 2,50749778747559
KneeLeft 0,445290952920914 -0,589846074581146 2,50747513771057
AnkleLeft 0,280299425125122 -1,009486079216 2,42773032188416
FootLeft 0,245301753282547 -1,07852649688721 2,37849020957947
HipRight 0,5762659907341 -0,136596590280533 2,4387583732605
KneeRight 0,765258312225342 -0,530000627040863 2,35685610771179
AnkleRight 0,810019075870514 -0,828016638755798 2,3345947265625
FootRight 0,7589231133461 -0,907590866088867 2,29948043823242

