HipCenter 0,0742562860250473 0,211211860179901 1,97902548313141
Spine 0,0727794244885445 0,301844030618668 1,98341715335846
ShoulderCenter 0,0692463964223862 0,755363166332245 2,02291393280029
Head -0,00865467637777328 0,627479314804077 1,9104038476944
ShoulderLeft 0,0153395934030414 0,575056672096252 1,89699912071228
ElbowLeft 0,130797296762466 0,385377317667007 1,80927670001984
WristLeft 0,348651528358459 0,362239003181458 1,85918402671814
HandLeft 0,39472907781601 0,374717950820923 1,87005746364594
ShoulderRight 0,175106853246689 0,643285393714905 2,16698098182678
ElbowRight 0,316215872764587 0,371116071939468 2,17742991447449
WristRight 0,491665005683899 0,225749209523201 2,18006634712219
HandRight 0,549581944942474 0,222054287791252 2,16444230079651
HipLeft 0,0418424308300018 0,183862760663033 1,96392500400543
KneeLeft 0,0652907639741898 -0,269937068223953 1,94309854507446
AnkleLeft 0,0690575391054153 -0,683101832866669 1,94910848140717
FootLeft 0,157213822007179 -0,745184779167175 1,95185136795044
HipRight 0,109726898372173 0,159042686223984 1,98384428024292
KneeRight 0,0454140901565552 -0,356685072183609 1,95003116130829
AnkleRight 0,0585813783109188 -0,773821771144867 1,99414134025574
FootRight 0,133265808224678 -0,762749850749969 2,08638715744019

