HipCenter 0,0955335572361946 0,380705714225769 2,55380821228027
Spine 0,0951326712965965 0,437235414981842 2,60735058784485
ShoulderCenter 0,103982366621494 0,757820904254913 2,59102201461792
Head 0,0957188457250595 0,93860524892807 2,59978342056274
ShoulderLeft -0,0611765049397945 0,742026805877686 2,6202437877655
ElbowLeft -0,122662663459778 0,975736558437347 2,54689121246338
WristLeft -0,177754670381546 1,18514204025269 2,49160623550415
HandLeft -0,197054252028465 1,25849997997284 2,47705864906311
ShoulderRight 0,24009171128273 0,755999684333801 2,63645482063293
ElbowRight 0,315538048744202 0,963875889778137 2,59751510620117
WristRight 0,399028480052948 1,19391584396362 2,57055115699768
HandRight 0,425340533256531 1,26641309261322 2,5663890838623
HipLeft 0,0317676700651646 0,312864899635315 2,54212427139282
KneeLeft -0,0182607732713223 -0,279694557189941 2,63928484916687
AnkleLeft -0,032124537974596 -0,658321261405945 2,67891836166382
FootLeft -0,0569805130362511 -0,740268647670746 2,62155199050903
HipRight 0,155124574899673 0,313674062490463 2,54769897460938
KneeRight 0,204529121518135 -0,280167251825333 2,64596652984619
AnkleRight 0,233238697052002 -0,668097972869873 2,66370058059692
FootRight 0,252240061759949 -0,743062496185303 2,60711193084717

