HipCenter 0,101439446210861 0,318514108657837 2,59104561805725
Spine 0,0990542620420456 0,383370190858841 2,65019583702087
ShoulderCenter 0,109690830111504 0,762663066387177 2,66297841072083
Head 0,105881959199905 0,930221199989319 2,65827512741089
ShoulderLeft -0,0262247174978256 0,662237524986267 2,63101291656494
ElbowLeft -0,102387174963951 0,72403872013092 2,39069437980652
WristLeft -0,101768270134926 0,791532576084137 2,17658734321594
HandLeft -0,0946493744850159 0,81974720954895 2,08056473731995
ShoulderRight 0,251922219991684 0,666973769664764 2,65241432189941
ElbowRight 0,306041240692139 0,725602686405182 2,38705658912659
WristRight 0,287379056215286 0,791700959205627 2,17335295677185
HandRight 0,283130615949631 0,818550109863281 2,1057014465332
HipLeft 0,037686113268137 0,2580786049366 2,5731725692749
KneeLeft -0,0144913084805012 -0,285646706819534 2,65244317054749
AnkleLeft -0,0319506451487541 -0,660088062286377 2,68101620674133
FootLeft -0,0596348121762276 -0,742551028728485 2,62077784538269
HipRight 0,163177788257599 0,255957365036011 2,5855975151062
KneeRight 0,210016921162605 -0,288950622081757 2,66130566596985
AnkleRight 0,234333366155624 -0,662053883075714 2,66532111167908
FootRight 0,252532809972763 -0,742592334747314 2,60598993301392

