HipCenter 0,101195998489857 0,285116136074066 2,58064317703247
Spine 0,100633136928082 0,358775645494461 2,63886213302612
ShoulderCenter 0,10381718724966 0,765031814575195 2,6390495300293
Head 0,105338536202908 0,930759191513062 2,63475489616394
ShoulderLeft -0,0250384677201509 0,643659234046936 2,62012767791748
ElbowLeft -0,0914569944143295 0,559270739555359 2,39315128326416
WristLeft -0,0830705016851425 0,508871078491211 2,098477602005
HandLeft -0,0996146500110626 0,511609315872192 2,02928066253662
ShoulderRight 0,238593056797981 0,636520624160767 2,62454319000244
ElbowRight 0,303592890501022 0,564812064170837 2,39002656936646
WristRight 0,245515614748001 0,535217225551605 2,09828495979309
HandRight 0,25721937417984 0,52882331609726 2,03367042541504
HipLeft 0,0389120653271675 0,22767162322998 2,56788539886475
KneeLeft -0,0135108316317201 -0,286396563053131 2,65428137779236
AnkleLeft -0,0320965498685837 -0,65823370218277 2,68146538734436
FootLeft -0,0580900982022285 -0,74087792634964 2,6176118850708
HipRight 0,163089469075203 0,226508587598801 2,57535648345947
KneeRight 0,209171235561371 -0,291360557079315 2,66250085830688
AnkleRight 0,234227925539017 -0,662725210189819 2,6653733253479
FootRight 0,252453297376633 -0,742334187030792 2,60584306716919

