HipCenter 0,0972481369972229 0,313574284315109 2,5635871887207
Spine 0,0962819680571556 0,377904415130615 2,62087821960449
ShoulderCenter 0,10297779738903 0,752793490886688 2,62421894073486
Head 0,0969336330890656 0,921868741512299 2,61949801445007
ShoulderLeft -0,0407804436981678 0,655457258224487 2,60353851318359
ElbowLeft -0,112768307328224 0,750484704971313 2,3979275226593
WristLeft -0,108872577548027 0,854917407035828 2,1965696811676
HandLeft -0,111225180327892 0,898566126823425 2,12967538833618
ShoulderRight 0,249603271484375 0,661861419677734 2,61565971374512
ElbowRight 0,317429900169373 0,795956373214722 2,37761068344116
WristRight 0,2869553565979 0,891851484775543 2,17414116859436
HandRight 0,277394831180573 0,90955513715744 2,09680581092834
HipLeft 0,0305825937539339 0,24891372025013 2,54714393615723
KneeLeft -0,0140197612345219 -0,286255836486816 2,6462836265564
AnkleLeft -0,0323303118348122 -0,658123850822449 2,67939448356628
FootLeft -0,0561674796044827 -0,739479243755341 2,61793422698975
HipRight 0,162304416298866 0,248670101165771 2,5580837726593
KneeRight 0,207506939768791 -0,291218042373657 2,65552425384521
AnkleRight 0,233931824564934 -0,66354101896286 2,6644549369812
FootRight 0,252462357282639 -0,742301046848297 2,60780954360962

