HipCenter 0,069272980093956 0,229729026556015 2,5599160194397
Spine 0,0613389350473881 0,298033088445663 2,6239161491394
ShoulderCenter 0,0497200973331928 0,70773184299469 2,64964032173157
Head 0,0399641543626785 0,871368169784546 2,63214540481567
ShoulderLeft -0,0949507057666779 0,552979469299316 2,59013342857361
ElbowLeft -0,145146936178207 0,346198916435242 2,46408486366272
WristLeft -0,180606886744499 0,188517987728119 2,28681969642639
HandLeft -0,161782413721085 0,13189485669136 2,24708342552185
ShoulderRight 0,18329718708992 0,573299944400787 2,62016081809998
ElbowRight 0,247488856315613 0,301437854766846 2,57071399688721
WristRight 0,281585544347763 0,0751665234565735 2,53959250450134
HandRight 0,294216692447662 0,000447078404249623 2,52063822746277
HipLeft 0,0101551646366715 0,166831642389297 2,53797745704651
KneeLeft 0,0174708627164364 -0,304523646831512 2,64597320556641
AnkleLeft 0,0362478010356426 -0,659713983535767 2,61364531517029
FootLeft 0,0601369552314281 -0,731091022491455 2,56414389610291
HipRight 0,133229613304138 0,170667320489883 2,55428123474121
KneeRight 0,125968649983406 -0,292779594659805 2,63582682609558
AnkleRight 0,115491822361946 -0,642070889472961 2,61483240127563
FootRight 0,0836072191596031 -0,733080208301544 2,56895613670349

