HipCenter 0,0594142600893974 0,231396555900574 2,55228424072266
Spine 0,0571960844099522 0,300420492887497 2,61487793922424
ShoulderCenter 0,04263836145401 0,705745756626129 2,62868547439575
Head 0,0389510877430439 0,871738135814667 2,61050963401794
ShoulderLeft -0,100546024739742 0,572514891624451 2,59876227378845
ElbowLeft -0,132774204015732 0,281695991754532 2,54097247123718
WristLeft -0,151521846652031 0,0525025278329849 2,52349090576172
HandLeft -0,166628614068031 -0,00264080334454775 2,52595829963684
ShoulderRight 0,1780144572258 0,569695949554443 2,5961332321167
ElbowRight 0,243040069937706 0,292742490768433 2,55341935157776
WristRight 0,279929429292679 0,0658238232135773 2,53285765647888
HandRight 0,283694297075272 -0,000434961868450046 2,52232551574707
HipLeft -0,00134748010896146 0,168108269572258 2,53914308547974
KneeLeft 0,0216972809284925 -0,304990589618683 2,64464998245239
AnkleLeft 0,0270851161330938 -0,620071649551392 2,62534594535828
FootLeft 0,0599275827407837 -0,706578850746155 2,56205606460571
HipRight 0,12383858859539 0,171392142772675 2,54158449172974
KneeRight 0,129803135991096 -0,30146336555481 2,63632202148438
AnkleRight 0,107572890818119 -0,645404994487762 2,61798357963562
FootRight 0,0976286306977272 -0,736510753631592 2,55392670631409

