HipCenter 0,317241072654724 0,0888626277446747 2,27939867973328
Spine 0,316879898309708 0,150203227996826 2,33985424041748
ShoulderCenter 0,320783495903015 0,519875407218933 2,35999798774719
Head 0,330245822668076 0,700114011764526 2,35563707351685
ShoulderLeft 0,172112181782722 0,390126049518585 2,33922028541565
ElbowLeft 0,083438865840435 0,138948798179626 2,27132558822632
WristLeft -0,159968137741089 0,151630073785782 2,16710758209229
HandLeft -0,177529707551003 0,247448325157166 2,16726636886597
ShoulderRight 0,455944687128067 0,508248805999756 2,37002372741699
ElbowRight 0,495512664318085 0,219779700040817 2,3185122013092
WristRight 0,519478559494019 -0,0661913454532623 2,24973845481873
HandRight 0,537347733974457 -0,213006392121315 2,23329949378967
HipLeft 0,249894544482231 0,0174758341163397 2,26305532455444
KneeLeft 0,204720765352249 -0,456011414527893 2,32321548461914
AnkleLeft 0,19912488758564 -0,815693259239197 2,32507276535034
FootLeft 0,199608311057091 -0,901337385177612 2,2848744392395
HipRight 0,383368343114853 0,0207965932786465 2,26501083374023
KneeRight 0,389295309782028 -0,451811522245407 2,31565999984741
AnkleRight 0,388436079025269 -0,81025356054306 2,31193685531616
FootRight 0,388906329870224 -0,842674911022186 2,22275424003601

