HipCenter 0,316455185413361 0,0869050472974777 2,28629946708679
Spine 0,311408162117004 0,147593826055527 2,34663987159729
ShoulderCenter 0,311616837978363 0,517003178596497 2,36746430397034
Head 0,322682410478592 0,696379482746124 2,36199975013733
ShoulderLeft 0,159869223833084 0,381227850914001 2,33750486373901
ElbowLeft 0,0862214490771294 0,138143673539162 2,20973134040833
WristLeft 0,00528777344152331 0,0657269358634949 1,9847104549408
HandLeft 0,02978440746665 0,24791345000267 1,98511838912964
ShoulderRight 0,449737876653671 0,511942982673645 2,39170169830322
ElbowRight 0,494660407304764 0,223993092775345 2,33573269844055
WristRight 0,517016768455505 -0,0629909634590149 2,26800894737244
HandRight 0,533703744411469 -0,208137333393097 2,24421048164368
HipLeft 0,255226463079453 0,0174294877797365 2,26367115974426
KneeLeft 0,199475228786469 -0,372993320226669 2,29985094070435
AnkleLeft 0,19697630405426 -0,767243981361389 2,32049703598022
FootLeft 0,203395754098892 -0,799873352050781 2,23119449615479
HipRight 0,380189627408981 0,0194587633013725 2,28082895278931
KneeRight 0,382181018590927 -0,415009140968323 2,30681920051575
AnkleRight 0,38488632440567 -0,81131911277771 2,31076335906982
FootRight 0,391305774450302 -0,843948483467102 2,22146081924438

