HipCenter 0,29969847202301 0,088840663433075 2,28052353858948
Spine 0,300675392150879 0,149384558200836 2,34136772155762
ShoulderCenter 0,29800683259964 0,521209061145782 2,36139988899231
Head 0,307440936565399 0,697908997535706 2,36048531532288
ShoulderLeft 0,150170236825943 0,387792617082596 2,33923387527466
ElbowLeft 0,0698250979185104 0,138304129242897 2,27248191833496
WristLeft -0,145307004451752 0,151655107736588 2,1527373790741
HandLeft -0,185432299971581 0,18539060652256 2,13653326034546
ShoulderRight 0,431444942951202 0,525006651878357 2,36684989929199
ElbowRight 0,483138889074326 0,23884379863739 2,32801294326782
WristRight 0,503527104854584 -0,044706404209137 2,25191593170166
HandRight 0,519904851913452 -0,2057254165411 2,22727584838867
HipLeft 0,232281491160393 0,0222259368747473 2,26081800460815
KneeLeft 0,164921075105667 -0,345563530921936 2,28896713256836
AnkleLeft 0,187233060598373 -0,690530598163605 2,28275990486145
FootLeft 0,185459122061729 -0,723143935203552 2,19294810295105
HipRight 0,364164024591446 0,0214194171130657 2,26772928237915
KneeRight 0,370481312274933 -0,412165999412537 2,30342435836792
AnkleRight 0,382480472326279 -0,836464881896973 2,30502939224243
FootRight 0,380706518888474 -0,86907821893692 2,21521759033203

