HipCenter 0,0864541158080101 0,322717845439911 2,64223980903625
Spine 0,0829967185854912 0,392284214496613 2,69751977920532
ShoulderCenter 0,0991452559828758 0,774700582027435 2,67995262145996
Head 0,0974746197462082 0,951904714107513 2,63485908508301
ShoulderLeft -0,0733053907752037 0,670933187007904 2,65246081352234
ElbowLeft -0,155084773898125 0,400556474924088 2,63791751861572
WristLeft -0,208394855260849 0,171820685267448 2,60119438171387
HandLeft -0,213663369417191 0,111466683447361 2,5850670337677
ShoulderRight 0,264499813318253 0,664827466011047 2,68806314468384
ElbowRight 0,301637768745422 0,392647534608841 2,66962504386902
WristRight 0,293765425682068 0,160216689109802 2,61551952362061
HandRight 0,281086087226868 0,0696343258023262 2,60049152374268
HipLeft 0,00870437826961279 0,250445246696472 2,62467789649963
KneeLeft -0,0056273452937603 -0,290505200624466 2,67968320846558
AnkleLeft 0,039510790258646 -0,668781757354736 2,71103644371033
FootLeft 0,0358130373060703 -0,740967392921448 2,64928936958313
HipRight 0,160138815641403 0,243621408939362 2,64202213287354
KneeRight 0,169633209705353 -0,301234841346741 2,68790030479431
AnkleRight 0,150680497288704 -0,670874834060669 2,70915460586548
FootRight 0,174514904618263 -0,741941690444946 2,64145946502686

