HipCenter 0,0950660929083824 0,320908486843109 2,64545106887817
Spine 0,0905102044343948 0,389621376991272 2,70338487625122
ShoulderCenter 0,10127229988575 0,776102066040039 2,69293069839478
Head 0,101951897144318 0,955183446407318 2,64842987060547
ShoulderLeft -0,0694496482610703 0,666865527629852 2,66844534873962
ElbowLeft -0,254062831401825 0,46309894323349 2,64393639564514
WristLeft -0,426589965820313 0,303591877222061 2,59296131134033
HandLeft -0,503124535083771 0,221397310495377 2,57793188095093
ShoulderRight 0,267228811979294 0,663939595222473 2,7031033039093
ElbowRight 0,307195127010345 0,387012839317322 2,67507290840149
WristRight 0,306986063718796 0,1534204185009 2,6161515712738
HandRight 0,305561244487762 0,0671162381768227 2,6069643497467
HipLeft 0,0189102366566658 0,246524497866631 2,62608695030212
KneeLeft 0,00208142749033868 -0,291983991861343 2,67805171012878
AnkleLeft 0,0458331368863583 -0,670545935630798 2,70992469787598
FootLeft 0,0382559821009636 -0,737590789794922 2,65453600883484
HipRight 0,169477492570877 0,243439987301826 2,64398574829102
KneeRight 0,174393028020859 -0,299688428640366 2,69119381904602
AnkleRight 0,154283359646797 -0,668723881244659 2,71219205856323
FootRight 0,181048065423965 -0,744598567485809 2,65087914466858

