HipCenter 0,174818873405457 0,248553678393364 2,34565329551697
Spine 0,158790364861488 0,325730443000793 2,40826654434204
ShoulderCenter 0,147080138325691 0,765919864177704 2,4098072052002
Head 0,182831361889839 0,960854291915894 2,35131525993347
ShoulderLeft 0,00765449041500688 0,634407639503479 2,34549236297607
ElbowLeft -0,0462272465229034 0,40608337521553 2,35528135299683
WristLeft -0,169897422194481 0,39811110496521 2,09568095207214
HandLeft -0,220637783408165 0,40736922621727 2,02547001838684
ShoulderRight 0,310818880796433 0,69719785451889 2,41911387443542
ElbowRight 0,372493803501129 0,405080825090408 2,37352633476257
WristRight 0,379297077655792 0,169276282191277 2,2949423789978
HandRight 0,370589643716812 0,0936676859855652 2,27400398254395
HipLeft 0,104642249643803 0,174702525138855 2,31623578071594
KneeLeft 0,0681970119476318 -0,306979805231094 2,38009405136108
AnkleLeft 0,106029167771339 -0,6691934466362 2,41329526901245
FootLeft 0,0816165655851364 -0,736543715000153 2,35105419158936
HipRight 0,252345561981201 0,180088818073273 2,35376167297363
KneeRight 0,260220974683762 -0,31751561164856 2,38321876525879
AnkleRight 0,266905725002289 -0,677219152450562 2,39648342132568
FootRight 0,287241548299789 -0,738820254802704 2,33945536613464

