HipCenter 0,175687193870544 0,250557273626328 2,34961557388306
Spine 0,160753950476646 0,328047305345535 2,41226768493652
ShoulderCenter 0,150922477245331 0,770485997200012 2,41466045379639
Head 0,184541001915932 0,965854167938232 2,35565614700317
ShoulderLeft 0,00843345187604427 0,634766161441803 2,34897661209106
ElbowLeft -0,0412019491195679 0,412268042564392 2,3556752204895
WristLeft -0,238806143403053 0,38755989074707 2,14393734931946
HandLeft -0,308269143104553 0,389907658100128 2,09793996810913
ShoulderRight 0,316927492618561 0,695418417453766 2,41757392883301
ElbowRight 0,38655698299408 0,412349224090576 2,37399315834045
WristRight 0,381650537252426 0,173992350697517 2,29931974411011
HandRight 0,369595348834991 0,0967806875705719 2,27559757232666
HipLeft 0,103127330541611 0,174780085682869 2,32237982749939
KneeLeft 0,067847415804863 -0,305673450231552 2,38034057617188
AnkleLeft 0,105196505784988 -0,668304681777954 2,41542983055115
FootLeft 0,0831834450364113 -0,734620630741119 2,35184741020203
HipRight 0,255670726299286 0,179135710000992 2,35594868659973
KneeRight 0,262666285037994 -0,31523385643959 2,38199901580811
AnkleRight 0,266128927469254 -0,678880453109741 2,39348840713501
FootRight 0,28776627779007 -0,737261176109314 2,33377838134766

