HipCenter 0,175663039088249 0,250214815139771 2,34980177879334
Spine 0,160806775093079 0,327804654836655 2,41245460510254
ShoulderCenter 0,151372864842415 0,770404636859894 2,41478991508484
Head 0,184978008270264 0,966063737869263 2,35625696182251
ShoulderLeft 0,00868422910571098 0,634626269340515 2,34898996353149
ElbowLeft -0,0439928621053696 0,41230046749115 2,35140895843506
WristLeft -0,237864762544632 0,388840883970261 2,14427185058594
HandLeft -0,308293133974075 0,390534728765488 2,09752702713013
ShoulderRight 0,331549286842346 0,678881704807281 2,4177782535553
ElbowRight 0,387241512537003 0,4133640229702 2,37366271018982
WristRight 0,381785184144974 0,17447517812252 2,29952120780945
HandRight 0,370486915111542 0,0967429727315903 2,27674150466919
HipLeft 0,102393046021461 0,174117982387543 2,32222390174866
KneeLeft 0,0680103525519371 -0,304161727428436 2,38040709495544
AnkleLeft 0,105169281363487 -0,6683189868927 2,41558527946472
FootLeft 0,0831796228885651 -0,734204471111298 2,35176730155945
HipRight 0,256128489971161 0,178005084395409 2,35634756088257
KneeRight 0,262859582901001 -0,314176023006439 2,38208055496216
AnkleRight 0,266287595033646 -0,678785145282745 2,39371562004089
FootRight 0,287747144699097 -0,736498355865479 2,33663535118103

