HipCenter 0,141350567340851 0,369475066661835 2,53715825080872
Spine 0,148681789636612 0,446017801761627 2,60160183906555
ShoulderCenter 0,156161725521088 0,882478356361389 2,60158109664917
Head 0,127908870577812 1,09624361991882 2,55709791183472
ShoulderLeft 0,00187625340186059 0,747489392757416 2,58777594566345
ElbowLeft -0,117704130709171 0,508132100105286 2,50666832923889
WristLeft -0,363202542066574 0,540051698684692 2,43631482124329
HandLeft -0,375166147947311 0,554489135742188 2,39585399627686
ShoulderRight 0,316876322031021 0,764206647872925 2,56415486335754
ElbowRight 0,385536253452301 0,470915228128433 2,53705191612244
WristRight 0,368092864751816 0,223003804683685 2,44400310516357
HandRight 0,354446977376938 0,123013652861118 2,42114925384521
HipLeft 0,0663037300109863 0,300054281949997 2,52896904945374
KneeLeft 0,0148305194452405 -0,253554940223694 2,62322020530701
AnkleLeft 0,0230441763997078 -0,636646866798401 2,65632367134094
FootLeft 0,00453802244737744 -0,740628302097321 2,60383534431458
HipRight 0,212073087692261 0,298492848873138 2,52343678474426
KneeRight 0,258006632328033 -0,270190685987473 2,59392023086548
AnkleRight 0,274171680212021 -0,646812200546265 2,64390182495117
FootRight 0,287553578615189 -0,736346900463104 2,58929300308228

