HipCenter 0,146117061376572 0,366973012685776 2,53668999671936
Spine 0,149023801088333 0,444592356681824 2,60017776489258
ShoulderCenter 0,15495166182518 0,880138456821442 2,59292268753052
Head 0,128767564892769 1,09407341480255 2,54526805877686
ShoulderLeft -0,0163373090326786 0,73179167509079 2,57347416877747
ElbowLeft -0,106070570647717 0,502397537231445 2,4839973449707
WristLeft -0,245840221643448 0,558409750461578 2,26704120635986
HandLeft -0,236692994832993 0,561097145080566 2,27078866958618
ShoulderRight 0,315048545598984 0,77066433429718 2,56968569755554
ElbowRight 0,388272732496262 0,476898908615112 2,54896140098572
WristRight 0,372238993644714 0,21796053647995 2,45453000068665
HandRight 0,358529150485992 0,115509778261185 2,42763900756836
HipLeft 0,0705322548747063 0,291776657104492 2,52113461494446
KneeLeft 0,0144232362508774 -0,256596714258194 2,62269973754883
AnkleLeft 0,0246556643396616 -0,638998866081238 2,65786075592041
FootLeft 0,00449619954451919 -0,731717705726624 2,61131596565247
HipRight 0,221391975879669 0,294131964445114 2,53282403945923
KneeRight 0,259470850229263 -0,271702408790588 2,59522247314453
AnkleRight 0,273923128843308 -0,644612610340118 2,64467430114746
FootRight 0,282276123762131 -0,739766716957092 2,60548877716064

