HipCenter 0,146743416786194 0,363277822732925 2,53545761108398
Spine 0,149762123823166 0,441583901643753 2,59864044189453
ShoulderCenter 0,15855960547924 0,878555536270142 2,58875608444214
Head 0,125302672386169 1,08959531784058 2,53681707382202
ShoulderLeft -0,0121905347332358 0,744457244873047 2,5707151889801
ElbowLeft -0,0953259617090225 0,475900530815125 2,46331930160522
WristLeft -0,19074934720993 0,549537062644959 2,22727608680725
HandLeft -0,181805819272995 0,549505949020386 2,235111951828
ShoulderRight 0,312656611204147 0,769137620925903 2,56749582290649
ElbowRight 0,388355374336243 0,482445895671844 2,55253076553345
WristRight 0,372634649276733 0,21421505510807 2,4554705619812
HandRight 0,359363049268723 0,112212739884853 2,42811679840088
HipLeft 0,0696296691894531 0,28848060965538 2,51879048347473
KneeLeft 0,0140435071662068 -0,257715106010437 2,62291216850281
AnkleLeft 0,0241474099457264 -0,650376081466675 2,65822696685791
FootLeft 0,00228665908798575 -0,739233791828156 2,60567212104797
HipRight 0,21981517970562 0,292338758707047 2,53227257728577
KneeRight 0,260368078947067 -0,272856533527374 2,5955765247345
AnkleRight 0,274188637733459 -0,64847594499588 2,64398121833801
FootRight 0,286826282739639 -0,738089084625244 2,59498381614685

