HipCenter 0,145577996969223 0,371428400278091 2,53355598449707
Spine 0,148094207048416 0,448100358247757 2,59617137908936
ShoulderCenter 0,157489731907845 0,879032135009766 2,58363771438599
Head 0,127574115991592 1,09102618694305 2,5325186252594
ShoulderLeft -0,0160170253366232 0,75820392370224 2,56979990005493
ElbowLeft -0,0934795662760735 0,477125465869904 2,45575642585754
WristLeft -0,158641010522842 0,541932940483093 2,20633149147034
HandLeft -0,148340329527855 0,546260356903076 2,21151781082153
ShoulderRight 0,317113310098648 0,769159376621246 2,56851816177368
ElbowRight 0,388557255268097 0,484718233346939 2,55391073226929
WristRight 0,374089926481247 0,217928886413574 2,45852851867676
HandRight 0,360831081867218 0,116191491484642 2,43151021003723
HipLeft 0,0679784566164017 0,29506242275238 2,51814770698547
KneeLeft 0,0136863309890032 -0,258944511413574 2,6229453086853
AnkleLeft 0,0231600217521191 -0,649730265140533 2,66173768043518
FootLeft 0,00035758747253567 -0,744262218475342 2,61586880683899
HipRight 0,219426885247231 0,297338038682938 2,52965807914734
KneeRight 0,261350333690643 -0,27274826169014 2,59420394897461
AnkleRight 0,273341059684753 -0,643865704536438 2,64203190803528
FootRight 0,288497269153595 -0,740050792694092 2,58988738059998

