HipCenter 0,153895333409309 0,368285059928894 2,54028224945068
Spine 0,154525086283684 0,445635735988617 2,60385799407959
ShoulderCenter 0,157803073525429 0,879954755306244 2,59785056114197
Head 0,125788003206253 1,09115254878998 2,55132579803467
ShoulderLeft -0,00473825680091977 0,739237725734711 2,57517170906067
ElbowLeft -0,0981354266405106 0,473807662725449 2,46741938591003
WristLeft -0,185999780893326 0,541737675666809 2,22174859046936
HandLeft -0,164092034101486 0,560939311981201 2,23070669174194
ShoulderRight 0,319778054952621 0,769084572792053 2,58141541481018
ElbowRight 0,400286644697189 0,467752903699875 2,56028747558594
WristRight 0,387211382389069 0,216976463794708 2,46389532089233
HandRight 0,380963802337646 0,119607217609882 2,43699812889099
HipLeft 0,0788361504673958 0,294871836900711 2,52073216438293
KneeLeft 0,0197645053267479 -0,256312936544418 2,61744856834412
AnkleLeft 0,0249304566532373 -0,632482588291168 2,65659117698669
FootLeft 0,00462524732574821 -0,732050359249115 2,61117887496948
HipRight 0,225806683301926 0,295587509870529 2,5376501083374
KneeRight 0,26573634147644 -0,275633931159973 2,59615278244019
AnkleRight 0,27514261007309 -0,644613564014435 2,64752912521362
FootRight 0,286762088537216 -0,739964663982391 2,59434270858765

