HipCenter 0,15240652859211 0,368283867835999 2,53857469558716
Spine 0,15420038998127 0,445504456758499 2,60230016708374
ShoulderCenter 0,159081935882568 0,880127668380737 2,59637832641602
Head 0,120763793587685 1,09072327613831 2,55094194412231
ShoulderLeft -0,00410021562129259 0,740042626857758 2,57676315307617
ElbowLeft -0,106439128518105 0,487188220024109 2,47714400291443
WristLeft -0,244565814733505 0,560164213180542 2,25970578193665
HandLeft -0,240540310740471 0,565424919128418 2,26559615135193
ShoulderRight 0,318223118782043 0,767147302627563 2,57805776596069
ElbowRight 0,398051768541336 0,47246116399765 2,55822992324829
WristRight 0,382071793079376 0,220080927014351 2,46146488189697
HandRight 0,375942528247833 0,122966513037682 2,43511986732483
HipLeft 0,07650326192379 0,294571250677109 2,52138924598694
KneeLeft 0,0182946063578129 -0,255155652761459 2,61779260635376
AnkleLeft 0,025547944009304 -0,637419819831848 2,65519261360168
FootLeft 0,00102675647940487 -0,735378384590149 2,60963273048401
HipRight 0,22523258626461 0,295838564634323 2,5336606502533
KneeRight 0,26424440741539 -0,273180484771729 2,59534788131714
AnkleRight 0,274093836545944 -0,643173158168793 2,64788317680359
FootRight 0,288272708654404 -0,737605452537537 2,59255409240723

