HipCenter 0,150480106472969 0,36996778845787 2,53796434402466
Spine 0,153624653816223 0,446760088205338 2,60177803039551
ShoulderCenter 0,158558338880539 0,881264328956604 2,59670901298523
Head 0,123072698712349 1,09156632423401 2,54928398132324
ShoulderLeft -0,00111001078039408 0,749726116657257 2,58195757865906
ElbowLeft -0,106408163905144 0,500475347042084 2,48334407806396
WristLeft -0,297335177659988 0,547701179981232 2,30548119544983
HandLeft -0,301817446947098 0,566808700561523 2,29469990730286
ShoulderRight 0,31775638461113 0,76711118221283 2,57563018798828
ElbowRight 0,393122971057892 0,476163536310196 2,55521297454834
WristRight 0,37774133682251 0,220573008060455 2,45951509475708
HandRight 0,366806387901306 0,123763538897038 2,43351626396179
HipLeft 0,0751676931977272 0,297998398542404 2,52214765548706
KneeLeft 0,0174207966774702 -0,256429940462112 2,61909341812134
AnkleLeft 0,0239583663642406 -0,643117904663086 2,65483593940735
FootLeft 0,00130155100487173 -0,738879799842834 2,60605549812317
HipRight 0,222386479377747 0,297933489084244 2,53219366073608
KneeRight 0,26208707690239 -0,274757713079453 2,59583282470703
AnkleRight 0,274856120347977 -0,64926540851593 2,64617514610291
FootRight 0,288666903972626 -0,73950982093811 2,59459638595581

