HipCenter 0,147003144025803 0,370845854282379 2,53701615333557
Spine 0,152189627289772 0,447160482406616 2,60112357139587
ShoulderCenter 0,159089580178261 0,881912648677826 2,59793877601624
Head 0,127053275704384 1,09315955638885 2,55055332183838
ShoulderLeft -7,61311966925859E-05 0,751165807247162 2,58601403236389
ElbowLeft -0,100740276277065 0,507557272911072 2,49243211746216
WristLeft -0,330965042114258 0,544264733791351 2,37406826019287
HandLeft -0,343230605125427 0,563711166381836 2,34168672561646
ShoulderRight 0,317051291465759 0,768146395683289 2,57231593132019
ElbowRight 0,38870632648468 0,478301495313644 2,54983830451965
WristRight 0,373831987380981 0,224238067865372 2,45189213752747
HandRight 0,359662264585495 0,126605123281479 2,42858505249023
HipLeft 0,0724070221185684 0,299977660179138 2,52387523651123
KneeLeft 0,0155516033992171 -0,249940931797028 2,61951994895935
AnkleLeft 0,0278366487473249 -0,643243312835693 2,65994763374329
FootLeft 0,00231691170483828 -0,744604766368866 2,60896277427673
HipRight 0,217560395598412 0,299654930830002 2,52845215797424
KneeRight 0,259068757295609 -0,270848095417023 2,59360551834106
AnkleRight 0,272455394268036 -0,645853757858276 2,64506578445435
FootRight 0,287418484687805 -0,735470592975616 2,5921847820282

