HipCenter 0,133025079965591 0,296311140060425 2,50266051292419
Spine 0,122622571885586 0,362616628408432 2,56079792976379
ShoulderCenter 0,125671684741974 0,7451491355896 2,56373119354248
Head 0,127146303653717 0,925612807273865 2,55169677734375
ShoulderLeft -0,0113181946799159 0,633529365062714 2,52032923698425
ElbowLeft -0,0952969044446945 0,582002282142639 2,26827716827393
WristLeft -0,0817616432905197 0,573175251483917 1,95242714881897
HandLeft -0,0740534737706184 0,578012585639954 1,90568280220032
ShoulderRight 0,287998884916306 0,628991365432739 2,5734601020813
ElbowRight 0,347594380378723 0,360347330570221 2,5691967010498
WristRight 0,349007964134216 0,144659414887428 2,49720168113709
HandRight 0,337464958429337 0,040245309472084 2,48089838027954
HipLeft 0,0659925565123558 0,229362860321999 2,48029732704163
KneeLeft 0,027580339461565 -0,291554689407349 2,57086753845215
AnkleLeft 0,0200169533491135 -0,650719225406647 2,59219408035278
FootLeft 0,0067662438377738 -0,72533506155014 2,54495716094971
HipRight 0,202154144644737 0,227443635463715 2,50246524810791
KneeRight 0,224304273724556 -0,307990252971649 2,58433389663696
AnkleRight 0,24545530974865 -0,666198968887329 2,58287525177002
FootRight 0,272540301084518 -0,741927683353424 2,52816581726074

