HipCenter 0,125027269124985 0,29467985033989 2,4941611289978
Spine 0,122578158974648 0,362508863210678 2,55102467536926
ShoulderCenter 0,12270575761795 0,743317186832428 2,54006409645081
Head 0,114066869020462 0,924057304859161 2,51876640319824
ShoulderLeft -0,0413300544023514 0,624017477035522 2,52789568901062
ElbowLeft -0,0842952430248261 0,352653712034225 2,52106404304504
WristLeft -0,0888170301914215 0,134555771946907 2,459477186203
HandLeft -0,0906052887439728 0,0333971381187439 2,42758417129517
ShoulderRight 0,291735291481018 0,625432014465332 2,54272484779358
ElbowRight 0,356443107128143 0,364122629165649 2,5409882068634
WristRight 0,349990159273148 0,144439443945885 2,48766541481018
HandRight 0,336765915155411 0,0396442860364914 2,47784090042114
HipLeft 0,0501740016043186 0,220311909914017 2,48156023025513
KneeLeft 0,028763011097908 -0,290007472038269 2,56979823112488
AnkleLeft 0,02019227668643 -0,648654043674469 2,59280920028687
FootLeft 0,00635034497827291 -0,724270462989807 2,54585361480713
HipRight 0,199218839406967 0,220869362354279 2,48717355728149
KneeRight 0,223109662532806 -0,300081521272659 2,58342170715332
AnkleRight 0,246131092309952 -0,664450228214264 2,58225440979004
FootRight 0,273356676101685 -0,741308093070984 2,53184199333191

