HipCenter -0,0114158233627677 0,331338495016098 2,28842735290527
Spine -0,0165391322225332 0,386445850133896 2,30901217460632
ShoulderCenter 0,00443326914682984 0,667281270027161 2,29720950126648
Head 0,0661561638116837 0,786359310150146 2,21902394294739
ShoulderLeft -0,137339517474175 0,715851187705994 2,29289126396179
ElbowLeft -0,155226796865463 0,534527897834778 2,20648837089539
WristLeft 0,0451804250478745 0,515171706676483 2,35803461074829
HandLeft 0,150162041187286 0,525051176548004 2,36598873138428
ShoulderRight 0,136934131383896 0,669789850711823 2,38916063308716
ElbowRight 0,295357882976532 0,569676518440247 2,32133388519287
WristRight 0,177332684397697 0,701556742191315 2,22322607040405
HandRight 0,112088240683079 0,69895476102829 2,22278523445129
HipLeft -0,0774779841303825 0,270483940839767 2,26394653320313
KneeLeft -0,142023131251335 -0,26857578754425 2,37656664848328
AnkleLeft -0,136506408452988 -0,659611940383911 2,43583369255066
FootLeft -0,171019673347473 -0,732441425323486 2,377845287323
HipRight 0,0486580245196819 0,260994732379913 2,30338644981384
KneeRight 0,112415440380573 -0,277370721101761 2,37454628944397
AnkleRight 0,124847106635571 -0,675776422023773 2,42260575294495
FootRight 0,163484260439873 -0,739121496677399 2,37828493118286

