HipCenter -0,00936795584857464 0,329306185245514 2,27271890640259
Spine -0,0119393710047007 0,383853554725647 2,2822368144989
ShoulderCenter -0,000847859308123589 0,659385800361633 2,27250742912292
Head 0,0581786334514618 0,77997487783432 2,20109224319458
ShoulderLeft -0,142804354429245 0,703590989112854 2,27659296989441
ElbowLeft -0,141263782978058 0,524609088897705 2,19133615493774
WristLeft 0,0517080277204514 0,503358781337738 2,34491848945618
HandLeft 0,152189344167709 0,513213932514191 2,35056233406067
ShoulderRight 0,13991491496563 0,660390377044678 2,37053751945496
ElbowRight 0,297273278236389 0,567119240760803 2,29851722717285
WristRight 0,180494785308838 0,696143329143524 2,21235942840576
HandRight 0,125707402825356 0,682565689086914 2,21818661689758
HipLeft -0,0774431750178337 0,266126990318298 2,25295639038086
KneeLeft -0,139186531305313 -0,268279433250427 2,37120723724365
AnkleLeft -0,134905487298965 -0,662799477577209 2,4355309009552
FootLeft -0,171969130635262 -0,73363184928894 2,37763738632202
HipRight 0,0550864711403847 0,257499933242798 2,28714513778687
KneeRight 0,116060145199299 -0,279225379228592 2,36766576766968
AnkleRight 0,126080706715584 -0,677891552448273 2,42111706733704
FootRight 0,16790135204792 -0,741522550582886 2,37905979156494

