HipCenter -0,0176164209842682 0,326893627643585 2,28412818908691
Spine -0,0195978656411171 0,381745159626007 2,29000449180603
ShoulderCenter -0,0140024684369564 0,656130194664001 2,27895879745483
Head -0,00441385433077812 0,793254494667053 2,21765375137329
ShoulderLeft -0,154403850436211 0,70281857252121 2,28907489776611
ElbowLeft -0,147707685828209 0,527695536613464 2,20791554450989
WristLeft 0,0903865844011307 0,584542155265808 2,24322032928467
HandLeft 0,311836242675781 0,635110437870026 2,25059485435486
ShoulderRight 0,124770931899548 0,662003755569458 2,36654019355774
ElbowRight 0,28490486741066 0,574563562870026 2,31633281707764
WristRight 0,137306198477745 0,720085978507996 2,17120170593262
HandRight 0,0725664347410202 0,717504262924194 2,17076420783997
HipLeft -0,0857518091797829 0,262613117694855 2,26777672767639
KneeLeft -0,141302600502968 -0,268859267234802 2,37697815895081
AnkleLeft -0,136485278606415 -0,662595987319946 2,43584394454956
FootLeft -0,171096280217171 -0,733369469642639 2,37636399269104
HipRight 0,0490810126066208 0,255658715963364 2,29740571975708
KneeRight 0,114336863160133 -0,277484506368637 2,37196636199951
AnkleRight 0,125203341245651 -0,676090121269226 2,42099690437317
FootRight 0,168667301535606 -0,742756903171539 2,38150668144226

