HipCenter 0,0761473104357719 0,314105540513992 2,41236114501953
Spine 0,0913403779268265 0,37916761636734 2,46819424629211
ShoulderCenter 0,11173976957798 0,75131756067276 2,46063828468323
Head 0,107913330197334 0,920132696628571 2,46520376205444
ShoulderLeft -0,0619532316923141 0,732072114944458 2,48742723464966
ElbowLeft -0,163382023572922 0,900662779808044 2,37276196479797
WristLeft -0,205334797501564 0,808090209960938 2,16204118728638
HandLeft -0,219319060444832 0,777232706546783 2,09648370742798
ShoulderRight 0,250306993722916 0,637071073055267 2,4157395362854
ElbowRight 0,0996391624212265 0,530048429965973 2,20855855941772
WristRight -0,105724707245827 0,594586074352264 2,15708684921265
HandRight -0,184708938002586 0,600177407264709 2,12388277053833
HipLeft -0,00154207076411694 0,246055379509926 2,41102409362793
KneeLeft -0,0144422361627221 -0,287477761507034 2,49863290786743
AnkleLeft -0,0254997853189707 -0,660779356956482 2,53245568275452
FootLeft -0,047955796122551 -0,736516416072845 2,4867377281189
HipRight 0,14171513915062 0,233916163444519 2,39307761192322
KneeRight 0,194981172680855 -0,294081270694733 2,51216888427734
AnkleRight 0,231659173965454 -0,66800594329834 2,5274715423584
FootRight 0,258166313171387 -0,741992712020874 2,48682880401611

