HipCenter 0,0897657349705696 0,291065514087677 2,41940450668335
Spine 0,0923413261771202 0,358045548200607 2,47600317001343
ShoulderCenter 0,0998042672872543 0,735217154026031 2,46578025817871
Head 0,0928011760115623 0,910279631614685 2,44167566299438
ShoulderLeft -0,0682893693447113 0,624267816543579 2,4704806804657
ElbowLeft -0,116877347230911 0,353876113891602 2,43564820289612
WristLeft -0,153097897768021 0,155399426817894 2,34899950027466
HandLeft -0,173860445618629 0,0707782581448555 2,3197648525238
ShoulderRight 0,263243108987808 0,630690097808838 2,46621370315552
ElbowRight 0,387729436159134 0,404246389865875 2,39797973632813
WristRight 0,444074094295502 0,149400413036346 2,29487013816834
HandRight 0,47371381521225 0,0837326422333717 2,27480554580688
HipLeft 0,0141639430075884 0,21860483288765 2,40834903717041
KneeLeft -0,00811479333788157 -0,29535299539566 2,5066921710968
AnkleLeft -0,0254918057471514 -0,658945322036743 2,53351783752441
FootLeft -0,047180213034153 -0,734134495258331 2,48614144325256
HipRight 0,162116289138794 0,21566516160965 2,41111516952515
KneeRight 0,195957958698273 -0,295523226261139 2,5180823802948
AnkleRight 0,23192286491394 -0,669571459293365 2,53002095222473
FootRight 0,258163034915924 -0,74089640378952 2,48477220535278

