HipCenter 0,0795138478279114 0,313758701086044 2,41819286346436
Spine 0,0947178900241852 0,379325717687607 2,47326231002808
ShoulderCenter 0,111880138516426 0,75219064950943 2,46160197257996
Head 0,105781152844429 0,920466065406799 2,46257495880127
ShoulderLeft -0,0618073493242264 0,759196758270264 2,49317860603333
ElbowLeft -0,156160026788712 0,93189400434494 2,37434148788452
WristLeft -0,193969070911407 0,823739469051361 2,16198539733887
HandLeft -0,206572085618973 0,787687957286835 2,09588003158569
ShoulderRight 0,250702828168869 0,641350209712982 2,4163134098053
ElbowRight 0,0860083103179932 0,554423809051514 2,19595885276794
WristRight -0,116103991866112 0,625760734081268 2,1484546661377
HandRight -0,189454317092896 0,637305796146393 2,11141800880432
HipLeft 0,00143910117913038 0,245516121387482 2,41698288917542
KneeLeft -0,0099903242662549 -0,289731323719025 2,50167918205261
AnkleLeft -0,0256781075149775 -0,658423483371735 2,53299379348755
FootLeft -0,0465042740106583 -0,733678460121155 2,48648142814636
HipRight 0,1462432295084 0,233652085065842 2,39951920509338
KneeRight 0,196491569280624 -0,29241818189621 2,5164840221405
AnkleRight 0,232333809137344 -0,66974413394928 2,5301730632782
FootRight 0,258323490619659 -0,742112457752228 2,49038934707642

