HipCenter 0,115859299898148 0,26498544216156 2,44065380096436
Spine 0,0923494845628738 0,325076639652252 2,49439907073975
ShoulderCenter 0,100927673280239 0,682941496372223 2,50608992576599
Head 0,0902349948883057 0,850077569484711 2,49136805534363
ShoulderLeft -0,00752045027911663 0,550210535526276 2,41530179977417
ElbowLeft -0,0792427211999893 0,414271056652069 2,21915531158447
WristLeft -0,0867039561271667 0,615261852741241 1,97062802314758
HandLeft -0,0884942710399628 0,657351732254028 1,88703310489655
ShoulderRight 0,237237066030502 0,609165847301483 2,53959345817566
ElbowRight 0,302186965942383 0,329076319932938 2,48884701728821
WristRight 0,312625139951706 0,083892859518528 2,40707564353943
HandRight 0,315144717693329 0,0111158285290003 2,37953662872314
HipLeft 0,0632667392492294 0,197001487016678 2,38728475570679
KneeLeft -0,00286952033638954 -0,279386401176453 2,47058248519897
AnkleLeft 0,0219716783612967 -0,652103185653687 2,47027063369751
FootLeft 0,0535518676042557 -0,686188995838165 2,40006947517395
HipRight 0,173595458269119 0,19576333463192 2,46835112571716
KneeRight 0,200533226132393 -0,281779110431671 2,48604011535645
AnkleRight 0,186837583780289 -0,655540466308594 2,49414086341858
FootRight 0,218417778611183 -0,689626276493073 2,42393970489502

