HipCenter 0,116457402706146 0,267078906297684 2,44195961952209
Spine 0,0928861647844315 0,326810985803604 2,49571466445923
ShoulderCenter 0,101456239819527 0,683620631694794 2,50795984268188
Head 0,0929228961467743 0,85084193944931 2,49648666381836
ShoulderLeft -0,00671477615833282 0,550375044345856 2,41645908355713
ElbowLeft -0,0928218364715576 0,601748764514923 2,18436408042908
WristLeft -0,0879287719726563 0,650531649589539 1,94768071174622
HandLeft -0,0833677649497986 0,661061465740204 1,88622534275055
ShoulderRight 0,239080786705017 0,59895384311676 2,53938388824463
ElbowRight 0,30402535200119 0,298363566398621 2,48476386070251
WristRight 0,313270956277847 0,0794127881526947 2,40728163719177
HandRight 0,316815912723541 0,0129450093954802 2,38155436515808
HipLeft 0,0635224506258965 0,198375955224037 2,38708639144897
KneeLeft -0,00224306457675993 -0,280211329460144 2,47170186042786
AnkleLeft 0,0207239966839552 -0,649032354354858 2,47041010856628
FootLeft 0,0523465797305107 -0,683095753192902 2,40023231506348
HipRight 0,17423689365387 0,197094589471817 2,47059273719788
KneeRight 0,201133027672768 -0,282278656959534 2,48738169670105
AnkleRight 0,187164425849915 -0,655612528324127 2,49381947517395
FootRight 0,218787014484406 -0,68967592716217 2,42364168167114

