HipCenter 0,117552623152733 0,248649135231972 2,44089388847351
Spine 0,0935038030147552 0,311055362224579 2,49520230293274
ShoulderCenter 0,105034589767456 0,681547880172729 2,51324510574341
Head 0,104582726955414 0,849600553512573 2,50069904327393
ShoulderLeft -0,00129795633256435 0,545983672142029 2,41937136650085
ElbowLeft -0,0875602439045906 0,570767402648926 2,15191531181335
WristLeft -0,0773369967937469 0,601213574409485 1,89100086688995
HandLeft -0,0830475836992264 0,600405693054199 1,89013671875
ShoulderRight 0,216574177145958 0,666627466678619 2,54952144622803
ElbowRight 0,292366296052933 0,368868291378021 2,49815225601196
WristRight 0,312569588422775 0,083740621805191 2,41059446334839
HandRight 0,317825704813004 0,0124406768009067 2,38121056556702
HipLeft 0,0665163993835449 0,187187820672989 2,39447808265686
KneeLeft -0,00192812085151672 -0,277879267930985 2,47023749351501
AnkleLeft 0,0205718800425529 -0,648016333580017 2,46917653083801
FootLeft 0,0533418133854866 -0,682030916213989 2,39961123466492
HipRight 0,174543097615242 0,183063194155693 2,46295380592346
KneeRight 0,201838865876198 -0,284893095493317 2,48929595947266
AnkleRight 0,18781079351902 -0,658413171768188 2,49466276168823
FootRight 0,220580726861954 -0,692427754402161 2,42509746551514

