HipCenter 0,11968469619751 0,226409763097763 2,43619632720947
Spine 0,0987857803702354 0,293129771947861 2,49294543266296
ShoulderCenter 0,106648229062557 0,683268785476685 2,5140643119812
Head 0,107991829514503 0,849291205406189 2,49870562553406
ShoulderLeft -0,012301909737289 0,526910006999969 2,41644978523254
ElbowLeft -0,117885321378708 0,474479019641876 2,19498538970947
WristLeft -0,107136204838753 0,330751597881317 1,96157824993134
HandLeft -0,100131213665009 0,328634411096573 1,95505917072296
ShoulderRight 0,243815287947655 0,567749381065369 2,52888536453247
ElbowRight 0,301871716976166 0,267758280038834 2,46665215492249
WristRight 0,317328900098801 0,046782597899437 2,40174245834351
HandRight 0,319583505392075 0,0179507154971361 2,38617253303528
HipLeft 0,0643951743841171 0,163301423192024 2,39652895927429
KneeLeft 0,00269967736676335 -0,292624205350876 2,47401213645935
AnkleLeft 0,0210143681615591 -0,653178989887238 2,46654295921326
FootLeft 0,0493835210800171 -0,687095522880554 2,3950526714325
HipRight 0,17771977186203 0,16345126926899 2,45127964019775
KneeRight 0,204823836684227 -0,294765830039978 2,49301719665527
AnkleRight 0,187511876225471 -0,658125638961792 2,49516558647156
FootRight 0,215881034731865 -0,692042171955109 2,4236752986908

