HipCenter 0,182793289422989 -0,205231815576553 2,71649599075317
Spine 0,14037549495697 -0,136102735996246 2,71603274345398
ShoulderCenter -0,157385870814323 0,145392447710037 2,66171526908875
Head -0,292563110589981 0,301988333463669 2,68604588508606
ShoulderLeft -0,226966217160225 0,168592810630798 2,91232490539551
ElbowLeft -0,0856874734163284 0,0649899989366531 2,68117523193359
WristLeft -0,106664650142193 0,277594417333603 2,67208909988403
HandLeft -0,113657042384148 0,348462581634521 2,67328906059265
ShoulderRight 0,0615570545196533 0,137847274541855 2,61889743804932
ElbowRight -0,203962922096252 0,155188024044037 2,54470109939575
WristRight -0,392368763685226 0,220852553844452 2,54611492156982
HandRight -0,450626701116562 0,234646007418633 2,57161259651184
HipLeft 0,193427547812462 -0,272351533174515 2,73818063735962
KneeLeft 0,221792921423912 -0,735928893089294 2,76921725273132
AnkleLeft 0,15066733956337 -0,871656060218811 2,72803711891174
FootLeft 0,113926842808723 -0,929129540920258 2,69513392448425
HipRight 0,267428815364838 -0,234472304582596 2,70405673980713
KneeRight 0,469135463237762 -0,649160861968994 2,60445499420166
AnkleRight 0,574765801429749 -0,899253606796265 2,59186720848084
FootRight 0,517069578170776 -0,920038223266602 2,57229208946228

