HipCenter 0,214117422699928 -0,103659778833389 2,68908476829529
Spine 0,206775188446045 -0,0294810980558395 2,6916561126709
ShoulderCenter 0,0577615313231945 0,320294439792633 2,66144371032715
Head -0,0492540113627911 0,555883526802063 2,69811606407166
ShoulderLeft -0,0726563408970833 0,291706681251526 2,88586139678955
ElbowLeft -0,17656597495079 0,296255886554718 2,60854434967041
WristLeft -0,173623368144035 0,313897043466568 2,39488863945007
HandLeft -0,17264249920845 0,319777429103851 2,32791948318481
ShoulderRight 0,0818216651678085 0,329037606716156 2,5808310508728
ElbowRight -0,130994200706482 0,305475294589996 2,51497888565063
WristRight -0,34385347366333 0,293367683887482 2,50793552398682
HandRight -0,363256961107254 0,350360751152039 2,48302888870239
HipLeft 0,205475762486458 -0,14414519071579 2,68794631958008
KneeLeft 0,222788095474243 -0,619693160057068 2,75772309303284
AnkleLeft 0,136841624975204 -0,873631775379181 2,71489310264587
FootLeft 0,0833578184247017 -0,917441129684448 2,6839451789856
HipRight 0,257716655731201 -0,13597908616066 2,6718270778656
KneeRight 0,41142138838768 -0,590981781482697 2,60902237892151
AnkleRight 0,550820231437683 -0,842453122138977 2,5869767665863
FootRight 0,515715539455414 -0,919590771198273 2,57252764701843

