HipCenter 0,25667142868042 -0,0146040469408035 2,65745759010315
Spine 0,260545551776886 0,0768605172634125 2,66417098045349
ShoulderCenter 0,165373533964157 0,514844655990601 2,6656322479248
Head 0,0738615170121193 0,676762819290161 2,64719271659851
ShoulderLeft 0,0503338947892189 0,479198008775711 2,9050464630127
ElbowLeft -0,00762380938977003 0,260787338018417 2,84978699684143
WristLeft -0,0792774930596352 0,27719721198082 2,5740180015564
HandLeft -0,179947540163994 0,264866292476654 2,46371865272522
ShoulderRight 0,213931933045387 0,360947519540787 2,55382633209229
ElbowRight -0,0408163517713547 0,275494992733002 2,4803569316864
WristRight -0,228368148207664 0,214680761098862 2,51038789749146
HandRight -0,290885418653488 0,194409355521202 2,52468514442444
HipLeft 0,221809148788452 -0,0660427957773209 2,67783761024475
KneeLeft 0,24390535056591 -0,539581716060638 2,73363995552063
AnkleLeft 0,145826444029808 -0,870129644870758 2,71975302696228
FootLeft 0,0848197266459465 -0,907226145267487 2,69288015365601
HipRight 0,307407259941101 -0,0569137670099735 2,63217568397522
KneeRight 0,42215296626091 -0,535789430141449 2,58694434165955
AnkleRight 0,55580472946167 -0,848060309886932 2,58776879310608
FootRight 0,51483017206192 -0,922217786312103 2,5754234790802

