HipCenter 0,215044170618057 -0,0222542509436607 2,66347980499268
Spine 0,228872567415237 0,0695786103606224 2,66492819786072
ShoulderCenter 0,187667712569237 0,514636754989624 2,63796591758728
Head 0,157601878046989 0,708344876766205 2,65929770469666
ShoulderLeft 0,072628065943718 0,478990167379379 2,87738060951233
ElbowLeft -0,0278678759932518 0,350089251995087 2,63169884681702
WristLeft -0,179414033889771 0,24468120932579 2,45108294487
HandLeft -0,252655506134033 0,226068675518036 2,44142317771912
ShoulderRight 0,225336626172066 0,361570328474045 2,56192898750305
ElbowRight -0,0173679012805223 0,289714246988297 2,48250555992126
WristRight -0,204208269715309 0,213738903403282 2,49029612541199
HandRight -0,266488403081894 0,188413798809052 2,49720144271851
HipLeft 0,168540835380554 -0,0689810067415237 2,69247627258301
KneeLeft 0,239165544509888 -0,540479302406311 2,73757147789001
AnkleLeft 0,166382074356079 -0,845134496688843 2,72174048423767
FootLeft 0,104455046355724 -0,879385352134705 2,69139170646667
HipRight 0,268029600381851 -0,0746478885412216 2,64025735855103
KneeRight 0,427033752202988 -0,553734004497528 2,58533549308777
AnkleRight 0,551908254623413 -0,842825949192047 2,58651256561279
FootRight 0,516095280647278 -0,920553267002106 2,57239127159119

