HipCenter 0,217011004686356 0,0348718874156475 2,17801284790039
Spine 0,175070717930794 0,0871671363711357 2,17454934120178
ShoulderCenter -0,0706400200724602 0,322907209396362 2,16453671455383
Head -0,196458667516708 0,503315448760986 2,21133160591125
ShoulderLeft -0,200742691755295 0,330084621906281 2,32453060150146
ElbowLeft -0,362787127494812 0,36170282959938 2,42315649986267
WristLeft -0,359641700983047 0,416236966848373 2,17087626457214
HandLeft -0,407355606555939 0,465363740921021 2,0301251411438
ShoulderRight 0,091491736471653 0,338858157396317 2,13090634346008
ElbowRight 0,182463616132736 0,182750359177589 2,08959341049194
WristRight -0,0379336476325989 0,289289921522141 2,05982160568237
HandRight -0,0887823849916458 0,324753761291504 2,0549259185791
HipLeft 0,207439228892326 -0,0935718938708305 2,22893047332764
KneeLeft 0,333457589149475 -0,489959686994553 2,11508345603943
AnkleLeft 0,219782158732414 -0,718468308448792 2,10470533370972
FootLeft 0,188157021999359 -0,726224720478058 2,20222449302673
HipRight 0,325938433408737 0,0507328547537327 2,13228416442871
KneeRight 0,299555093050003 -0,200619459152222 2,14577054977417
AnkleRight 0,27045813202858 -0,672389447689056 2,11288571357727
FootRight 0,179976463317871 -0,719547033309937 2,10025596618652

