HipCenter 0,0568024069070816 0,297020465135574 2,20825123786926
Spine 0,0591097250580788 0,382416486740112 2,2120041847229
ShoulderCenter 0,0507070794701576 0,810316681861877 2,23249673843384
Head -0,0748130157589912 0,916735410690308 2,26748490333557
ShoulderLeft -0,0793955698609352 0,817493915557861 2,39249038696289
ElbowLeft -0,134501054883003 0,583706498146057 2,42036581039429
WristLeft -0,335563570261002 0,512699782848358 2,38916707038879
HandLeft -0,394786834716797 0,493557155132294 2,38338541984558
ShoulderRight 0,119640178978443 0,610250532627106 2,09446334838867
ElbowRight -0,118627183139324 0,555076777935028 2,04158759117126
WristRight -0,31250661611557 0,516275584697723 2,05599117279053
HandRight -0,374818742275238 0,509946763515472 2,06431102752686
HipLeft 4,01459983550012E-05 0,222257643938065 2,2282977104187
KneeLeft 0,257538080215454 -0,284214168787003 2,33628463745117
AnkleLeft 0,18170827627182 -0,657320976257324 2,37808704376221
FootLeft 0,116645842790604 -0,695581197738647 2,33290505409241
HipRight 0,114929050207138 0,241651296615601 2,17792320251465
KneeRight 0,176118597388268 -0,270421653985977 2,14346814155579
AnkleRight 0,237088024616241 -0,652187943458557 2,11114072799683
FootRight 0,165170609951019 -0,721567809581757 2,09538269042969

