HipCenter 0,242000386118889 0,0561269111931324 2,17195796966553
Spine 0,185359388589859 0,0979095101356506 2,16928124427795
ShoulderCenter -0,071963369846344 0,325027406215668 2,1609148979187
Head -0,216328322887421 0,49881786108017 2,20446872711182
ShoulderLeft -0,202066019177437 0,332204818725586 2,32090878486633
ElbowLeft -0,36411052942276 0,363822996616364 2,4195339679718
WristLeft -0,331424355506897 0,435793429613113 2,17469549179077
HandLeft -0,359699189662933 0,500795722007751 2,01878666877747
ShoulderRight 0,109005488455296 0,338613927364349 2,12821125984192
ElbowRight 0,20392507314682 0,184960171580315 2,09072661399841
WristRight -0,0179724842309952 0,287132203578949 2,06074047088623
HandRight -0,0708059519529343 0,319631993770599 2,05862402915955
HipLeft 0,256477504968643 -0,0441246628761292 2,20916342735291
KneeLeft 0,314075946807861 -0,461190611124039 2,12631583213806
AnkleLeft 0,168439343571663 -0,730226278305054 2,08986234664917
FootLeft 0,135364070534706 -0,792898535728455 2,03525996208191
HipRight 0,350916534662247 0,054143238812685 2,1352264881134
KneeRight 0,296147555112839 -0,368748217821121 2,13928270339966
AnkleRight 0,268296331167221 -0,668375253677368 2,11356711387634
FootRight 0,179337799549103 -0,718205392360687 2,09987115859985

