HipCenter 0,223770260810852 0,0311772432178259 2,17978858947754
Spine 0,171899765729904 0,0762118399143219 2,17554402351379
ShoulderCenter -0,0698911920189857 0,318472594022751 2,16452741622925
Head -0,199227064847946 0,502148866653442 2,21125602722168
ShoulderLeft -0,199993833899498 0,325649917125702 2,32452130317688
ElbowLeft -0,362038314342499 0,357268124818802 2,42314434051514
WristLeft -0,370471000671387 0,421138882637024 2,17415690422058
HandLeft -0,479927450418472 0,474595099687576 2,01590585708618
ShoulderRight 0,172534674406052 0,31223851442337 2,12907648086548
ElbowRight 0,199312061071396 0,13455294072628 2,08382630348206
WristRight -0,0147846788167953 0,251816719770432 2,05599284172058
HandRight -0,0678179636597633 0,283954679965973 2,05431818962097
HipLeft 0,233668014407158 -0,0802470818161964 2,21784114837646
KneeLeft 0,324007302522659 -0,487076342105865 2,11772537231445
AnkleLeft 0,165499895811081 -0,731580793857574 2,09373188018799
FootLeft 0,133320271968842 -0,790772199630737 2,0347592830658
HipRight 0,356573700904846 0,0317792072892189 2,13991045951843
KneeRight 0,279134392738342 -0,383599936962128 2,26982522010803
AnkleRight 0,27139738202095 -0,669817507266998 2,11610317230225
FootRight 0,1817257553339 -0,718162655830383 2,1011323928833

