HipCenter 0,213478356599808 0,0618090182542801 2,174968957901
Spine 0,167617112398148 0,106945239007473 2,17295908927917
ShoulderCenter -0,0704718306660652 0,337801158428192 2,16845679283142
Head -0,187757760286331 0,52820611000061 2,21127247810364
ShoulderLeft -0,200574487447739 0,344978511333466 2,32845044136047
ElbowLeft -0,317377090454102 0,432884782552719 2,14847135543823
WristLeft -0,401208579540253 0,509432554244995 1,99483478069305
HandLeft -0,462048053741455 0,513782739639282 2,00625014305115
ShoulderRight 0,0815092697739601 0,368065059185028 2,12379121780396
ElbowRight 0,176477640867233 0,214534744620323 2,09073972702026
WristRight -0,0443333983421326 0,317595779895782 2,05827021598816
HandRight -0,0894728749990463 0,360079556703568 2,05540084838867
HipLeft 0,211044982075691 -0,0527392700314522 2,21199607849121
KneeLeft 0,319763123989105 -0,456928282976151 2,12494850158691
AnkleLeft 0,173361718654633 -0,70832884311676 2,09371662139893
FootLeft 0,15755507349968 -0,719212353229523 2,19496774673462
HipRight 0,316153079271317 0,0853122398257256 2,13363790512085
KneeRight 0,296564012765884 -0,338787972927094 2,14095234870911
AnkleRight 0,271782577037811 -0,673389554023743 2,11389183998108
FootRight 0,180684059858322 -0,719802379608154 2,1009693145752

