HipCenter 0,213489502668381 0,0617108233273029 2,17496991157532
Spine 0,167959690093994 0,107351027429104 2,17339181900024
ShoulderCenter -0,0687795132398605 0,342781037092209 2,16978192329407
Head -0,184551998972893 0,532553791999817 2,21153903007507
ShoulderLeft -0,198882147669792 0,34995836019516 2,32977557182312
ElbowLeft -0,317610800266266 0,43531796336174 2,14985823631287
WristLeft -0,402546584606171 0,508965253829956 1,9953545331955
HandLeft -0,463472872972488 0,517423808574677 2,00349926948547
ShoulderRight 0,0827315002679825 0,368096351623535 2,12379384040833
ElbowRight 0,169645130634308 0,210472732782364 2,08260107040405
WristRight -0,0501746982336044 0,316127598285675 2,05331635475159
HandRight -0,0955107882618904 0,358428031206131 2,05103325843811
HipLeft 0,211170434951782 -0,0533344447612762 2,21206450462341
KneeLeft 0,320118308067322 -0,457354754209518 2,12466526031494
AnkleLeft 0,17338639497757 -0,706455230712891 2,09375143051147
FootLeft 0,157551929354668 -0,717958569526672 2,19492959976196
HipRight 0,315271496772766 0,0832996666431427 2,13365626335144
KneeRight 0,296206176280975 -0,340789139270782 2,1408679485321
AnkleRight 0,272021412849426 -0,673692643642426 2,11424398422241
FootRight 0,180833548307419 -0,719848573207855 2,10103464126587

