HipCenter 0,089478574693203 0,240279614925385 2,19244742393494
Spine 0,0755733102560043 0,315883785486221 2,19693088531494
ShoulderCenter -0,0213468540459871 0,701122045516968 2,22329568862915
Head -0,101650416851044 0,845345258712769 2,26496362686157
ShoulderLeft -0,151449501514435 0,708299338817596 2,3832893371582
ElbowLeft -0,200499624013901 0,544670164585114 2,42095065116882
WristLeft -0,379650592803955 0,521629810333252 2,38412857055664
HandLeft -0,438852220773697 0,502332925796509 2,3782811164856
ShoulderRight 0,0818077176809311 0,591169476509094 2,09411239624023
ElbowRight -0,162603288888931 0,573499977588654 2,04192614555359
WristRight -0,340217053890228 0,536681532859802 2,04581713676453
HandRight -0,402255028486252 0,533751249313354 2,05317234992981
HipLeft 0,0551245510578156 0,149342402815819 2,22752237319946
KneeLeft 0,285323739051819 -0,355965316295624 2,33758902549744
AnkleLeft 0,189483940601349 -0,701992154121399 2,38030791282654
FootLeft 0,130697220563889 -0,741044461727142 2,40590500831604
HipRight 0,153177231550217 0,211116760969162 2,14493656158447
KneeRight 0,20539864897728 -0,273774445056915 2,13600063323975
AnkleRight 0,242957830429077 -0,659839034080505 2,10877466201782
FootRight 0,169524729251862 -0,728155553340912 2,0952091217041

