HipCenter 0,258332908153534 0,14248389005661 2,16381645202637
Spine 0,213221743702888 0,196434304118156 2,16250443458557
ShoulderCenter -0,0327411442995071 0,44578492641449 2,15238189697266
Head -0,157262206077576 0,619382321834564 2,19587635993958
ShoulderLeft -0,1628437936306 0,452962219715118 2,31237578392029
ElbowLeft -0,324716448783875 0,484018087387085 2,41096758842468
WristLeft -0,352217972278595 0,499839961528778 2,15358018875122
HandLeft -0,420961737632751 0,537905693054199 2,03867030143738
ShoulderRight 0,108065389096737 0,42132979631424 2,12243723869324
ElbowRight -0,0666954293847084 0,451679259538651 2,05557560920715
WristRight -0,304894953966141 0,514309763908386 2,03637385368347
HandRight -0,361361056566238 0,540424168109894 2,04032778739929
HipLeft 0,265021860599518 0,0452008061110973 2,19681477546692
KneeLeft 0,286845326423645 -0,466510772705078 2,13192629814148
AnkleLeft 0,214488133788109 -0,642046988010406 2,37700915336609
FootLeft 0,147696256637573 -0,713218450546265 2,40562224388123
HipRight 0,341057687997818 0,142334580421448 2,13080883026123
KneeRight 0,289936751127243 -0,310661852359772 2,13763117790222
AnkleRight 0,260219514369965 -0,682425796985626 2,10825657844543
FootRight 0,169322803616524 -0,727144002914429 2,09912919998169

