HipCenter 0,210270375013351 0,094819150865078 2,17108035087585
Spine 0,168424919247627 0,153928846120834 2,16719937324524
ShoulderCenter -0,0638648271560669 0,435126185417175 2,14789390563965
Head -0,174595087766647 0,601582050323486 2,19648337364197
ShoulderLeft -0,193967461585999 0,442303538322449 2,3078875541687
ElbowLeft -0,356017827987671 0,473905324935913 2,40651869773865
WristLeft -0,364944964647293 0,505087494850159 2,14935636520386
HandLeft -0,428395301103592 0,532911837100983 2,03148794174194
ShoulderRight 0,106279507279396 0,401217639446259 2,12452268600464
ElbowRight -0,0687619596719742 0,431638121604919 2,05936932563782
WristRight -0,305636346340179 0,498387575149536 2,03797650337219
HandRight -0,356544017791748 0,534045219421387 2,04301595687866
HipLeft 0,202472656965256 -0,0223631896078587 2,20810055732727
KneeLeft 0,26792585849762 -0,575995624065399 2,13007354736328
AnkleLeft 0,215328246355057 -0,643464684486389 2,3787362575531
FootLeft 0,148521840572357 -0,71379554271698 2,40965747833252
HipRight 0,304802775382996 0,102652527391911 2,13811230659485
KneeRight 0,291183233261108 -0,327688634395599 2,13827300071716
AnkleRight 0,263163417577744 -0,678354203701019 2,10902571678162
FootRight 0,173058718442917 -0,724614441394806 2,09869241714478

