HipCenter 0,308601140975952 0,219911396503448 2,06837129592896
Spine 0,299776047468185 0,283466458320618 2,12165546417236
ShoulderCenter 0,313701450824738 0,641140222549438 2,11336445808411
Head 0,309196680784225 0,828375995159149 2,06218862533569
ShoulderLeft 0,157213419675827 0,491928279399872 2,04314923286438
ElbowLeft 0,0937291234731674 0,310728669166565 2,06844854354858
WristLeft 0,205250009894371 0,340179175138474 1,91045677661896
HandLeft 0,248643293976784 0,375532388687134 1,89480316638947
ShoulderRight 0,470934629440308 0,521575510501862 2,10952877998352
ElbowRight 0,503623783588409 0,273914873600006 2,06958198547363
WristRight 0,498124927282333 0,0648301541805267 2,0028760433197
HandRight 0,487897217273712 0,00175955018494278 1,98375153541565
HipLeft 0,23723241686821 0,148717597126961 2,04130935668945
KneeLeft 0,212009996175766 -0,283148318529129 2,12111926078796
AnkleLeft 0,230657160282135 -0,651251912117004 2,13178539276123
FootLeft 0,244724318385124 -0,683965384960175 2,06032109260559
HipRight 0,378055781126022 0,146697729825974 2,07521319389343
KneeRight 0,397725731134415 -0,29360356926918 2,12461948394775
AnkleRight 0,377133250236511 -0,664105594158173 2,14310956001282
FootRight 0,384732931852341 -0,735779285430908 2,11922883987427

