HipCenter 0,307993352413177 0,215340793132782 2,07743883132935
Spine 0,30058541893959 0,279703438282013 2,13149452209473
ShoulderCenter 0,314289093017578 0,64196252822876 2,12403535842896
Head 0,303181260824203 0,832834899425507 2,08201026916504
ShoulderLeft 0,158566862344742 0,483476340770721 2,05207490921021
ElbowLeft 0,0556310042738914 0,327656626701355 2,05499935150146
WristLeft -0,102728709578514 0,328496038913727 1,9073657989502
HandLeft -0,137023478746414 0,394836902618408 1,88591575622559
ShoulderRight 0,464413404464722 0,517232179641724 2,10971283912659
ElbowRight 0,50290846824646 0,271662086248398 2,07130432128906
WristRight 0,495941370725632 0,0641819760203362 2,00207781791687
HandRight 0,486488044261932 0,00281353294849396 1,98320186138153
HipLeft 0,237872287631035 0,146265134215355 2,05440163612366
KneeLeft 0,212743625044823 -0,286139518022537 2,12416982650757
AnkleLeft 0,231536403298378 -0,652253687381744 2,13556790351868
FootLeft 0,243879228830338 -0,685029625892639 2,06351757049561
HipRight 0,376054435968399 0,145371869206429 2,08059573173523
KneeRight 0,396962672472 -0,294484257698059 2,12725687026978
AnkleRight 0,377432286739349 -0,663033306598663 2,14308190345764
FootRight 0,380151629447937 -0,734570562839508 2,11487746238709

