HipCenter -0,078018881380558 0,0904483124613762 2,52091026306152
Spine -0,0781082883477211 0,141923204064369 2,57775640487671
ShoulderCenter -0,079811304807663 0,456457257270813 2,57545447349548
Head -0,071427084505558 0,638219475746155 2,56595492362976
ShoulderLeft -0,245977953076363 0,424584746360779 2,60016012191772
ElbowLeft -0,34671539068222 0,622203469276428 2,55643177032471
WristLeft -0,33645835518837 0,853273510932922 2,5850555896759
HandLeft -0,334837317466736 0,908445298671722 2,60141158103943
ShoulderRight 0,0907053351402283 0,419413268566132 2,59792256355286
ElbowRight 0,187612161040306 0,618726193904877 2,5895528793335
WristRight 0,164848163723946 0,893528819084167 2,6732451915741
HandRight 0,149314045906067 0,943115472793579 2,69802284240723
HipLeft -0,148486062884331 0,0172554422169924 2,50621271133423
KneeLeft -0,243008121848106 -0,49610510468483 2,52238297462463
AnkleLeft -0,327741891145706 -0,834598064422607 2,51239085197449
FootLeft -0,35677382349968 -0,905224561691284 2,43861889839172
HipRight -0,00686710234731436 0,0149653982371092 2,50740432739258
KneeRight 0,0722060203552246 -0,490839093923569 2,52673268318176
AnkleRight 0,148860067129135 -0,83147519826889 2,52074980735779
FootRight 0,182306200265884 -0,905024766921997 2,4580659866333

