HipCenter -0,0754026547074318 0,00233582104556262 2,53355932235718
Spine -0,0775037333369255 0,064480297267437 2,59798336029053
ShoulderCenter -0,0821434035897255 0,455456554889679 2,63784694671631
Head -0,0760691836476326 0,642121553421021 2,63905096054077
ShoulderLeft -0,232286781072617 0,327728539705276 2,54485058784485
ElbowLeft -0,329276382923126 0,205137431621552 2,36109495162964
WristLeft -0,294576972723007 0,0565669536590576 2,18703365325928
HandLeft -0,291689842939377 0,042364988476038 2,12516450881958
ShoulderRight 0,0708197578787804 0,321661114692688 2,54792380332947
ElbowRight 0,190413951873779 0,19866281747818 2,38103365898132
WristRight 0,15957099199295 0,0754817649722099 2,18601894378662
HandRight 0,14007231593132 0,0439589321613312 2,13257694244385
HipLeft -0,141577005386353 -0,0636322200298309 2,5140528678894
KneeLeft -0,250482439994812 -0,521485686302185 2,53055191040039
AnkleLeft -0,328941345214844 -0,8347128033638 2,50896596908569
FootLeft -0,357548713684082 -0,909233689308167 2,43174123764038
HipRight -0,00743359047919512 -0,0595315881073475 2,51909589767456
KneeRight 0,0763965174555779 -0,501167058944702 2,53128671646118
AnkleRight 0,149732798337936 -0,833730459213257 2,51962995529175
FootRight 0,181047797203064 -0,904673933982849 2,46303009986877

