HipCenter -0,0770941153168678 0,00476441998034716 2,51319551467896
Spine -0,0794055759906769 0,0638860017061234 2,57763242721558
ShoulderCenter -0,0845745652914047 0,441402912139893 2,61963081359863
Head -0,0814257338643074 0,631436228752136 2,59751439094543
ShoulderLeft -0,242493644356728 0,316586434841156 2,54787015914917
ElbowLeft -0,28255358338356 0,0725460276007652 2,46460127830505
WristLeft -0,297052353620529 -0,079155258834362 2,28577613830566
HandLeft -0,281141608953476 -0,142006903886795 2,243980884552
ShoulderRight 0,0752614289522171 0,30726483464241 2,55274772644043
ElbowRight 0,129393145442009 0,0576264597475529 2,47672939300537
WristRight 0,165388360619545 -0,109613299369812 2,31737232208252
HandRight 0,154470518231392 -0,178571105003357 2,28457069396973
HipLeft -0,147504329681396 -0,0660440698266029 2,49216413497925
KneeLeft -0,248890936374664 -0,531061172485352 2,52352952957153
AnkleLeft -0,329237192869186 -0,843143820762634 2,50923323631287
FootLeft -0,356498092412949 -0,905211627483368 2,43478155136108
HipRight -0,00458625145256519 -0,0623491480946541 2,49672842025757
KneeRight 0,069580078125 -0,494773805141449 2,5275776386261
AnkleRight 0,146113753318787 -0,831260859966278 2,52395105361938
FootRight 0,1781045794487 -0,903947114944458 2,46312713623047

