HipCenter -0,0867518335580826 0,0103429593145847 2,1177179813385
Spine -0,0965093299746513 0,0738720819354057 2,18607020378113
ShoulderCenter -0,101943790912628 0,478086203336716 2,23139381408691
Head -0,0993566289544106 0,664207994937897 2,20595407485962
ShoulderLeft -0,25121608376503 0,340247064828873 2,15332937240601
ElbowLeft -0,332661420106888 0,12580931186676 2,11764907836914
WristLeft -0,409649968147278 0,199854642152786 1,91091966629028
HandLeft -0,445025861263275 0,225012347102165 1,84980595111847
ShoulderRight 0,0565196350216866 0,348434150218964 2,19505047798157
ElbowRight 0,121367231011391 0,0842082351446152 2,16895318031311
WristRight 0,133006855845451 -0,121091082692146 2,09277296066284
HandRight 0,134578689932823 -0,18390828371048 2,08125567436218
HipLeft -0,157390847802162 -0,0582755655050278 2,0862557888031
KneeLeft -0,200904086232185 -0,464284390211105 2,14873790740967
AnkleLeft -0,223569735884666 -0,78325879573822 2,16645836830139
FootLeft -0,242214635014534 -0,841147899627686 2,14324474334717
HipRight -0,011481024324894 -0,0572954826056957 2,11226630210876
KneeRight 0,0157796870917082 -0,4713294506073 2,16821694374084
AnkleRight 0,0549338646233082 -0,784441232681274 2,19242310523987
FootRight 0,0728683099150658 -0,851774156093597 2,1627049446106

