HipCenter -0,0877648442983627 0,0151522839441895 2,11784934997559
Spine -0,0988014042377472 0,077583521604538 2,18621158599854
ShoulderCenter -0,109250858426094 0,47869348526001 2,23145771026611
Head -0,103914827108383 0,666407108306885 2,21264743804932
ShoulderLeft -0,257484138011932 0,335361540317535 2,14486312866211
ElbowLeft -0,337259352207184 0,117062240839005 2,10888957977295
WristLeft -0,194524809718132 0,174846768379211 1,91853976249695
HandLeft -0,124559514224529 0,192574292421341 1,87455105781555
ShoulderRight 0,0514852479100227 0,351166874170303 2,19352650642395
ElbowRight 0,120149962604046 0,084932915866375 2,16495680809021
WristRight 0,133581280708313 -0,12073390930891 2,09143447875977
HandRight 0,135390371084213 -0,184621095657349 2,07830095291138
HipLeft -0,156193912029266 -0,0528291575610638 2,08664798736572
KneeLeft -0,199495866894722 -0,469004809856415 2,14923930168152
AnkleLeft -0,222525641322136 -0,784969508647919 2,16687059402466
FootLeft -0,242140859365463 -0,842549562454224 2,142822265625
HipRight -0,0129293473437428 -0,052277036011219 2,11059355735779
KneeRight 0,0175581593066454 -0,472235530614853 2,16873002052307
AnkleRight 0,0551149249076843 -0,784295916557312 2,19259095191956
FootRight 0,0725265070796013 -0,850230872631073 2,16371750831604

