HipCenter 0,0207099616527557 0,197882428765297 2,05052042007446
Spine 0,00413691345602274 0,262614458799362 2,10362482070923
ShoulderCenter 0,00671175075694919 0,630122482776642 2,09905862808228
Head -0,00218131812289357 0,82382595539093 2,05175280570984
ShoulderLeft -0,130447551608086 0,465965926647186 2,00250434875488
ElbowLeft -0,200567573308945 0,257933467626572 2,1061429977417
WristLeft -0,34718656539917 0,292825669050217 1,85492408275604
HandLeft -0,390499621629715 0,358115792274475 1,79825162887573
ShoulderRight 0,15781344473362 0,522748291492462 2,09759473800659
ElbowRight 0,209409147500992 0,24631267786026 2,06123900413513
WristRight 0,225947260856628 0,042910024523735 2,00754690170288
HandRight 0,215069174766541 -0,019134346395731 1,98861908912659
HipLeft -0,0438331961631775 0,127859756350517 2,0244402885437
KneeLeft -0,0873282104730606 -0,274365961551666 2,09670305252075
AnkleLeft -0,0712883770465851 -0,652010083198547 2,108806848526
FootLeft -0,0486840903759003 -0,688204169273376 2,03173112869263
HipRight 0,0891941711306572 0,13285805284977 2,05770826339722
KneeRight 0,122672386467457 -0,293437063694 2,09469556808472
AnkleRight 0,114869654178619 -0,649580478668213 2,10446691513062
FootRight 0,113095074892044 -0,736638963222504 2,07180881500244

