HipCenter 0,0200727023184299 0,198153555393219 2,05075240135193
Spine 0,0034922743216157 0,262790739536285 2,10388875007629
ShoulderCenter 0,00625970494002104 0,630109190940857 2,09964370727539
Head -0,00328586995601654 0,8242506980896 2,05338501930237
ShoulderLeft -0,131449267268181 0,466808766126633 2,00309777259827
ElbowLeft -0,241852164268494 0,29221248626709 2,00066328048706
WristLeft -0,371768981218338 0,297962874174118 1,81477642059326
HandLeft -0,39126443862915 0,358017414808273 1,7975035905838
ShoulderRight 0,157266929745674 0,522471249103546 2,09848570823669
ElbowRight 0,208299070596695 0,245918601751328 2,0615701675415
WristRight 0,22543203830719 0,0423554927110672 2,00883197784424
HandRight 0,214054480195045 -0,019281879067421 1,98905372619629
HipLeft -0,0444404520094395 0,128226652741432 2,02431488037109
KneeLeft -0,0877540335059166 -0,274515688419342 2,0966157913208
AnkleLeft -0,0713726952672005 -0,651933908462524 2,10883903503418
FootLeft -0,0486959405243397 -0,688118457794189 2,0317759513855
HipRight 0,088507853448391 0,132939577102661 2,05810284614563
KneeRight 0,12229048460722 -0,293600380420685 2,0948224067688
AnkleRight 0,11488476395607 -0,649764835834503 2,10431170463562
FootRight 0,113152921199799 -0,736617624759674 2,07186770439148

