HipCenter 0,0114928856492043 0,197150617837906 2,05765461921692
Spine -0,00604495778679848 0,262324780225754 2,11130404472351
ShoulderCenter -0,00537570379674435 0,635319471359253 2,11110401153564
Head -0,0133367097005248 0,831927001476288 2,06918263435364
ShoulderLeft -0,14248052239418 0,465454638004303 2,01162314414978
ElbowLeft -0,242945492267609 0,274960488080978 2,16678428649902
WristLeft -0,265314608812332 0,291992515325546 1,87269949913025
HandLeft -0,285729765892029 0,377655446529388 1,71983981132507
ShoulderRight 0,144751399755478 0,521545588970184 2,10962796211243
ElbowRight 0,200488328933716 0,259229987859726 2,07966136932373
WristRight 0,213741898536682 0,0553272068500519 2,02534627914429
HandRight 0,20818030834198 -0,00627325102686882 2,00727701187134
HipLeft -0,0521106161177158 0,127085566520691 2,03050422668457
KneeLeft -0,0949887335300446 -0,280900895595551 2,0982711315155
AnkleLeft -0,0716855973005295 -0,650748372077942 2,10868787765503
FootLeft -0,048396285623312 -0,686806559562683 2,03170919418335
HipRight 0,080278292298317 0,133265823125839 2,06458377838135
KneeRight 0,114104926586151 -0,29138770699501 2,09832000732422
AnkleRight 0,114808440208435 -0,652235269546509 2,10258555412292
FootRight 0,138097748160362 -0,68829345703125 2,02560687065125

