HipCenter -0,145429000258446 0,336506336927414 2,35441565513611
Spine -0,143146380782127 0,429918766021729 2,40721487998962
ShoulderCenter -0,148906379938126 0,927509605884552 2,41129660606384
Head -0,140216797590256 0,81076854467392 2,28613471984863
ShoulderLeft -0,347973883152008 0,810302138328552 2,46635961532593
ElbowLeft -0,245931133627892 0,621334195137024 2,27906608581543
WristLeft -3,44216823577881E-05 0,520921230316162 2,220951795578
HandLeft 0,117751866579056 0,522936999797821 2,2269651889801
ShoulderRight -0,0430040881037712 0,699980318546295 2,4343593120575
ElbowRight 0,0702262967824936 0,549441814422607 2,60262393951416
WristRight 0,128700867295265 0,401905417442322 2,7105438709259
HandRight 0,148192390799522 0,352726608514786 2,75067329406738
HipLeft -0,214147061109543 0,266444236040115 2,31530499458313
KneeLeft -0,159319952130318 -0,274247497320175 2,3113808631897
AnkleLeft -0,179410144686699 -0,692320823669434 2,327152967453
FootLeft -0,0939046740531921 -0,742051005363464 2,31741762161255
HipRight -0,0763030052185059 0,254762291908264 2,37514472007751
KneeRight -0,0648434534668922 -0,279754638671875 2,59051513671875
AnkleRight -0,121679700911045 -0,628932356834412 2,58474445343018
FootRight -0,0632768124341965 -0,716693639755249 2,54201316833496

