HipCenter -0,147588863968849 0,339440941810608 2,35391783714294
Spine -0,144682854413986 0,432049691677094 2,40666246414185
ShoulderCenter -0,151011303067207 0,927322804927826 2,41030836105347
Head -0,14174097776413 0,810097992420197 2,28529238700867
ShoulderLeft -0,349251270294189 0,817632913589478 2,46899056434631
ElbowLeft -0,254851669073105 0,62596994638443 2,27992105484009
WristLeft -0,0083082914352417 0,526864588260651 2,22147750854492
HandLeft 0,108305841684341 0,529486477375031 2,22474265098572
ShoulderRight -0,0450761877000332 0,699831485748291 2,43335747718811
ElbowRight 0,0548841096460819 0,545071959495544 2,60572838783264
WristRight 0,195158496499062 0,439046680927277 2,68707609176636
HandRight 0,241916626691818 0,403704911470413 2,71835899353027
HipLeft -0,215812161564827 0,269985347986221 2,31281614303589
KneeLeft -0,160468131303787 -0,273325085639954 2,31102538108826
AnkleLeft -0,180014029145241 -0,690384328365326 2,32659220695496
FootLeft -0,0947877690196037 -0,743161261081696 2,31849360466003
HipRight -0,0787429139018059 0,255767017602921 2,37651085853577
KneeRight -0,067655511200428 -0,282524198293686 2,59119558334351
AnkleRight -0,120566196739674 -0,617389380931854 2,58349013328552
FootRight -0,0519603341817856 -0,702423930168152 2,55058526992798

