HipCenter -0,147610187530518 0,339487761259079 2,35397696495056
Spine -0,144578710198402 0,432094901800156 2,40673017501831
ShoulderCenter -0,151002198457718 0,927415251731873 2,41047048568726
Head -0,142577484250069 0,810721218585968 2,28500509262085
ShoulderLeft -0,3487888276577 0,818368434906006 2,47007012367249
ElbowLeft -0,255843490362167 0,626643896102905 2,28021860122681
WristLeft -0,00990436971187592 0,526296615600586 2,22115802764893
HandLeft 0,108230352401733 0,529504477977753 2,22476601600647
ShoulderRight -0,0450662709772587 0,699925065040588 2,43351888656616
ElbowRight 0,0550332628190517 0,545137107372284 2,60580801963806
WristRight 0,187564998865128 0,43663102388382 2,69524192810059
HandRight 0,23174224793911 0,400462329387665 2,72922134399414
HipLeft -0,215794920921326 0,270113438367844 2,31291556358337
KneeLeft -0,160629689693451 -0,272778660058975 2,31099033355713
AnkleLeft -0,180103123188019 -0,690281927585602 2,32661271095276
FootLeft -0,0947461798787117 -0,742974758148193 2,31835198402405
HipRight -0,0787922516465187 0,255775660276413 2,37656402587891
KneeRight -0,0676605999469757 -0,282156854867935 2,59076261520386
AnkleRight -0,120069317519665 -0,615341186523438 2,58250021934509
FootRight -0,0514250844717026 -0,70036119222641 2,54946947097778

