HipCenter -0,134319320321083 0,277628034353256 2,36568236351013
Spine -0,104383558034897 0,383190423250198 2,40098428726196
ShoulderCenter -0,160535052418709 0,928021371364594 2,42410063743591
Head -0,135649845004082 0,831371784210205 2,2903356552124
ShoulderLeft -0,349687576293945 0,826209902763367 2,45687174797058
ElbowLeft -0,140456318855286 0,680661857128143 2,3514518737793
WristLeft 0,0999303311109543 0,568205833435059 2,30459666252136
HandLeft 0,18676170706749 0,538493394851685 2,29721665382385
ShoulderRight -0,176367744803429 0,813195049762726 2,24176526069641
ElbowRight -0,0473625659942627 0,663393914699554 2,398521900177
WristRight 0,149223953485489 0,533593058586121 2,51352953910828
HandRight 0,299289733171463 0,507696151733398 2,28568005561829
HipLeft -0,178131684660912 0,237554863095284 2,36501550674438
KneeLeft -0,158413037657738 -0,27875804901123 2,31491708755493
AnkleLeft -0,180998504161835 -0,693971574306488 2,32790756225586
FootLeft -0,248306751251221 -0,735449612140656 2,27379274368286
HipRight -0,0868843644857407 0,239149808883667 2,35613036155701
KneeRight -0,0628204569220543 -0,29786628484726 2,58997583389282
AnkleRight -0,116908125579357 -0,632147252559662 2,57991909980774
FootRight -0,0648594200611115 -0,72508704662323 2,55176448822021

