HipCenter 0,378103017807007 0,0320973917841911 2,15918397903442
Spine 0,385582596063614 0,0917283147573471 2,22365188598633
ShoulderCenter 0,407775640487671 0,467233151197433 2,25175857543945
Head 0,389197289943695 0,655299544334412 2,21863532066345
ShoulderLeft 0,230862259864807 0,340521037578583 2,2164626121521
ElbowLeft 0,147967427968979 0,129264771938324 2,18178606033325
WristLeft 0,280106157064438 0,211170345544815 1,96888089179993
HandLeft 0,311085850000381 0,230303689837456 1,93997967243195
ShoulderRight 0,542193114757538 0,333115130662918 2,19962167739868
ElbowRight 0,621156811714172 0,0726483017206192 2,18573403358459
WristRight 0,633981943130493 -0,127990424633026 2,12561082839966
HandRight 0,641384661197662 -0,189843505620956 2,11719512939453
HipLeft 0,305570483207703 -0,0344874709844589 2,14565372467041
KneeLeft 0,297988027334213 -0,475505083799362 2,20776033401489
AnkleLeft 0,287988156080246 -0,785072565078735 2,23265910148621
FootLeft 0,285596907138824 -0,858863472938538 2,19643068313599
HipRight 0,441165268421173 -0,0370413921773434 2,13956809043884
KneeRight 0,456129610538483 -0,481382071971893 2,20613098144531
AnkleRight 0,472514867782593 -0,804150402545929 2,22920107841492
FootRight 0,479094684123993 -0,865034222602844 2,19675827026367

