HipCenter 0,383762359619141 0,0298421960324049 2,15280604362488
Spine 0,39007830619812 0,0893716886639595 2,21861934661865
ShoulderCenter 0,414820998907089 0,470300287008286 2,25497317314148
Head 0,403118103742599 0,659575581550598 2,23350596427917
ShoulderLeft 0,24556203186512 0,336586564779282 2,21843481063843
ElbowLeft 0,130688816308975 0,145193606615067 2,18964433670044
WristLeft -0,0957554131746292 0,143091484904289 2,09389519691467
HandLeft -0,107059851288795 0,0388051867485046 2,06230044364929
ShoulderRight 0,559997856616974 0,338299810886383 2,21081352233887
ElbowRight 0,624297797679901 0,0725470185279846 2,18394231796265
WristRight 0,63370281457901 -0,127898529171944 2,12011981010437
HandRight 0,636254072189331 -0,197115004062653 2,10597515106201
HipLeft 0,309771448373795 -0,0361640751361847 2,13377714157104
KneeLeft 0,29914003610611 -0,476411461830139 2,20539689064026
AnkleLeft 0,286519765853882 -0,786332070827484 2,23159289360046
FootLeft 0,28474634885788 -0,860136270523071 2,19685339927673
HipRight 0,448758751153946 -0,0390153117477894 2,13609933853149
KneeRight 0,460673689842224 -0,481646358966827 2,20738339424133
AnkleRight 0,472152054309845 -0,802932262420654 2,22913432121277
FootRight 0,478733450174332 -0,865103602409363 2,19963026046753

