HipCenter 0,382557332515717 0,0352930575609207 2,15263843536377
Spine 0,390282303094864 0,0938192754983902 2,21705365180969
ShoulderCenter 0,409274876117706 0,467408776283264 2,2456259727478
Head 0,392258584499359 0,65474659204483 2,20953726768494
ShoulderLeft 0,227685853838921 0,352857500314713 2,22400403022766
ElbowLeft 0,149422496557236 0,147776961326599 2,13242936134338
WristLeft 0,243077039718628 0,0625403672456741 1,92120897769928
HandLeft 0,243124470114708 0,238238722085953 1,93084228038788
ShoulderRight 0,548427700996399 0,333691000938416 2,19757533073425
ElbowRight 0,624932110309601 0,0769574120640755 2,18614649772644
WristRight 0,633806049823761 -0,123723156750202 2,12627148628235
HandRight 0,638996481895447 -0,194761961698532 2,11453199386597
HipLeft 0,308339297771454 -0,0323595218360424 2,13620209693909
KneeLeft 0,299089401960373 -0,472067505121231 2,2057797908783
AnkleLeft 0,287077039480209 -0,785123527050018 2,23234796524048
FootLeft 0,285172313451767 -0,858762502670288 2,19540500640869
HipRight 0,448148161172867 -0,0360115468502045 2,13434767723084
KneeRight 0,460410684347153 -0,483774125576019 2,20662713050842
AnkleRight 0,472133338451386 -0,804303467273712 2,22869610786438
FootRight 0,47893300652504 -0,865226209163666 2,19867491722107

