HipCenter 0,0594722144305706 0,227439403533936 1,88859343528748
Spine 0,0581486523151398 0,276810169219971 1,8822637796402
ShoulderCenter 0,0507583692669868 0,524552226066589 1,8648099899292
Head -0,0447290576994419 0,683170735836029 1,84063470363617
ShoulderLeft -0,16698431968689 0,486610472202301 1,9433286190033
ElbowLeft -0,072175957262516 0,433981984853745 1,73212492465973
WristLeft 0,164969518780708 0,333942353725433 1,79501628875732
HandLeft 0,215104833245277 0,291195303201675 1,79927170276642
ShoulderRight 0,155813321471214 0,567539572715759 1,92711877822876
ElbowRight 0,203592136502266 0,350911438465118 1,8125718832016
WristRight 0,240858942270279 0,363811075687408 2,09285950660706
HandRight 0,295287847518921 0,392235159873962 2,11711931228638
HipLeft -0,0263853240758181 0,140825629234314 1,8717166185379
KneeLeft 0,0370379686355591 -0,291857212781906 1,88928544521332
AnkleLeft -0,0118021108210087 -0,685822010040283 1,92584490776062
FootLeft 0,0804132521152496 -0,740956664085388 1,90515410900116
HipRight 0,150052294135094 0,161932423710823 1,91167998313904
KneeRight -0,0298309847712517 -0,297149986028671 2,08322310447693
AnkleRight -0,0780572518706322 -0,693562388420105 2,00628519058228
FootRight 0,014060340821743 -0,723351120948792 2,05726146697998

