HipCenter 0,0587622374296188 0,227906182408333 1,88861572742462
Spine 0,0573808699846268 0,277270346879959 1,88227117061615
ShoulderCenter 0,0496298745274544 0,525151371955872 1,8645613193512
Head -0,0446863360702991 0,683533608913422 1,8406867980957
ShoulderLeft -0,168112799525261 0,487209618091583 1,94307971000671
ElbowLeft -0,073423869907856 0,434918880462646 1,73185992240906
WristLeft 0,164356589317322 0,333280861377716 1,79495894908905
HandLeft 0,214744478464127 0,290823012590408 1,79917180538177
ShoulderRight 0,153411418199539 0,564115285873413 1,92475414276123
ElbowRight 0,204118132591248 0,341553837060928 1,8138667345047
WristRight 0,24136808514595 0,35444763302803 2,09403491020203
HandRight 0,295799195766449 0,38287290930748 2,1182963848114
HipLeft -0,0275070611387491 0,141355350613594 1,87122249603271
KneeLeft 0,0363832116127014 -0,291231989860535 1,88923525810242
AnkleLeft -0,0114967133849859 -0,685770094394684 1,92568719387054
FootLeft 0,0806379988789558 -0,741021633148193 1,90488684177399
HipRight 0,149512276053429 0,162256136536598 1,91223430633545
KneeRight -0,030419709160924 -0,296394407749176 2,08343076705933
AnkleRight -0,0816227197647095 -0,7049480676651 2,01513934135437
FootRight 0,01343984156847 -0,730483531951904 2,06294345855713

