HipCenter 0,0579724088311195 0,229007408022881 1,88846933841705
Spine 0,0565311722457409 0,278240531682968 1,88211417198181
ShoulderCenter 0,0486393794417381 0,525398075580597 1,8643513917923
Head -0,044669508934021 0,683749198913574 1,8407096862793
ShoulderLeft -0,169103279709816 0,487456291913986 1,94286966323853
ElbowLeft -0,0747333988547325 0,435492336750031 1,7314670085907
WristLeft 0,163593217730522 0,334317266941071 1,79484784603119
HandLeft 0,214024513959885 0,291904270648956 1,79902315139771
ShoulderRight 0,155334651470184 0,563668191432953 1,92626404762268
ElbowRight 0,203342407941818 0,339312583208084 1,81335246562958
WristRight 0,240584179759026 0,352203547954559 2,09346270561218
HandRight 0,295016884803772 0,380629628896713 2,11772489547729
HipLeft -0,0286313239485025 0,141900807619095 1,87074220180511
KneeLeft 0,0359854847192764 -0,290555089712143 1,88914334774017
AnkleLeft -0,011379424482584 -0,685596764087677 1,92538034915924
FootLeft 0,0806436687707901 -0,741075396537781 1,90465581417084
HipRight 0,149402886629105 0,162687420845032 1,91242587566376
KneeRight -0,0306237563490868 -0,29609277844429 2,08346152305603
AnkleRight -0,0818084552884102 -0,706233143806458 2,01664423942566
FootRight 0,0136144980788231 -0,731311857700348 2,06398510932922

