HipCenter 0,131056532263756 0,0730167627334595 2,50447344779968
Spine 0,120891027152538 0,136233881115913 2,56379222869873
ShoulderCenter 0,131780475378036 0,512219190597534 2,57714557647705
Head 0,149422690272331 0,688815116882324 2,58771324157715
ShoulderLeft -0,00552498083561659 0,409583747386932 2,52254867553711
ElbowLeft -0,189791709184647 0,490660190582275 2,34010052680969
WristLeft -0,36421811580658 0,599382340908051 2,13670921325684
HandLeft -0,408327639102936 0,626256167888641 2,08104920387268
ShoulderRight 0,287322044372559 0,386432677507401 2,57852554321289
ElbowRight 0,317650347948074 0,121286526322365 2,55700159072876
WristRight 0,322822511196136 -0,0867952406406403 2,45515322685242
HandRight 0,31236919760704 -0,156938537955284 2,42682671546936
HipLeft 0,0656346902251244 0,0126591110602021 2,47389078140259
KneeLeft 0,0140545982867479 -0,501498162746429 2,47051572799683
AnkleLeft 0,00320631125941873 -0,795737385749817 2,47800898551941
FootLeft 0,0216335114091635 -0,83258992433548 2,37989282608032
HipRight 0,196146756410599 -0,000703169091138989 2,50812029838562
KneeRight 0,225709244608879 -0,504936814308167 2,48457288742065
AnkleRight 0,251509308815002 -0,817033112049103 2,49997711181641
FootRight 0,248381495475769 -0,905532717704773 2,44704341888428

