HipCenter 0,134551644325256 0,0774843394756317 2,51155424118042
Spine 0,122539393603802 0,139340221881866 2,57179021835327
ShoulderCenter 0,134615555405617 0,514969408512115 2,59423112869263
Head 0,157316967844963 0,688622891902924 2,60031509399414
ShoulderLeft 0,00327988155186176 0,412510931491852 2,53321146965027
ElbowLeft -0,188468292355537 0,508358001708984 2,35291504859924
WristLeft -0,356187403202057 0,617522776126862 2,15554404258728
HandLeft -0,399166345596313 0,647572100162506 2,09668493270874
ShoulderRight 0,292964905500412 0,389509797096252 2,59858155250549
ElbowRight 0,314657509326935 0,120892658829689 2,56779837608337
WristRight 0,321837931871414 -0,0840248614549637 2,46046495437622
HandRight 0,31322368979454 -0,157996490597725 2,4304404258728
HipLeft 0,0713133588433266 0,0182540211826563 2,47703909873962
KneeLeft 0,0141562391072512 -0,494627177715302 2,46825838088989
AnkleLeft 0,0206763707101345 -0,811387479305267 2,47347092628479
FootLeft 0,0420870631933212 -0,847405433654785 2,37702751159668
HipRight 0,197356194257736 0,00356224388815463 2,51671743392944
KneeRight 0,223484352231026 -0,506528675556183 2,48393678665161
AnkleRight 0,251863420009613 -0,816293656826019 2,50118398666382
FootRight 0,246352538466454 -0,906058967113495 2,45335602760315

