HipCenter 0,130894973874092 0,0741273537278175 2,52133965492249
Spine 0,12037143856287 0,135400369763374 2,58372282981873
ShoulderCenter 0,135929375886917 0,514659464359283 2,61633396148682
Head 0,155069038271904 0,688706457614899 2,62933850288391
ShoulderLeft 0,00655647413805127 0,410982370376587 2,55011105537415
ElbowLeft -0,201686456799507 0,49723419547081 2,40682864189148
WristLeft -0,355841875076294 0,60882556438446 2,1728527545929
HandLeft -0,397210597991943 0,637192845344543 2,1116509437561
ShoulderRight 0,286470115184784 0,381859868764877 2,60718059539795
ElbowRight 0,313227266073227 0,127087354660034 2,57475852966309
WristRight 0,319364070892334 -0,075809970498085 2,46375036239624
HandRight 0,313472598791122 -0,149412736296654 2,43163585662842
HipLeft 0,0681987851858139 0,0173864439129829 2,48618745803833
KneeLeft 0,00950005371123552 -0,495952159166336 2,47483706474304
AnkleLeft 0,0114857843145728 -0,780095517635345 2,48188924789429
FootLeft 0,0315252020955086 -0,815399527549744 2,38564562797546
HipRight 0,192226767539978 0,00127090723253787 2,52449202537537
KneeRight 0,221406310796738 -0,505776762962341 2,48704218864441
AnkleRight 0,249364912509918 -0,822091221809387 2,4991021156311
FootRight 0,245275259017944 -0,899034976959229 2,45117855072021

