HipCenter 0,133034572005272 0,0725382044911385 2,51900768280029
Spine 0,122094810009003 0,134190112352371 2,58168125152588
ShoulderCenter 0,135625183582306 0,514795184135437 2,61341571807861
Head 0,158214434981346 0,688458144664764 2,62372469902039
ShoulderLeft 0,00823779683560133 0,405285537242889 2,54512596130371
ElbowLeft -0,184673130512238 0,458491265773773 2,35592126846313
WristLeft -0,345465064048767 0,493027299642563 2,14378619194031
HandLeft -0,392319560050964 0,505949378013611 2,07006025314331
ShoulderRight 0,291782289743423 0,381330728530884 2,60379314422607
ElbowRight 0,311699390411377 0,1217892318964 2,56633567810059
WristRight 0,320527106523514 -0,0803682804107666 2,45417714118958
HandRight 0,313905239105225 -0,156398296356201 2,42311143875122
HipLeft 0,0708074048161507 0,0149777876213193 2,48385167121887
KneeLeft 0,0101797673851252 -0,500510036945343 2,4714879989624
AnkleLeft 0,0177846699953079 -0,822281956672668 2,47276568412781
FootLeft 0,0375611037015915 -0,857413709163666 2,37698721885681
HipRight 0,194902956485748 -0,000158804876264185 2,52199840545654
KneeRight 0,221527993679047 -0,5094975233078 2,48471784591675
AnkleRight 0,251298546791077 -0,831624984741211 2,49670791625977
FootRight 0,241316214203835 -0,904616951942444 2,44797706604004

