HipCenter 0,118602469563484 0,207964971661568 2,59266328811646
Spine 0,119049496948719 0,264077335596085 2,64406871795654
ShoulderCenter 0,115123681724072 0,582455635070801 2,62653493881226
Head 0,0967651456594467 0,751526117324829 2,64120578765869
ShoulderLeft -0,0486980900168419 0,589202880859375 2,69036602973938
ElbowLeft -0,128334730863571 0,784916639328003 2,66071581840515
WristLeft -0,164846748113632 0,985945999622345 2,66551494598389
HandLeft -0,178703114390373 1,05226826667786 2,67550849914551
ShoulderRight 0,265179872512817 0,577600598335266 2,68387031555176
ElbowRight 0,343470394611359 0,802839875221252 2,65581011772156
WristRight 0,357406675815582 1,00685834884644 2,65859198570251
HandRight 0,361059755086899 1,07305860519409 2,67136573791504
HipLeft 0,0492287240922451 0,138799279928207 2,57620859146118
KneeLeft 0,00726521015167236 -0,451761871576309 2,61387634277344
AnkleLeft 0,0102704223245382 -0,833972811698914 2,59243440628052
FootLeft -0,0177711565047503 -0,910083413124084 2,53287220001221
HipRight 0,18879659473896 0,135861739516258 2,5906834602356
KneeRight 0,217276200652122 -0,456199765205383 2,61963939666748
AnkleRight 0,207685753703117 -0,836371779441834 2,59966135025024
FootRight 0,208491072058678 -0,91392457485199 2,53354501724243

