HipCenter 0,116238586604595 0,191364094614983 2,59287476539612
Spine 0,116606786847115 0,249979838728905 2,64593529701233
ShoulderCenter 0,11526020616293 0,580053806304932 2,62953352928162
Head 0,0880247056484222 0,749786496162415 2,64999771118164
ShoulderLeft -0,0338412411510944 0,567255675792694 2,67334151268005
ElbowLeft -0,142928257584572 0,761804401874542 2,6194384098053
WristLeft -0,184828042984009 0,962064325809479 2,60543775558472
HandLeft -0,192554667592049 1,01669061183929 2,60498881340027
ShoulderRight 0,255912452936172 0,558476388454437 2,6693377494812
ElbowRight 0,334551513195038 0,78913402557373 2,61455106735229
WristRight 0,346745282411575 0,991762816905975 2,57514357566834
HandRight 0,343527883291245 1,05717170238495 2,58505606651306
HipLeft 0,0509317591786385 0,128486320376396 2,57859373092651
KneeLeft 0,00439496710896492 -0,458152770996094 2,6134045124054
AnkleLeft 0,00870440062135458 -0,83576887845993 2,59240770339966
FootLeft -0,0176416728645563 -0,911226034164429 2,53311920166016
HipRight 0,182182312011719 0,124426335096359 2,59061312675476
KneeRight 0,214140489697456 -0,463796585798264 2,61740446090698
AnkleRight 0,20825220644474 -0,839973270893097 2,59793949127197
FootRight 0,210129156708717 -0,915438055992126 2,53112125396729

