HipCenter 0,113922864198685 0,125885874032974 2,60178327560425
Spine 0,113716959953308 0,189329102635384 2,6622314453125
ShoulderCenter 0,111526735126972 0,563329935073853 2,67891430854797
Head 0,101910702884197 0,733036637306213 2,69187569618225
ShoulderLeft -0,0345902964472771 0,47377023100853 2,64425945281982
ElbowLeft -0,148414611816406 0,556880593299866 2,40204119682312
WristLeft -0,183141201734543 0,663104772567749 2,20578598976135
HandLeft -0,180572628974915 0,706307888031006 2,1378116607666
ShoulderRight 0,256974190473557 0,470409959554672 2,64286804199219
ElbowRight 0,331115961074829 0,569517135620117 2,37771487236023
WristRight 0,329180240631104 0,674612700939178 2,188307762146
HandRight 0,328349053859711 0,712583184242249 2,13014531135559
HipLeft 0,0481804981827736 0,0630790516734123 2,58481049537659
KneeLeft 0,00600606761872768 -0,479459017515183 2,6189603805542
AnkleLeft 0,0110345669090748 -0,835793137550354 2,59158325195313
FootLeft -0,0144627364352345 -0,908114314079285 2,52905750274658
HipRight 0,180243924260139 0,0600644387304783 2,59150505065918
KneeRight 0,216489404439926 -0,489284574985504 2,61813592910767
AnkleRight 0,207716226577759 -0,838667809963226 2,59830379486084
FootRight 0,208832517266273 -0,912628710269928 2,53213477134705

