HipCenter 0,121906951069832 0,17912769317627 2,59638595581055
Spine 0,121525317430496 0,23806819319725 2,65193057060242
ShoulderCenter 0,118322193622589 0,576417744159698 2,63645696640015
Head 0,0983016416430473 0,745500206947327 2,66065382957459
ShoulderLeft -0,0335870981216431 0,549477756023407 2,65738749504089
ElbowLeft -0,135269328951836 0,747635185718536 2,55762815475464
WristLeft -0,174390345811844 0,944646418094635 2,49746608734131
HandLeft -0,17343407869339 0,971226096153259 2,49938654899597
ShoulderRight 0,265036374330521 0,552164614200592 2,65698480606079
ElbowRight 0,33912193775177 0,750684916973114 2,5532283782959
WristRight 0,351820290088654 0,946514487266541 2,47623920440674
HandRight 0,354303508996964 1,01290249824524 2,4617657661438
HipLeft 0,0566694661974907 0,111762717366219 2,58019161224365
KneeLeft 0,00964239239692688 -0,471281766891479 2,61592292785645
AnkleLeft 0,0101448791101575 -0,834682404994965 2,59214925765991
FootLeft -0,0159799009561539 -0,911156058311462 2,53325915336609
HipRight 0,188017681241035 0,112580135464668 2,59429907798767
KneeRight 0,218762516975403 -0,479853391647339 2,62093210220337
AnkleRight 0,208182409405708 -0,838153004646301 2,59937381744385
FootRight 0,205548867583275 -0,914815902709961 2,53210020065308

