HipCenter -0,046181708574295 0,338789373636246 2,39621257781982
Spine -0,0376143380999565 0,397753715515137 2,44760036468506
ShoulderCenter -0,0469594523310661 0,729079842567444 2,43622589111328
Head 0,0325884148478508 0,827575504779816 2,38639330863953
ShoulderLeft -0,185893788933754 0,746608197689056 2,43589997291565
ElbowLeft -0,208790391683578 0,635499835014343 2,22910976409912
WristLeft -0,196293130517006 0,829397141933441 2,27618813514709
HandLeft -0,224304407835007 0,868617594242096 2,26709914207459
ShoulderRight 0,0759018957614899 0,633651733398438 2,37179231643677
ElbowRight 0,0228552930057049 0,508655965328217 2,19445013999939
WristRight -0,152460604906082 0,603374361991882 2,22220969200134
HandRight -0,158870190382004 0,611050546169281 2,21452784538269
HipLeft -0,0981912910938263 0,273028969764709 2,38543176651001
KneeLeft -0,0859293788671494 -0,261881709098816 2,35190510749817
AnkleLeft -0,0471598133444786 -0,633007764816284 2,47579050064087
FootLeft -0,0186733845621347 -0,691697478294373 2,47474718093872
HipRight 0,0068101966753602 0,276861369609833 2,39018249511719
KneeRight 0,0832585543394089 -0,252678513526917 2,35609912872314
AnkleRight 0,0797775536775589 -0,623481631278992 2,45604586601257
FootRight 0,066867396235466 -0,655023753643036 2,38726711273193

