HipCenter -0,0071760262362659 0,202438682317734 2,38424849510193
Spine -0,00414795242249966 0,264954805374146 2,43856883049011
ShoulderCenter -0,0125937322154641 0,62121719121933 2,43555116653442
Head -0,029209416359663 0,788809061050415 2,41356658935547
ShoulderLeft -0,171526193618774 0,499271392822266 2,42894554138184
ElbowLeft -0,212312549352646 0,266375511884689 2,39434695243835
WristLeft -0,295004785060883 0,092832624912262 2,32396602630615
HandLeft -0,341920286417007 0,0534930601716042 2,3054940700531
ShoulderRight 0,135858967900276 0,495730459690094 2,40700149536133
ElbowRight 0,212834864854813 0,307190507650375 2,37291598320007
WristRight 0,250703036785126 0,107965044677258 2,29472017288208
HandRight 0,253820717334747 0,0511174537241459 2,27116441726685
HipLeft -0,0758301764726639 0,13188062608242 2,37636256217957
KneeLeft -0,0774734243750572 -0,32686921954155 2,35544180870056
AnkleLeft -0,0422415845096111 -0,63328629732132 2,47496175765991
FootLeft -0,0472987741231918 -0,665213048458099 2,40359783172607
HipRight 0,0620676688849926 0,135709524154663 2,37103223800659
KneeRight 0,0903253331780434 -0,323265641927719 2,35875916481018
AnkleRight 0,075552262365818 -0,609375715255737 2,44508600234985
FootRight 0,070495069026947 -0,641302466392517 2,37372207641602

