HipCenter -0,000919712474569678 0,208902090787888 2,39611172676086
Spine 0,00882552936673164 0,270434141159058 2,44811463356018
ShoulderCenter 0,0116395931690931 0,619716227054596 2,43836236000061
Head -0,00357720558531582 0,787236630916595 2,41375231742859
ShoulderLeft -0,157264590263367 0,539741456508636 2,44400429725647
ElbowLeft -0,362857043743134 0,520056843757629 2,26026010513306
WristLeft -0,518725514411926 0,515947282314301 2,11150741577148
HandLeft -0,559837341308594 0,561972439289093 2,10950946807861
ShoulderRight 0,137535572052002 0,482072174549103 2,38822078704834
ElbowRight 0,111987203359604 0,296165704727173 2,27587532997131
WristRight -0,0721107423305511 0,234986543655396 2,19158101081848
HandRight -0,122988060116768 0,228076606988907 2,17144393920898
HipLeft -0,0662962794303894 0,140295073390007 2,40002131462097
KneeLeft -0,073759101331234 -0,327858239412308 2,36646628379822
AnkleLeft -0,0421313531696796 -0,630026459693909 2,47410106658936
FootLeft -0,0230840556323528 -0,698571622371674 2,47215032577515
HipRight 0,0606836006045341 0,140950947999954 2,37507033348084
KneeRight 0,0942303165793419 -0,32092496752739 2,3619499206543
AnkleRight 0,0798721313476563 -0,629686653614044 2,45708584785461
FootRight 0,0684898793697357 -0,661443710327148 2,38737773895264

