HipCenter -0,00295984116382897 0,212873354554176 2,39575028419495
Spine 0,0084933890029788 0,273905158042908 2,44765043258667
ShoulderCenter 0,0106170848011971 0,621215879917145 2,4389283657074
Head -0,00264163105748594 0,787615418434143 2,41476821899414
ShoulderLeft -0,161981731653214 0,549109816551209 2,44018697738647
ElbowLeft -0,356319338083267 0,617778360843658 2,25895237922668
WristLeft -0,523019015789032 0,722399294376373 2,14362382888794
HandLeft -0,629571080207825 0,807259321212769 2,11416578292847
ShoulderRight 0,128778100013733 0,49018058180809 2,37519931793213
ElbowRight 0,0723033100366592 0,341217815876007 2,21846532821655
WristRight -0,149098709225655 0,330047845840454 2,14369034767151
HandRight -0,19610670208931 0,322416871786118 2,13500714302063
HipLeft -0,0679177269339561 0,143525332212448 2,3995213508606
KneeLeft -0,073309525847435 -0,324588179588318 2,36487126350403
AnkleLeft -0,036601971834898 -0,635493755340576 2,47441649436951
FootLeft -0,0501917079091072 -0,667230904102325 2,40498614311218
HipRight 0,0572145730257034 0,147521018981934 2,37339425086975
KneeRight 0,0937869399785995 -0,31451940536499 2,36137366294861
AnkleRight 0,0784726142883301 -0,624276876449585 2,45511317253113
FootRight 0,0648828744888306 -0,656014025211334 2,3856828212738

