HipCenter 0,102557845413685 0,24495692551136 2,550776720047
Spine 0,0929257869720459 0,311241745948792 2,61170673370361
ShoulderCenter 0,0919618159532547 0,703335762023926 2,62824940681458
Head 0,0865409076213837 0,872339844703674 2,61807203292847
ShoulderLeft -0,0374158248305321 0,586790263652802 2,57392573356628
ElbowLeft -0,11277923732996 0,598418891429901 2,33094191551209
WristLeft -0,0915155410766602 0,625872373580933 2,00997138023376
HandLeft -0,097627654671669 0,628841161727905 2,00640797615051
ShoulderRight 0,223773524165154 0,570398449897766 2,61015152931213
ElbowRight 0,286733001470566 0,293196797370911 2,56288909912109
WristRight 0,328639477491379 0,0138305481523275 2,54689168930054
HandRight 0,3180932700634 -0,0564511343836784 2,55453824996948
HipLeft 0,0438670478761196 0,18680576980114 2,52780938148499
KneeLeft 0,0434770807623863 -0,283217996358871 2,63295984268188
AnkleLeft 0,0323243886232376 -0,567091405391693 2,62111520767212
FootLeft 0,0713317841291428 -0,670542478561401 2,58088207244873
HipRight 0,164222106337547 0,18514084815979 2,54992294311523
KneeRight 0,146136373281479 -0,285216331481934 2,62687659263611
AnkleRight 0,137470752000809 -0,634767889976501 2,60744953155518
FootRight 0,109021715819836 -0,722509026527405 2,56392168998718

