HipCenter 0,096795916557312 0,235171049833298 2,53979229927063
Spine 0,0933712795376778 0,303108006715775 2,60192918777466
ShoulderCenter 0,0751663744449615 0,704530298709869 2,61943435668945
Head 0,0676351711153984 0,873970627784729 2,60031580924988
ShoulderLeft -0,067780539393425 0,568883955478668 2,58952975273132
ElbowLeft -0,12308332324028 0,288306027650833 2,52341103553772
WristLeft -0,14093741774559 0,0668258666992188 2,45757913589478
HandLeft -0,145522192120552 0,0106219658628106 2,44015407562256
ShoulderRight 0,211171835660934 0,570935904979706 2,58907246589661
ElbowRight 0,277048975229263 0,29486221075058 2,53782606124878
WristRight 0,315770387649536 0,0702207684516907 2,53203797340393
HandRight 0,318953007459641 0,00541115179657936 2,5180606842041
HipLeft 0,0382574833929539 0,171095743775368 2,52298855781555
KneeLeft 0,0409627333283424 -0,309566795825958 2,63321042060852
AnkleLeft 0,0325449407100677 -0,589673578739166 2,61214351654053
FootLeft 0,0645665377378464 -0,667626202106476 2,59096908569336
HipRight 0,160994499921799 0,176604360342026 2,53021097183228
KneeRight 0,157200962305069 -0,311164677143097 2,62698364257813
AnkleRight 0,132507473230362 -0,638086438179016 2,60478663444519
FootRight 0,131290093064308 -0,678632974624634 2,51095271110535

