HipCenter 0,0988879054784775 0,254651635885239 2,54713749885559
Spine 0,0899779796600342 0,31955960392952 2,60863757133484
ShoulderCenter 0,090640164911747 0,709707856178284 2,62667798995972
Head 0,0822969973087311 0,872980415821075 2,61170411109924
ShoulderLeft -0,0468759350478649 0,6038818359375 2,57272052764893
ElbowLeft -0,115945361554623 0,695532321929932 2,34361219406128
WristLeft -0,108155593276024 0,80423766374588 2,09661102294922
HandLeft -0,102429918944836 0,820594489574432 2,027099609375
ShoulderRight 0,228373199701309 0,568501770496368 2,60503911972046
ElbowRight 0,259912848472595 0,292937636375427 2,52267646789551
WristRight 0,320821344852448 0,0166301280260086 2,54231524467468
HandRight 0,266259580850601 -0,0296351462602615 2,54615306854248
HipLeft 0,038301058113575 0,195681944489479 2,52172446250916
KneeLeft 0,0288128592073917 -0,209864467382431 2,61157655715942
AnkleLeft 0,0399286672472954 -0,587552905082703 2,60377740859985
FootLeft 0,0524315871298313 -0,628384470939636 2,51044845581055
HipRight 0,162009477615356 0,191111400723457 2,54688239097595
KneeRight 0,155327498912811 -0,198451444506645 2,60868430137634
AnkleRight 0,1319230645895 -0,567572295665741 2,6306049823761
FootRight 0,11615914106369 -0,676891386508942 2,58898949623108

