HipCenter 0,0998268127441406 0,25471156835556 2,54763054847717
Spine 0,0910594835877419 0,319634586572647 2,60938596725464
ShoulderCenter 0,0926771089434624 0,70999151468277 2,62883949279785
Head 0,0878328084945679 0,872423768043518 2,6197247505188
ShoulderLeft -0,0394366569817066 0,600021004676819 2,5769407749176
ElbowLeft -0,113633334636688 0,696844637393951 2,34038329124451
WristLeft -0,103824585676193 0,801103949546814 2,08418846130371
HandLeft -0,100137166678905 0,816415786743164 2,014324426651
ShoulderRight 0,234083265066147 0,565894603729248 2,60997152328491
ElbowRight 0,288549870252609 0,29994523525238 2,56777882575989
WristRight 0,329615086317062 0,0175724402070045 2,54798054695129
HandRight 0,31990122795105 -0,0527068823575974 2,55775213241577
HipLeft 0,0384236350655556 0,197057753801346 2,52301287651062
KneeLeft 0,0418494716286659 -0,278678685426712 2,6310031414032
AnkleLeft 0,0582350641489029 -0,635846197605133 2,60759878158569
FootLeft 0,0801816284656525 -0,721532821655273 2,5623836517334
HipRight 0,163140431046486 0,190592110157013 2,54651808738709
KneeRight 0,144875705242157 -0,274846524000168 2,62637543678284
AnkleRight 0,122163861989975 -0,549944698810577 2,64383387565613
FootRight 0,159885615110397 -0,440117001533508 2,62323951721191

