HipCenter -0,0267924144864082 -0,180443048477173 1,99812483787537
Spine -0,0337854586541653 -0,169180229306221 1,99136340618134
ShoulderCenter -0,0724690183997154 -0,113074764609337 1,97039973735809
Head -0,0888226255774498 0,0208203047513962 1,80922698974609
ShoulderLeft -0,203032255172729 -0,113122820854187 2,01681971549988
ElbowLeft -0,152931824326515 -0,0934939607977867 1,76943182945251
WristLeft -0,0541278794407845 0,0601706244051456 1,64504945278168
HandLeft -0,021193228662014 0,11139215528965 1,60734629631042
ShoulderRight 0,133992433547974 0,00492655951529741 2,05081343650818
ElbowRight 0,0834590345621109 -0,200159996747971 1,93369472026825
WristRight 0,174742951989174 -0,218847185373306 2,13444876670837
HandRight 0,200372874736786 -0,26974081993103 2,15324234962463
HipLeft -0,0703810304403305 -0,281039148569107 1,99612784385681
KneeLeft -0,139421135187149 -0,548130333423615 1,93453180789948
AnkleLeft -0,143134117126465 -0,648769199848175 1,9095413684845
FootLeft -0,133356302976608 -0,68795919418335 1,84306514263153
HipRight 0,0827545896172524 -0,225837886333466 2,03113651275635
KneeRight 0,0648554414510727 -0,399862766265869 1,9150595664978
AnkleRight 0,0567518211901188 -0,650531530380249 1,91297280788422
FootRight 0,0396350584924221 -0,71894383430481 1,88747107982635

