HipCenter 0,0271014906466007 -0,156289398670197 2,02516937255859
Spine 0,0325247794389725 -0,14418751001358 2,01788878440857
ShoulderCenter 0,0512553043663502 -0,0865776538848877 1,99358034133911
Head -0,0420869700610638 0,0209638103842735 1,83620595932007
ShoulderLeft -0,215231657028198 -0,0396422892808914 2,00053191184998
ElbowLeft -0,149368539452553 -0,0523503683507442 1,75542879104614
WristLeft -0,0605434402823448 0,017061609774828 1,61413097381592
HandLeft -0,0309350751340389 0,0401989370584488 1,57079744338989
ShoulderRight 0,084834098815918 0,019932247698307 1,97622966766357
ElbowRight 0,102555796504021 -0,162098169326782 2,0046169757843
WristRight 0,200995728373528 -0,213596701622009 2,19790148735046
HandRight 0,22568091750145 -0,258852928876877 2,26134729385376
HipLeft -0,0665561929345131 -0,233614563941956 2,04051446914673
KneeLeft -0,132055833935738 -0,44247230887413 1,92566108703613
AnkleLeft -0,139434918761253 -0,665949285030365 1,90913999080658
FootLeft -0,141224205493927 -0,710027813911438 1,84525179862976
HipRight 0,0926468148827553 -0,202058792114258 2,04844999313354
KneeRight 0,0453402101993561 -0,469047576189041 1,87516927719116
AnkleRight 0,0551204942166805 -0,664102852344513 1,9121321439743
FootRight 0,0509849116206169 -0,728736221790314 1,88850772380829

