HipCenter 0,0422189086675644 -0,123956002295017 2,01295804977417
Spine 0,0430602245032787 -0,120516620576382 2,00890254974365
ShoulderCenter 0,0502789504826069 -0,0955648571252823 2,00223278999329
Head -0,0442292205989361 0,0188713222742081 1,83544671535492
ShoulderLeft -0,213832259178162 -0,031518716365099 2,00032687187195
ElbowLeft -0,147175550460815 -0,0553590394556522 1,745077252388
WristLeft -0,0536214858293533 0,119871407747269 1,64282870292664
HandLeft -0,022436797618866 0,178281560540199 1,61257922649384
ShoulderRight 0,175522014498711 -0,0920609384775162 2,1706690788269
ElbowRight 0,076075553894043 -0,19830197095871 1,95322918891907
WristRight 0,183771371841431 -0,241049766540527 2,15556001663208
HandRight 0,192079812288284 -0,264266461133957 2,21366691589355
HipLeft -0,0731290876865387 -0,19432669878006 1,9979841709137
KneeLeft -0,155339524149895 -0,497010082006454 1,88811373710632
AnkleLeft -0,140193447470665 -0,656213104724884 1,90924692153931
FootLeft -0,143929854035378 -0,716647088527679 1,88290822505951
HipRight 0,0967397093772888 -0,218769565224648 2,01599431037903
KneeRight 0,0328097194433212 -0,511660814285278 1,86966037750244
AnkleRight 0,0537826232612133 -0,65844464302063 1,91133809089661
FootRight 0,0509973727166653 -0,725287556648254 1,88543808460236

