HipCenter -0,0620402991771698 -0,187506809830666 2,0835907459259
Spine -0,068782702088356 -0,174284994602203 2,06335186958313
ShoulderCenter -0,0697846710681915 -0,105162784457207 1,99571120738983
Head -0,0868651494383812 0,0281686335802078 1,8159031867981
ShoulderLeft -0,213263615965843 -0,0342338383197784 2,00075125694275
ElbowLeft -0,147668555378914 -0,065657377243042 1,74300098419189
WristLeft -0,0537354983389378 0,118324853479862 1,64113080501556
HandLeft -0,022424478083849 0,179652258753777 1,61102902889252
ShoulderRight 0,0814337730407715 0,0262491814792156 1,97039878368378
ElbowRight 0,0563811957836151 -0,215062245726585 1,90671825408936
WristRight 0,164985671639442 -0,236649066209793 2,11487436294556
HandRight 0,255500882863998 -0,292774617671967 2,3155243396759
HipLeft -0,153506442904472 -0,250031501054764 2,11744427680969
KneeLeft -0,120990246534348 -0,463695049285889 1,85325014591217
AnkleLeft -0,139667466282845 -0,66475236415863 1,90899980068207
FootLeft -0,148386031389236 -0,726254761219025 1,88695454597473
HipRight 0,00881520844995975 -0,221390709280968 2,144775390625
KneeRight 0,0636672526597977 -0,43398129940033 1,88355588912964
AnkleRight 0,0546948835253716 -0,662617087364197 1,91334700584412
FootRight 0,0543726533651352 -0,728178143501282 1,88387334346771

