HipCenter -0,0463985614478588 -0,0853336602449417 2,17026686668396
Spine -0,0481425523757935 -0,0357294864952564 2,16792893409729
ShoulderCenter -0,0563533455133438 0,201037690043449 2,10911512374878
Head -0,0661747753620148 0,347269833087921 1,97331917285919
ShoulderLeft -0,199795767664909 0,142940506339073 2,14249134063721
ElbowLeft -0,33681058883667 0,0666881650686264 2,17121815681458
WristLeft -0,483172625303268 0,0123835131525993 2,11051917076111
HandLeft -0,537851274013519 0,000475408509373665 2,09399437904358
ShoulderRight 0,0988677442073822 0,14365790784359 2,1451723575592
ElbowRight 0,159694880247116 -0,0388149321079254 2,23280620574951
WristRight 0,228232681751251 -0,236642763018608 2,29383945465088
HandRight 0,262126803398132 -0,306926101446152 2,34139895439148
HipLeft -0,115598857402802 -0,156609073281288 2,17459988594055
KneeLeft -0,131939068436623 -0,361213564872742 1,92269968986511
AnkleLeft -0,141324058175087 -0,647243976593018 1,91183233261108
FootLeft -0,140922248363495 -0,687249541282654 1,8457989692688
HipRight 0,0270879976451397 -0,147181078791618 2,18604612350464
KneeRight 0,0351259000599384 -0,351944863796234 1,92211091518402
AnkleRight 0,0537185743451118 -0,647931933403015 1,91154754161835
FootRight 0,0541203841567039 -0,687937498092651 1,84551417827606

