HipCenter -0,0200500376522541 -0,17260217666626 2,01661658287048
Spine -0,0295130480080843 -0,160433828830719 2,01032066345215
ShoulderCenter -0,0676567703485489 -0,0988196060061455 1,9896274805069
Head -0,0848485380411148 0,0366144999861717 1,80573964118958
ShoulderLeft -0,195990771055222 -0,103362992405891 2,01596093177795
ElbowLeft -0,139805391430855 -0,0732157602906227 1,7522885799408
WristLeft -0,0517644062638283 0,0538284108042717 1,64054870605469
HandLeft -0,0224174112081528 0,0961764678359032 1,6071754693985
ShoulderRight 0,0826589092612267 0,0275784786790609 1,97121429443359
ElbowRight 0,0548004657030106 -0,216696634888649 1,90798187255859
WristRight 0,166644841432571 -0,232462346553802 2,11844897270203
HandRight 0,240320488810539 -0,279503345489502 2,30548596382141
HipLeft -0,0518281981348991 -0,258658140897751 2,02759051322937
KneeLeft -0,191700875759125 -0,514276742935181 1,85069668292999
AnkleLeft -0,139231517910957 -0,669833540916443 1,90697872638702
FootLeft -0,147798016667366 -0,730727672576904 1,88313806056976
HipRight 0,0949050188064575 -0,198075070977211 2,03056478500366
KneeRight 0,037328626960516 -0,494593262672424 1,87409090995789
AnkleRight 0,0546451359987259 -0,66391396522522 1,91196358203888
FootRight 0,0530181080102921 -0,728402674198151 1,88178598880768

