HipCenter -0,0432957634329796 -0,143419697880745 2,05128383636475
Spine -0,0476226061582565 -0,115309469401836 2,03713536262512
ShoulderCenter -0,067165806889534 0,0309176109731197 1,97443783283234
Head -0,0898675546050072 0,190284922719002 1,80242598056793
ShoulderLeft -0,214812725782394 0,0735963582992554 2,0255286693573
ElbowLeft -0,1392732411623 0,0798912197351456 1,76336061954498
WristLeft 0,00928571820259094 0,270918905735016 1,68510580062866
HandLeft 0,0588053725659847 0,334594786167145 1,66290938854218
ShoulderRight 0,0830393508076668 0,0589902326464653 1,99826991558075
ElbowRight 0,187033921480179 -0,0660305991768837 2,16655206680298
WristRight 0,227924346923828 -0,234346270561218 2,26832151412964
HandRight 0,254805564880371 -0,291913658380508 2,32856941223145
HipLeft -0,11115925014019 -0,206960454583168 2,06911659240723
KneeLeft -0,136514917016029 -0,479257762432098 1,85685682296753
AnkleLeft -0,140457883477211 -0,662426233291626 1,90943396091461
FootLeft -0,147721171379089 -0,72607833147049 1,88284635543823
HipRight 0,0428587794303894 -0,201637536287308 2,07988238334656
KneeRight 0,0663057342171669 -0,463829308748245 1,85436534881592
AnkleRight 0,0532210469245911 -0,668040990829468 1,9108874797821
FootRight 0,0526197850704193 -0,729240894317627 1,88609385490417

