HipCenter 0,0847091227769852 0,246456474065781 2,18860340118408
Spine 0,0821617022156715 0,324058175086975 2,22962260246277
ShoulderCenter 0,0809564366936684 0,732885241508484 2,21451759338379
Head 0,0661329552531242 0,948394179344177 2,1777172088623
ShoulderLeft -0,0727188065648079 0,606517016887665 2,20528340339661
ElbowLeft -0,150601521134377 0,393697202205658 2,18998575210571
WristLeft -0,366294234991074 0,465784192085266 2,08086347579956
HandLeft -0,3973408639431 0,487570971250534 2,05850386619568
ShoulderRight 0,245658800005913 0,624466180801392 2,22195363044739
ElbowRight 0,304846942424774 0,371681183576584 2,21882104873657
WristRight 0,302397489547729 0,173042714595795 2,16355156898499
HandRight 0,282386422157288 0,0772174671292305 2,13821029663086
HipLeft 0,00827369745820761 0,17403843998909 2,17634391784668
KneeLeft -0,0130539173260331 -0,30000302195549 2,28131508827209
AnkleLeft -0,0135344788432121 -0,663001954555511 2,2884795665741
FootLeft -0,0414857044816017 -0,736035108566284 2,22594666481018
HipRight 0,162215560674667 0,175200879573822 2,1893367767334
KneeRight 0,178460329771042 -0,305562913417816 2,28050780296326
AnkleRight 0,205037295818329 -0,674394547939301 2,27521181106567
FootRight 0,231773927807808 -0,742597997188568 2,21260285377502

