HipCenter 0,086144894361496 0,240665331482887 2,18863773345947
Spine 0,0832051113247871 0,318996787071228 2,22987413406372
ShoulderCenter 0,0819902047514915 0,729349195957184 2,21264910697937
Head 0,0509440451860428 0,944314301013947 2,17949628829956
ShoulderLeft -0,0801470875740051 0,591087162494659 2,20186758041382
ElbowLeft -0,146817073225975 0,377978354692459 2,14966082572937
WristLeft -0,273165106773376 0,422462612390518 1,93014216423035
HandLeft -0,273129403591156 0,47442489862442 1,91593861579895
ShoulderRight 0,243605867028236 0,624590039253235 2,22316265106201
ElbowRight 0,302553296089172 0,367989093065262 2,21864151954651
WristRight 0,300842881202698 0,169448137283325 2,16256022453308
HandRight 0,282417356967926 0,0734131708741188 2,13702034950256
HipLeft 0,00873522274196148 0,165138855576515 2,17443633079529
KneeLeft -0,0124582061544061 -0,302851557731628 2,28191542625427
AnkleLeft -0,0133982626721263 -0,663279831409454 2,28815078735352
FootLeft -0,0413484312593937 -0,735308408737183 2,22613096237183
HipRight 0,164618447422981 0,169414699077606 2,19114184379578
KneeRight 0,17885909974575 -0,30738377571106 2,28008890151978
AnkleRight 0,203761219978333 -0,67568576335907 2,2780487537384
FootRight 0,231864362955093 -0,742614328861237 2,21326684951782

