HipCenter 0,126304537057877 0,0831388905644417 2,639732837677
Spine 0,132149398326874 0,150231018662453 2,70053386688232
ShoulderCenter 0,126252919435501 0,541918754577637 2,70806169509888
Head 0,112259857356548 0,726555943489075 2,71106815338135
ShoulderLeft -0,0353004075586796 0,410774379968643 2,69810914993286
ElbowLeft -0,0800200179219246 0,158801525831223 2,67447423934937
WristLeft -0,113278046250343 -0,0348523855209351 2,58144807815552
HandLeft -0,135605692863464 -0,0974560603499413 2,52444839477539
ShoulderRight 0,282733142375946 0,416098773479462 2,66430854797363
ElbowRight 0,385224193334579 0,202698692679405 2,61057305335999
WristRight 0,452418446540833 -0,0167809519916773 2,53480529785156
HandRight 0,453255921602249 -0,0774198621511459 2,50438022613525
HipLeft 0,0546430572867393 0,0102696409448981 2,63056230545044
KneeLeft 0,0266928859055042 -0,512759447097778 2,65807437896729
AnkleLeft 0,024687010794878 -0,853814244270325 2,61593580245972
FootLeft 0,00367221445776522 -0,920975923538208 2,5477409362793
HipRight 0,198148399591446 0,0150712821632624 2,62283778190613
KneeRight 0,238770887255669 -0,514001905918121 2,65518856048584
AnkleRight 0,23682975769043 -0,846802651882172 2,63324999809265
FootRight 0,246628984808922 -0,922067880630493 2,55914855003357

