HipCenter 0,124641396105289 0,0869082435965538 2,62554478645325
Spine 0,130980998277664 0,152978286147118 2,68534326553345
ShoulderCenter 0,138798668980598 0,540089547634125 2,69041657447815
Head 0,137354478240013 0,726613640785217 2,6861138343811
ShoulderLeft -0,0310377720743418 0,42858961224556 2,66803026199341
ElbowLeft -0,196552947163582 0,324215710163116 2,55005526542664
WristLeft -0,373283445835114 0,256598621606827 2,37381410598755
HandLeft -0,434767127037048 0,258774936199188 2,31476831436157
ShoulderRight 0,293939054012299 0,411432921886444 2,63714408874512
ElbowRight 0,293063104152679 0,202038869261742 2,51701188087463
WristRight 0,172905147075653 0,047105610370636 2,41690444946289
HandRight 0,116300404071808 0,000791106373071671 2,37417364120483
HipLeft 0,0491660498082638 0,0155967846512794 2,61842274665833
KneeLeft 0,025525625795126 -0,50463080406189 2,65191745758057
AnkleLeft 0,0257415380328894 -0,853038907051086 2,61524081230164
FootLeft 0,0020299581810832 -0,921098530292511 2,547776222229
HipRight 0,196695446968079 0,0134548339992762 2,60966634750366
KneeRight 0,234739705920219 -0,511546730995178 2,6544189453125
AnkleRight 0,239327266812325 -0,846452653408051 2,63740110397339
FootRight 0,238381087779999 -0,925221562385559 2,56084847450256

