HipCenter 0,126491814851761 0,114133447408676 2,63532280921936
Spine 0,143408462405205 0,177771538496017 2,69187498092651
ShoulderCenter 0,147869497537613 0,548272252082825 2,68793416023254
Head 0,151363953948021 0,731848537921906 2,69400858879089
ShoulderLeft -0,0191543940454721 0,492783784866333 2,68503999710083
ElbowLeft -0,234400674700737 0,618758678436279 2,51335096359253
WristLeft -0,373374342918396 0,73723304271698 2,38998699188232
HandLeft -0,415328651666641 0,786423087120056 2,36129331588745
ShoulderRight 0,272178530693054 0,451748460531235 2,60164833068848
ElbowRight 0,159808963537216 0,339255094528198 2,42451524734497
WristRight -0,0564362742006779 0,298943728208542 2,34238839149475
HandRight -0,117279633879662 0,287909209728241 2,31759333610535
HipLeft 0,0598310530185699 0,049747247248888 2,63525080680847
KneeLeft 0,0244589727371931 -0,501022696495056 2,65382838249207
AnkleLeft 0,0259588100016117 -0,852231204509735 2,61505222320557
FootLeft 0,00206966674886644 -0,922551393508911 2,550457239151
HipRight 0,185978353023529 0,0467512048780918 2,61510634422302
KneeRight 0,234106868505478 -0,508825778961182 2,65671062469482
AnkleRight 0,238003566861153 -0,847169458866119 2,63403105735779
FootRight 0,236675888299942 -0,9266357421875 2,56241369247437

