HipCenter 0,117201700806618 0,121804185211658 2,63502526283264
Spine 0,131403461098671 0,187328144907951 2,69185423851013
ShoulderCenter 0,151439636945724 0,565008699893951 2,68134522438049
Head 0,156454637646675 0,73207300901413 2,69196248054504
ShoulderLeft -0,0255302898585796 0,550441026687622 2,67878246307373
ElbowLeft -0,19911153614521 0,726961731910706 2,52812147140503
WristLeft -0,300497531890869 0,908131003379822 2,46442270278931
HandLeft -0,324224919080734 0,961915135383606 2,4608268737793
ShoulderRight 0,278273463249207 0,465237885713577 2,61616897583008
ElbowRight 0,0673180222511292 0,409943759441376 2,39883184432983
WristRight -0,140366971492767 0,407146692276001 2,33553433418274
HandRight -0,155410408973694 0,406062722206116 2,32346153259277
HipLeft 0,0381485968828201 0,0577057301998138 2,63235783576965
KneeLeft 0,0201823934912682 -0,485605031251907 2,65181398391724
AnkleLeft 0,0258431080728769 -0,851487576961517 2,61546492576599
FootLeft 0,00304163666442037 -0,920283138751984 2,54811358451843
HipRight 0,182798892259598 0,0474491864442825 2,61712217330933
KneeRight 0,232167944312096 -0,494607597589493 2,65535354614258
AnkleRight 0,239026516675949 -0,841484248638153 2,63708281517029
FootRight 0,242422267794609 -0,921101748943329 2,56661701202393

