HipCenter 0,113573536276817 0,141914591193199 2,62966346740723
Spine 0,129600390791893 0,217711731791496 2,6718864440918
ShoulderCenter 0,173268139362335 0,626136958599091 2,65449547767639
Head 0,174511194229126 0,79555881023407 2,69247770309448
ShoulderLeft -0,0026268158107996 0,626392304897308 2,680424451828
ElbowLeft -0,123380281031132 0,790716648101807 2,59085822105408
WristLeft -0,176735445857048 0,996894598007202 2,57502245903015
HandLeft -0,206117630004883 1,04925167560577 2,55701947212219
ShoulderRight 0,268476188182831 0,479615658521652 2,62347960472107
ElbowRight 0,0339911580085754 0,494838535785675 2,4285831451416
WristRight -0,169117614626884 0,540599942207336 2,36273837089539
HandRight -0,225668221712112 0,547332406044006 2,33655834197998
HipLeft 0,0446443259716034 0,0821384638547897 2,62441396713257
KneeLeft 0,0184248145669699 -0,485409736633301 2,65320563316345
AnkleLeft 0,0254999771714211 -0,848011672496796 2,61756062507629
FootLeft 0,00128206657245755 -0,922038078308105 2,5473518371582
HipRight 0,165076971054077 0,0736864656209946 2,62246108055115
KneeRight 0,230305522680283 -0,494815826416016 2,65612578392029
AnkleRight 0,238669887185097 -0,843961954116821 2,63765954971313
FootRight 0,244306981563568 -0,923768937587738 2,56376791000366

