HipCenter -0,0019429859239608 0,230057686567307 1,82826364040375
Spine -0,00490734446793795 0,287060022354126 1,81953692436218
ShoulderCenter -0,0173234194517136 0,571831524372101 1,78782224655151
Head -0,149671733379364 0,660945296287537 1,74063611030579
ShoulderLeft -0,0852575749158859 0,46158766746521 1,67781031131744
ElbowLeft -0,265127897262573 0,408321410417557 1,64124822616577
WristLeft -0,0130955874919891 0,37970757484436 1,65523815155029
HandLeft 0,0478358082473278 0,380176156759262 1,66155934333801
ShoulderRight 0,0801759734749794 0,586388409137726 1,83791184425354
ElbowRight 0,119892060756683 0,366937577724457 1,69476234912872
WristRight -0,0577689409255981 0,394602745771408 1,62858963012695
HandRight -0,116989277303219 0,403824478387833 1,6099146604538
HipLeft -0,048345185816288 0,183882132172585 1,81372630596161
KneeLeft -0,038704264909029 -0,259752601385117 1,80365705490112
AnkleLeft -0,0754611045122147 -0,666275203227997 1,83261120319366
FootLeft -0,00557642243802547 -0,732356250286102 1,84076762199402
HipRight 0,0494332425296307 0,182195439934731 1,85087335109711
KneeRight -0,109988778829575 -0,340856671333313 1,81935095787048
AnkleRight -0,140319988131523 -0,694715023040771 1,90499365329742
FootRight -0,0531979352235794 -0,718715131282806 1,9620007276535

