HipCenter -0,0016052161809057 0,226002603769302 1,82749474048615
Spine -0,0033411318436265 0,281513571739197 1,81875336170197
ShoulderCenter -0,00435867253690958 0,543268203735352 1,7883734703064
Head -0,113416366279125 0,666225373744965 1,75322651863098
ShoulderLeft -0,0464349202811718 0,432242810726166 1,68504333496094
ElbowLeft -0,230101644992828 0,43189662694931 1,62655711174011
WristLeft 0,0168841481208801 0,38407239317894 1,65082442760468
HandLeft 0,0984929502010345 0,391875296831131 1,66197609901428
ShoulderRight 0,0754372328519821 0,59197723865509 1,82914781570435
ElbowRight 0,128174781799316 0,374361723661423 1,68951773643494
WristRight -0,0512606203556061 0,393413096666336 1,62778115272522
HandRight -0,111072421073914 0,399763554334641 1,61058163642883
HipLeft -0,0424896217882633 0,182851359248161 1,81214785575867
KneeLeft -0,0379982814192772 -0,260515838861465 1,8032134771347
AnkleLeft -0,0754590779542923 -0,665973901748657 1,83268070220947
FootLeft -0,0044091590680182 -0,731395125389099 1,83793139457703
HipRight 0,0427780002355576 0,177756696939468 1,85088574886322
KneeRight -0,110661566257477 -0,345382362604141 1,81628286838531
AnkleRight -0,140183389186859 -0,695019900798798 1,90510272979736
FootRight -0,0540094003081322 -0,719042658805847 1,96314740180969

