HipCenter -0,00199545570649207 0,237532317638397 1,82399880886078
Spine 0,00123332196380943 0,288524836301804 1,81529295444489
ShoulderCenter 0,0256607998162508 0,542744636535645 1,78421747684479
Head -0,103669241070747 0,651174128055573 1,74253308773041
ShoulderLeft -0,0514793321490288 0,463912844657898 1,66293513774872
ElbowLeft -0,123082742094994 0,29292893409729 1,66465795040131
WristLeft 0,123319923877716 0,345404416322708 1,67141425609589
HandLeft 0,182944506406784 0,354953050613403 1,6800993680954
ShoulderRight 0,0902739018201828 0,592085838317871 1,83152031898499
ElbowRight 0,0921096503734589 0,38478147983551 1,6675089597702
WristRight -0,0817839652299881 0,392910003662109 1,59012150764465
HandRight -0,139748513698578 0,395619511604309 1,5677011013031
HipLeft -0,0442136488854885 0,200687870383263 1,80751478672028
KneeLeft -0,0369078740477562 -0,260472059249878 1,80082166194916
AnkleLeft -0,0756438821554184 -0,664973378181458 1,83243680000305
FootLeft -0,00342084816657007 -0,731376588344574 1,83784472942352
HipRight 0,0334995836019516 0,186600059270859 1,84809899330139
KneeRight -0,107315912842751 -0,33744689822197 1,81384432315826
AnkleRight -0,139275088906288 -0,695334374904633 1,90474343299866
FootRight -0,0537739619612694 -0,719326198101044 1,96323299407959

