HipCenter 0,21168327331543 0,232520341873169 2,49452948570251
Spine 0,21803380548954 0,301613628864288 2,55433368682861
ShoulderCenter 0,216530129313469 0,699329555034637 2,55805563926697
Head 0,211430594325066 0,872538566589355 2,5370352268219
ShoulderLeft 0,0718108862638474 0,570922315120697 2,54819703102112
ElbowLeft 0,0171274971216917 0,310763776302338 2,46050548553467
WristLeft 0,0688429921865463 0,347012013196945 2,2220561504364
HandLeft 0,0558847561478615 0,362688809633255 2,21036911010742
ShoulderRight 0,346103549003601 0,558346748352051 2,51581430435181
ElbowRight 0,411359816789627 0,280621320009232 2,48251032829285
WristRight 0,432469964027405 0,0598893910646439 2,43447852134705
HandRight 0,428741186857224 -0,0171115323901176 2,42399978637695
HipLeft 0,148692920804024 0,171390131115913 2,48788022994995
KneeLeft 0,164917021989822 -0,272237777709961 2,58388233184814
AnkleLeft 0,155721783638 -0,538529992103577 2,5999162197113
FootLeft 0,189698830246925 -0,641415536403656 2,55361461639404
HipRight 0,273902535438538 0,171187937259674 2,48105955123901
KneeRight 0,278240203857422 -0,281971991062164 2,56244254112244
AnkleRight 0,310196548700333 -0,548047184944153 2,56793785095215
FootRight 0,275893241167068 -0,6548712849617 2,53194332122803

