HipCenter -0,178704768419266 0,164983212947845 1,99686539173126
Spine -0,195535272359848 0,241064518690109 2,02498745918274
ShoulderCenter -0,242512956261635 0,636061429977417 2,01333284378052
Head -0,169978559017181 0,801019489765167 2,08616280555725
ShoulderLeft -0,282992213964462 0,509776830673218 1,93658316135406
ElbowLeft -0,342295050621033 0,338676512241364 1,89174461364746
WristLeft -0,0972232669591904 0,339845895767212 1,90458655357361
HandLeft -0,0357689596712589 0,341055005788803 1,90013527870178
ShoulderRight -0,114468760788441 0,337647825479507 1,95895147323608
ElbowRight -0,128599360585213 0,32512441277504 2,17935299873352
WristRight -0,258823990821838 0,419303715229034 2,25217485427856
HandRight -0,302232205867767 0,45069682598114 2,28074431419373
HipLeft -0,217412441968918 0,112740986049175 1,98305106163025
KneeLeft -0,161910653114319 -0,339467823505402 1,96275424957275
AnkleLeft -0,205723956227303 -0,644924759864807 2,02559757232666
FootLeft -0,179979979991913 -0,714091837406158 2,0371105670929
HipRight -0,127840995788574 0,116145886480808 2,00451707839966
KneeRight -0,100568294525146 -0,229247957468033 2,10695672035217
AnkleRight -0,069740355014801 -0,463970363140106 2,00861692428589
FootRight -0,112139493227005 -0,447533220052719 1,9271959066391

