HipCenter 0,313355803489685 0,10466693341732 2,29884123802185
Spine 0,301733374595642 0,162618577480316 2,35883402824402
ShoulderCenter 0,286478638648987 0,52296644449234 2,38036036491394
Head 0,294872015714645 0,698873341083527 2,3709831237793
ShoulderLeft 0,132299706339836 0,342573255300522 2,30040001869202
ElbowLeft 0,0253632590174675 0,140912517905235 2,27475571632385
WristLeft 0,187756061553955 0,274428725242615 2,17198920249939
HandLeft 0,241887003183365 0,318934142589569 2,14234900474548
ShoulderRight 0,430705219507217 0,520561695098877 2,38733983039856
ElbowRight 0,472991287708282 0,215345114469528 2,33942437171936
WristRight 0,504127323627472 -0,0867384970188141 2,26944208145142
HandRight 0,50373363494873 -0,210769712924957 2,24310874938965
HipLeft 0,250572085380554 0,0191754139959812 2,26155233383179
KneeLeft 0,181980520486832 -0,393831580877304 2,3161952495575
AnkleLeft 0,189537018537521 -0,802557408809662 2,32324910163879
FootLeft 0,201337724924088 -0,835857272148132 2,23254776000977
HipRight 0,38512247800827 0,03175999969244 2,30010485649109
KneeRight 0,371378600597382 -0,4109947681427 2,30530643463135
AnkleRight 0,386430025100708 -0,803757131099701 2,30810761451721
FootRight 0,389256477355957 -0,887653648853302 2,2744243144989

