HipCenter 0,313517242670059 0,099759578704834 2,295241355896
Spine 0,304608255624771 0,159403845667839 2,35501527786255
ShoulderCenter 0,29431939125061 0,52400404214859 2,37348318099976
Head 0,309552013874054 0,696907699108124 2,36419749259949
ShoulderLeft 0,130795687437057 0,376083493232727 2,33602523803711
ElbowLeft 0,0686006918549538 0,162917077541351 2,22850441932678
WristLeft 0,151171296834946 0,124431595206261 2,00586605072021
HandLeft 0,153502851724625 0,0253375209867954 2,03007483482361
ShoulderRight 0,441971242427826 0,507955849170685 2,40053296089172
ElbowRight 0,48084545135498 0,203488707542419 2,34465146064758
WristRight 0,50658506155014 -0,098349392414093 2,27365303039551
HandRight 0,507096111774445 -0,209947824478149 2,24909043312073
HipLeft 0,247745797038078 0,0203476529568434 2,26928448677063
KneeLeft 0,182382732629776 -0,398659825325012 2,31672310829163
AnkleLeft 0,188890486955643 -0,817493617534637 2,3205988407135
FootLeft 0,189621478319168 -0,895904660224915 2,28905820846558
HipRight 0,386834233999252 0,0280287247151136 2,28835320472717
KneeRight 0,371237546205521 -0,429589182138443 2,31364965438843
AnkleRight 0,387051045894623 -0,7983638048172 2,31006598472595
FootRight 0,395759224891663 -0,831851303577423 2,21899080276489

