HipCenter 0,313588231801987 0,101804614067078 2,29854106903076
Spine 0,302296936511993 0,160219892859459 2,3587920665741
ShoulderCenter 0,291613906621933 0,522160887718201 2,38003015518188
Head 0,302225410938263 0,696973562240601 2,37182974815369
ShoulderLeft 0,133165240287781 0,340359717607498 2,30020475387573
ElbowLeft 0,0273195505142212 0,139425203204155 2,2731568813324
WristLeft 0,187845289707184 0,270907402038574 2,16698050498962
HandLeft 0,241353869438171 0,314734816551209 2,13620901107788
ShoulderRight 0,432268708944321 0,514248728752136 2,38724970817566
ElbowRight 0,475014299154282 0,210667639970779 2,33948874473572
WristRight 0,504927217960358 -0,0898849666118622 2,2691969871521
HandRight 0,503456234931946 -0,174423336982727 2,25003004074097
HipLeft 0,251124531030655 0,0163470860570669 2,25845956802368
KneeLeft 0,180418968200684 -0,38373327255249 2,3160285949707
AnkleLeft 0,189581975340843 -0,7973313331604 2,32831001281738
FootLeft 0,186179548501968 -0,891979336738586 2,28764247894287
HipRight 0,385285407304764 0,0260969698429108 2,30269145965576
KneeRight 0,376375019550323 -0,411270886659622 2,30685472488403
AnkleRight 0,388258814811707 -0,798162579536438 2,30868482589722
FootRight 0,400490999221802 -0,831563889980316 2,21793079376221

