HipCenter 0,315646082162857 0,100193664431572 2,29493117332459
Spine 0,304490625858307 0,159415259957314 2,35486149787903
ShoulderCenter 0,295026034116745 0,522816777229309 2,37459874153137
Head 0,302527099847794 0,695487678050995 2,36470437049866
ShoulderLeft 0,134457528591156 0,341538310050964 2,29829144477844
ElbowLeft 0,0288854241371155 0,136460185050964 2,2738823890686
WristLeft 0,190561518073082 0,274210333824158 2,17010855674744
HandLeft 0,244453549385071 0,320127040147781 2,14011716842651
ShoulderRight 0,436369717121124 0,514431476593018 2,38482761383057
ElbowRight 0,478970974683762 0,206183195114136 2,33395481109619
WristRight 0,508881747722626 -0,0899621769785881 2,2684805393219
HandRight 0,508019685745239 -0,176105096936226 2,24915075302124
HipLeft 0,251312494277954 0,0163855701684952 2,26454329490662
KneeLeft 0,165618538856506 -0,33815735578537 2,28876733779907
AnkleLeft 0,1857850253582 -0,672107338905334 2,29194688796997
FootLeft 0,198107615113258 -0,705559372901917 2,20138192176819
HipRight 0,388350605964661 0,0281897205859423 2,28862476348877
KneeRight 0,371515870094299 -0,386418342590332 2,30169248580933
AnkleRight 0,387947976589203 -0,784772574901581 2,3091835975647
FootRight 0,4002705514431 -0,818224608898163 2,21861863136292

