HipCenter 0,24746161699295 -0,108707547187805 2,57117247581482
Spine 0,202781945466995 -0,0728036984801292 2,57502794265747
ShoulderCenter -0,0193268842995167 0,0818670690059662 2,58631539344788
Head -0,179852142930031 0,267378926277161 2,62559270858765
ShoulderLeft -0,149686917662621 -0,0445435419678688 2,72233700752258
ElbowLeft -0,230947047472 0,197962731122971 2,61166071891785
WristLeft -0,436802595853806 0,311045259237289 2,49318623542786
HandLeft -0,468203991651535 0,367114394903183 2,50972700119019
ShoulderRight 0,0704032778739929 0,151777550578117 2,51194977760315
ElbowRight -0,191254287958145 0,215888202190399 2,49477195739746
WristRight -0,399149239063263 0,290920048952103 2,49859523773193
HandRight -0,448287755250931 0,333591729402542 2,48563647270203
HipLeft 0,273567199707031 -0,184897899627686 2,58016276359558
KneeLeft 0,298634231090546 -0,64368736743927 2,62257194519043
AnkleLeft 0,220562636852264 -0,937358975410461 2,61619877815247
FootLeft 0,187677055597305 -0,869803547859192 2,58767366409302
HipRight 0,332277894020081 -0,113631881773472 2,5497670173645
KneeRight 0,515796482563019 -0,492363959550858 2,47051620483398
AnkleRight 0,567454636096954 -0,83955317735672 2,44738626480103
FootRight 0,531610429286957 -0,914503693580627 2,45834136009216

