HipCenter 0,204385697841644 -0,0641577988862991 2,59151911735535
Spine 0,17070734500885 -0,0272697173058987 2,59441375732422
ShoulderCenter -0,0226990580558777 0,140193775296211 2,56832957267761
Head -0,159929677844048 0,319064855575562 2,62946248054504
ShoulderLeft -0,153059065341949 0,0137831708416343 2,70435070991516
ElbowLeft -0,262524336576462 0,226813852787018 2,55337190628052
WristLeft -0,44891756772995 0,332053512334824 2,50534296035767
HandLeft -0,480479001998901 0,388408660888672 2,52196860313416
ShoulderRight 0,0749303251504898 0,212494194507599 2,53111958503723
ElbowRight -0,181306675076485 0,297663509845734 2,51865482330322
WristRight -0,447426974773407 0,32169046998024 2,50567054748535
HandRight -0,496816128492355 0,364579856395721 2,49264550209045
HipLeft 0,225560337305069 -0,142673790454865 2,6170220375061
KneeLeft 0,323169380426407 -0,568916738033295 2,62764596939087
AnkleLeft 0,24048063158989 -0,863571166992188 2,62880182266235
FootLeft 0,176975607872009 -0,892161071300507 2,58735585212708
HipRight 0,297619163990021 -0,0877846330404282 2,56722116470337
KneeRight 0,494262486696243 -0,498003423213959 2,48047280311584
AnkleRight 0,562945663928986 -0,839665830135345 2,4552698135376
FootRight 0,53274405002594 -0,914695858955383 2,46040749549866

