HipCenter 0,0437106341123581 0,395180404186249 2,27754163742065
Spine 0,0414685234427452 0,457676619291306 2,33536863327026
ShoulderCenter 0,0399795919656754 0,816438257694244 2,32345342636108
Head -0,00949213653802872 1,0100771188736 2,33474946022034
ShoulderLeft -0,147207498550415 0,788990795612335 2,34634184837341
ElbowLeft -0,230485260486603 1,00568032264709 2,2469539642334
WristLeft -0,309234708547592 1,21058714389801 2,16537880897522
HandLeft -0,335484534502029 1,27888941764832 2,14301776885986
ShoulderRight 0,193430691957474 0,828621506690979 2,36211848258972
ElbowRight 0,304184257984161 1,02945828437805 2,25417041778564
WristRight 0,408915460109711 1,21937429904938 2,16450071334839
HandRight 0,443825870752335 1,28267967700958 2,13944149017334
HipLeft -0,0280899945646524 0,311418145895004 2,24411916732788
KneeLeft -0,0611439570784569 -0,285601943731308 2,34474015235901
AnkleLeft -0,0268315337598324 -0,665006458759308 2,37682127952576
FootLeft -0,0631761476397514 -0,737691223621368 2,31117701530457
HipRight 0,116942971944809 0,317450135946274 2,28802514076233
KneeRight 0,143628671765327 -0,285147279500961 2,35684490203857
AnkleRight 0,130737990140915 -0,685775578022003 2,39833378791809
FootRight 0,163429766893387 -0,749405086040497 2,35498356819153

