HipCenter 0,0402306690812111 0,323254883289337 2,28011274337769
Spine 0,0374308973550797 0,399863868951797 2,33245658874512
ShoulderCenter 0,0415139012038708 0,806804180145264 2,31368088722229
Head -0,0448370538651943 0,98693573474884 2,36142086982727
ShoulderLeft -0,125095397233963 0,687198162078857 2,292240858078
ElbowLeft -0,20892059803009 0,781124770641327 2,104327917099
WristLeft -0,315348356962204 0,900377750396729 1,88694643974304
HandLeft -0,346230715513229 0,934981644153595 1,82799077033997
ShoulderRight 0,162637606263161 0,712019085884094 2,31190991401672
ElbowRight 0,247481018304825 0,801119148731232 2,12441873550415
WristRight 0,357198059558868 0,91634076833725 1,90381693840027
HandRight 0,388779610395432 0,949506819248199 1,844407081604
HipLeft -0,0278247185051441 0,257303297519684 2,26447129249573
KneeLeft -0,0561726912856102 -0,292270600795746 2,35338950157166
AnkleLeft -0,0265558026731014 -0,664766371250153 2,37927031517029
FootLeft -0,0620713382959366 -0,737143695354462 2,31181502342224
HipRight 0,107650965452194 0,260395139455795 2,28261065483093
KneeRight 0,149811416864395 -0,299402326345444 2,36681532859802
AnkleRight 0,133610486984253 -0,685970008373261 2,39933919906616
FootRight 0,163211718201637 -0,751386761665344 2,3504753112793

