HipCenter 0,0286610499024391 0,281854450702667 2,27862238883972
Spine 0,0238896068185568 0,351691752672195 2,33748745918274
ShoulderCenter 0,00753164570778608 0,751067101955414 2,32584857940674
Head 0,0181263331323862 0,949698925018311 2,32190823554993
ShoulderLeft -0,137520521879196 0,646708905696869 2,28624844551086
ElbowLeft -0,244134604930878 0,585971415042877 2,08545064926147
WristLeft -0,139898926019669 0,57973712682724 1,80474388599396
HandLeft 0,0491327755153179 0,595747530460358 1,72054839134216
ShoulderRight 0,157693654298782 0,645681381225586 2,29482054710388
ElbowRight 0,246737480163574 0,591573596000671 2,05264449119568
WristRight 0,198814883828163 0,580192387104034 1,75645220279694
HandRight 0,242108598351479 0,587655782699585 1,70970916748047
HipLeft -0,0401646569371223 0,211979985237122 2,26495146751404
KneeLeft -0,0595985725522041 -0,302819848060608 2,35693407058716
AnkleLeft -0,0275835506618023 -0,665394008159637 2,37937641143799
FootLeft -0,0622172728180885 -0,738164484500885 2,31142902374268
HipRight 0,103335544466972 0,219042837619781 2,27392792701721
KneeRight 0,142500624060631 -0,308286905288696 2,37009048461914
AnkleRight 0,132533758878708 -0,686170101165771 2,40043711662292
FootRight 0,159168303012848 -0,749215960502625 2,35575985908508

