HipCenter 0,0265850685536861 0,324395895004272 2,26571750640869
Spine 0,0213262122124434 0,392506122589111 2,32385611534119
ShoulderCenter 0,0109510142356157 0,777001261711121 2,31003570556641
Head -0,047635555267334 0,972645878791809 2,35110712051392
ShoulderLeft -0,146627515554428 0,705584585666656 2,29943656921387
ElbowLeft -0,238850027322769 0,868937730789185 2,10994720458984
WristLeft -0,32574200630188 1,02284896373749 1,94388043880463
HandLeft -0,354705989360809 1,07415270805359 1,89341795444489
ShoulderRight 0,159869372844696 0,711748242378235 2,31553030014038
ElbowRight 0,247403115034103 0,846709072589874 2,15180826187134
WristRight 0,359878778457642 1,0201256275177 1,96378135681152
HandRight 0,392221629619598 1,06999230384827 1,91393446922302
HipLeft -0,0408179312944412 0,253870755434036 2,24811601638794
KneeLeft -0,0617057420313358 -0,301397770643234 2,35384631156921
AnkleLeft -0,0277065020054579 -0,66498064994812 2,37812948226929
FootLeft -0,0632892400026321 -0,738836646080017 2,31227231025696
HipRight 0,0992065668106079 0,257087349891663 2,2653284072876
KneeRight 0,141992211341858 -0,30452361702919 2,36456441879272
AnkleRight 0,13088159263134 -0,68685120344162 2,39953374862671
FootRight 0,164483100175858 -0,751070857048035 2,35411930084229

