HipCenter 0,223744004964828 0,425291299819946 2,69474625587463
Spine 0,21811443567276 0,495828777551651 2,75616407394409
ShoulderCenter 0,22249062359333 0,898169696331024 2,74849963188171
Head 0,212582781910896 1,13144433498383 2,70638799667358
ShoulderLeft 0,0383413396775723 0,781695902347565 2,7031307220459
ElbowLeft -0,15679295361042 0,765848457813263 2,52479815483093
WristLeft -0,360768765211105 0,820957541465759 2,28543138504028
HandLeft -0,414583057165146 0,852135360240936 2,21898078918457
ShoulderRight 0,404125422239304 0,776069760322571 2,73779821395874
ElbowRight 0,476410657167435 0,486011534929276 2,73615503311157
WristRight 0,475411117076874 0,236862510442734 2,65357875823975
HandRight 0,469875276088715 0,116623938083649 2,62759828567505
HipLeft 0,143472775816917 0,343525439500809 2,67619800567627
KneeLeft 0,0964474081993103 -0,24096442759037 2,76099991798401
AnkleLeft 0,101047560572624 -0,659634172916412 2,79182195663452
FootLeft 0,0796208903193474 -0,733942270278931 2,73021745681763
HipRight 0,304512351751328 0,343665212392807 2,68931770324707
KneeRight 0,343707352876663 -0,252011120319366 2,72935032844543
AnkleRight 0,345909148454666 -0,645214021205902 2,76819014549255
FootRight 0,35723090171814 -0,732507824897766 2,70610666275024

