HipCenter 0,0544282011687756 -0,0545593798160553 2,5432825088501
Spine 0,0542107373476028 -0,00191773672122508 2,54458594322205
ShoulderCenter 0,0534018315374851 0,261577993631363 2,53738832473755
Head 0,055118340998888 0,450970560312271 2,4924795627594
ShoulderLeft -0,104173637926579 0,178239211440086 2,53885102272034
ElbowLeft -0,235634550452232 0,0824164003133774 2,40807700157166
WristLeft -0,321432322263718 0,00980354100465775 2,18699407577515
HandLeft -0,392455250024796 -0,0413449704647064 2,06062150001526
ShoulderRight 0,222029358148575 0,176622748374939 2,54775047302246
ElbowRight 0,279349207878113 -0,0215845685452223 2,52758193016052
WristRight 0,228535547852516 -0,151869148015976 2,40666174888611
HandRight 0,21159765124321 -0,195297345519066 2,36981678009033
HipLeft -0,020645085722208 -0,127027571201324 2,54307723045349
KneeLeft -0,113413661718369 -0,344092428684235 2,13407158851624
AnkleLeft -0,156282365322113 -0,668262898921967 2,00540685653687
FootLeft -0,213932648301125 -0,73201447725296 1,97709441184998
HipRight 0,12993922829628 -0,129008740186691 2,54125452041626
KneeRight 0,235696390271187 -0,336535632610321 2,15189838409424
AnkleRight 0,282244384288788 -0,672501087188721 2,00464129447937
FootRight 0,287872165441513 -0,73805558681488 1,92236173152924

