HipCenter 0,0173539519309998 -0,169089868664742 2,36930751800537
Spine 0,00804260652512312 -0,15392541885376 2,35513210296631
ShoulderCenter -0,0383171029388905 -0,0790852680802345 2,29870009422302
Head 0,0115690156817436 0,0140348225831985 2,11374378204346
ShoulderLeft -0,18726909160614 0,0103668253868818 2,2939293384552
ElbowLeft -0,328384727239609 0,0204786546528339 2,37900900840759
WristLeft -0,37986034154892 -0,0241007655858994 2,13976764678955
HandLeft -0,3973488509655 -0,0339269638061523 2,06036758422852
ShoulderRight 0,221509516239166 0,0308606084436178 2,23360872268677
ElbowRight 0,319159656763077 -0,116317562758923 2,37134432792664
WristRight 0,190507367253304 -0,222358554601669 2,30308961868286
HandRight 0,147623270750046 -0,257705569267273 2,28380370140076
HipLeft -0,041365273296833 -0,230826035141945 2,44800925254822
KneeLeft -0,13102026283741 -0,364783108234406 2,08796739578247
AnkleLeft -0,159200564026833 -0,679579317569733 1,99921894073486
FootLeft -0,222330510616302 -0,737477660179138 1,98314642906189
HipRight 0,162754952907562 -0,253286391496658 2,3971734046936
KneeRight 0,270633935928345 -0,385369837284088 2,0415952205658
AnkleRight 0,279270619153976 -0,686160743236542 1,99536728858948
FootRight 0,277987360954285 -0,748634099960327 1,92670977115631

