HipCenter 0,126240670681 -0,183423697948456 2,42000913619995
Spine 0,12657105922699 -0,162327453494072 2,39223718643188
ShoulderCenter 0,12822300195694 -0,0568463988602161 2,26613473892212
Head 0,068816289305687 0,0334858931601048 2,08105325698853
ShoulderLeft -0,0207289755344391 0,0326056815683842 2,2613639831543
ElbowLeft -0,192861512303352 0,020442184060812 2,27673673629761
WristLeft -0,358303189277649 -0,0280610397458076 2,10156726837158
HandLeft -0,404528915882111 -0,0325150191783905 2,0581579208374
ShoulderRight 0,22219429910183 0,0326491855084896 2,23482871055603
ElbowRight 0,340590059757233 -0,0760648101568222 2,28664064407349
WristRight 0,216824933886528 -0,141264796257019 2,38341665267944
HandRight 0,175569891929626 -0,162998124957085 2,41915440559387
HipLeft 0,0358450300991535 -0,223456174135208 2,48397588729858
KneeLeft -0,122121706604958 -0,350954532623291 2,12375140190125
AnkleLeft -0,160213232040405 -0,679785430431366 1,99700260162354
FootLeft -0,22137551009655 -0,740186452865601 1,98455703258514
HipRight 0,214097231626511 -0,208233952522278 2,44188523292542
KneeRight 0,249311059713364 -0,371904969215393 2,08829975128174
AnkleRight 0,27808141708374 -0,686314582824707 1,99668776988983
FootRight 0,278118491172791 -0,749164521694183 1,92878973484039

