HipCenter 0,0276735983788967 -0,187884092330933 2,34158682823181
Spine 0,0177357271313667 -0,170294389128685 2,33302855491638
ShoulderCenter -0,0319536402821541 -0,0823458805680275 2,3030059337616
Head 0,0155147686600685 0,0144977495074272 2,11741423606873
ShoulderLeft -0,180905610322952 0,00710619240999222 2,29823517799377
ElbowLeft -0,326639533042908 0,0297820661216974 2,37436556816101
WristLeft -0,375726938247681 -0,0223938282579184 2,13636612892151
HandLeft -0,40125584602356 -0,0354079343378544 2,05909466743469
ShoulderRight 0,222381353378296 0,0327051989734173 2,23395323753357
ElbowRight 0,344289004802704 -0,0736307054758072 2,28360748291016
WristRight 0,218853995203972 -0,13443523645401 2,38114356994629
HandRight 0,177042320370674 -0,154703408479691 2,41713809967041
HipLeft -0,0431437119841576 -0,260068416595459 2,3821120262146
KneeLeft -0,152391195297241 -0,386459738016129 2,02903079986572
AnkleLeft -0,160925090312958 -0,678161203861237 2,00000262260437
FootLeft -0,22075617313385 -0,742108523845673 1,98604571819305
HipRight 0,187375590205193 -0,277930647134781 2,35225868225098
KneeRight 0,279622822999954 -0,400221019983292 1,99275076389313
AnkleRight 0,278324782848358 -0,685526311397552 1,99576854705811
FootRight 0,280004143714905 -0,748791456222534 1,92793750762939

