HipCenter 0,0604800172150135 -0,176578879356384 2,41944789886475
Spine 0,0553782917559147 -0,16223993897438 2,39660382270813
ShoulderCenter 0,0306480266153812 -0,0927389562129974 2,29779124259949
Head 0,0392337068915367 0,017736628651619 2,11204957962036
ShoulderLeft -0,118303947150707 -0,00328687997534871 2,29302024841309
ElbowLeft -0,283135563135147 0,0189034901559353 2,34434247016907
WristLeft -0,372588008642197 -0,0282274819910526 2,11867642402649
HandLeft -0,400180220603943 -0,0340526849031448 2,05894994735718
ShoulderRight 0,199472859501839 -0,0312757305800915 2,27857422828674
ElbowRight 0,375101655721664 -0,0275000259280205 2,25362086296082
WristRight 0,238096058368683 -0,145612478256226 2,3822820186615
HandRight 0,192427515983582 -0,184983298182487 2,42866730690002
HipLeft -0,0310626626014709 -0,207421690225601 2,49899363517761
KneeLeft -0,120674803853035 -0,350024521350861 2,12495398521423
AnkleLeft -0,160297006368637 -0,677102506160736 2,00087547302246
FootLeft -0,178789153695107 -0,738191425800323 1,93922400474548
HipRight 0,183596849441528 -0,235237419605255 2,45720195770264
KneeRight 0,249571710824966 -0,36172878742218 2,09784531593323
AnkleRight 0,278742998838425 -0,685918867588043 1,99919056892395
FootRight 0,280070722103119 -0,74814772605896 1,92635607719421

