HipCenter 0,0989556685090065 -0,179632484912872 2,36961889266968
Spine 0,0864433720707893 -0,161010637879372 2,35331606864929
ShoulderCenter 0,0203992277383804 -0,0632044672966003 2,28216052055359
Head 0,0364816561341286 0,0341871604323387 2,08975267410278
ShoulderLeft -0,128552749752998 0,026247613132 2,27738976478577
ElbowLeft -0,279706537723541 0,0136095881462097 2,3445520401001
WristLeft -0,370578348636627 -0,0282683372497559 2,1190493106842
HandLeft -0,412810862064362 -0,0129928849637508 2,07862210273743
ShoulderRight 0,220796659588814 0,0323177017271519 2,23374795913696
ElbowRight 0,34697687625885 -0,0652922540903091 2,28568649291992
WristRight 0,183172315359116 -0,109993994235992 2,31862115859985
HandRight 0,128570795059204 -0,124894574284554 2,33310627937317
HipLeft 0,0340995341539383 -0,249597996473312 2,42910242080688
KneeLeft -0,132592782378197 -0,359034687280655 2,10265350341797
AnkleLeft -0,159683659672737 -0,68121212720871 1,99980521202087
FootLeft -0,222709909081459 -0,738970398902893 1,9807755947113
HipRight 0,237700909376144 -0,220145553350449 2,38795351982117
KneeRight 0,246908590197563 -0,394037485122681 2,04690265655518
AnkleRight 0,278754830360413 -0,686267852783203 1,99887359142303
FootRight 0,279145419597626 -0,747507452964783 1,9253386259079

