HipCenter 0,140436202287674 -0,209109872579575 2,3784773349762
Spine 0,134910210967064 -0,191368818283081 2,36229920387268
ShoulderCenter 0,109888814389706 -0,100023254752159 2,29903388023376
Head 0,0678500607609749 0,0131095722317696 2,11706757545471
ShoulderLeft -0,0390631854534149 -0,010571176186204 2,29426312446594
ElbowLeft -0,243477925658226 0,0171109735965729 2,32186484336853
WristLeft -0,365897506475449 -0,0261396653950214 2,11380839347839
HandLeft -0,404260277748108 -0,0112818600609899 2,06937074661255
ShoulderRight 0,221573799848557 0,0317737720906734 2,23551917076111
ElbowRight 0,342133283615112 -0,0740360170602798 2,28405523300171
WristRight 0,215109214186668 -0,137993633747101 2,37498831748962
HandRight 0,172767847776413 -0,159312844276428 2,40881276130676
HipLeft 0,0754741504788399 -0,272854655981064 2,43282151222229
KneeLeft -0,123972184956074 -0,352263569831848 2,11990666389465
AnkleLeft -0,159196585416794 -0,680862426757813 2,00074768066406
FootLeft -0,220407500863075 -0,74045741558075 1,983118891716
HipRight 0,237575307488441 -0,240756809711456 2,39272689819336
KneeRight 0,246709063649178 -0,387867987155914 2,04190754890442
AnkleRight 0,277103364467621 -0,684303522109985 1,99964880943298
FootRight 0,282264471054077 -0,748694181442261 1,92841196060181

