HipCenter 0,107025139033794 -0,166361823678017 2,41950798034668
Spine 0,107968099415302 -0,155030936002731 2,39733576774597
ShoulderCenter 0,112682916224003 -0,0983764678239822 2,29936408996582
Head 0,0687434524297714 0,0151271224021912 2,11777639389038
ShoulderLeft -0,0362690612673759 -0,00892439484596252 2,294593334198
ElbowLeft -0,257047176361084 0,0116247572004795 2,35518288612366
WristLeft -0,361148923635483 -0,0251888483762741 2,13587641716003
HandLeft -0,403044164180756 -0,0320914909243584 2,0598361492157
ShoulderRight 0,222709685564041 0,0326958484947681 2,23667645454407
ElbowRight 0,345331966876984 -0,0672102123498917 2,2898154258728
WristRight 0,208575665950775 -0,135741129517555 2,36335873603821
HandRight 0,162990242242813 -0,158584773540497 2,39138841629028
HipLeft 0,0305794216692448 -0,205319792032242 2,523113489151
KneeLeft -0,119508892297745 -0,348572105169296 2,12811422348022
AnkleLeft -0,160198733210564 -0,677542507648468 1,99963784217834
FootLeft -0,220486581325531 -0,739624559879303 1,98237705230713
HipRight 0,186006382107735 -0,203174725174904 2,44318318367004
KneeRight 0,248167514801025 -0,361440598964691 2,10376214981079
AnkleRight 0,277624428272247 -0,682146072387695 2,00066328048706
FootRight 0,28297147154808 -0,74788224697113 1,92416274547577

