HipCenter 0,129367381334305 -0,181891024112701 2,39211463928223
Spine 0,121363677084446 -0,163011208176613 2,37250447273254
ShoulderCenter 0,0853375941514969 -0,0849567949771881 2,29465532302856
Head 0,0599901154637337 0,0365846529603004 2,12048578262329
ShoulderLeft -0,0635865703225136 0,00446041161194444 2,28990435600281
ElbowLeft -0,24046565592289 0,0247876867651939 2,32650017738342
WristLeft -0,35947123169899 -0,0288523733615875 2,11619186401367
HandLeft -0,399637281894684 -0,0187901966273785 2,07317566871643
ShoulderRight 0,228854477405548 0,0375425778329372 2,25377440452576
ElbowRight 0,321082234382629 -0,118335351347923 2,38900399208069
WristRight 0,210206478834152 -0,214197337627411 2,28032326698303
HandRight 0,173247888684273 -0,246151328086853 2,24755430221558
HipLeft 0,0459715984761715 -0,262644737958908 2,43894147872925
KneeLeft -0,133620724081993 -0,35536527633667 2,09834337234497
AnkleLeft -0,160310313105583 -0,677365124225616 1,99528765678406
FootLeft -0,212389871478081 -0,738920211791992 1,97146797180176
HipRight 0,245425820350647 -0,219520151615143 2,41655397415161
KneeRight 0,241910442709923 -0,384646773338318 2,05600953102112
AnkleRight 0,278969645500183 -0,680550932884216 2,00361585617065
FootRight 0,28751540184021 -0,74162083864212 1,91720485687256

