HipCenter 0,0907735675573349 0,244184195995331 2,4497537612915
Spine 0,0885375365614891 0,308582365512848 2,50737500190735
ShoulderCenter 0,104499384760857 0,679248511791229 2,50574469566345
Head 0,107035927474499 0,84728217124939 2,48484921455383
ShoulderLeft -0,0754391178488731 0,574952304363251 2,48755717277527
ElbowLeft -0,315294831991196 0,64313805103302 2,45736169815063
WristLeft -0,542165279388428 0,663366496562958 2,41081261634827
HandLeft -0,628650426864624 0,661082923412323 2,38511252403259
ShoulderRight 0,240123271942139 0,555692791938782 2,511310338974
ElbowRight 0,301204651594162 0,280929177999496 2,47252631187439
WristRight 0,306727260351181 0,0566354691982269 2,40752077102661
HandRight 0,304358154535294 -0,00163802166935056 2,38821959495544
HipLeft 0,0197919122874737 0,175897300243378 2,43239164352417
KneeLeft -0,00250109564512968 -0,281813353300095 2,47545480728149
AnkleLeft 0,0227652806788683 -0,645360708236694 2,47198128700256
FootLeft 0,0289433114230633 -0,679986715316772 2,39407587051392
HipRight 0,158140316605568 0,172114044427872 2,44505429267883
KneeRight 0,193459078669548 -0,287799388170242 2,48784017562866
AnkleRight 0,18427437543869 -0,656609892845154 2,49172353744507
FootRight 0,190452411770821 -0,691235899925232 2,41381812095642

