HipCenter 0,0979392528533936 0,243102267384529 2,44872832298279
Spine 0,0945404917001724 0,307873904705048 2,50622844696045
ShoulderCenter 0,109834671020508 0,67854118347168 2,50453495979309
Head 0,116286717355251 0,845462679862976 2,48655676841736
ShoulderLeft -0,0655157715082169 0,56977379322052 2,48725652694702
ElbowLeft -0,307443469762802 0,586813569068909 2,45389246940613
WristLeft -0,532254815101624 0,563617169857025 2,3985390663147
HandLeft -0,61659699678421 0,543475925922394 2,3687596321106
ShoulderRight 0,245735585689545 0,562312304973602 2,51872897148132
ElbowRight 0,292227149009705 0,270682513713837 2,4644889831543
WristRight 0,309516608715057 0,0463783740997314 2,4038290977478
HandRight 0,305978536605835 -0,00436214543879032 2,38710522651672
HipLeft 0,0274704657495022 0,174948081374168 2,42876720428467
KneeLeft -0,00131047121249139 -0,282458692789078 2,47556352615356
AnkleLeft 0,0231602918356657 -0,647143185138702 2,47100973129272
FootLeft 0,0308720804750919 -0,681767344474792 2,39331936836243
HipRight 0,165032133460045 0,17108628153801 2,44606733322144
KneeRight 0,196549385786057 -0,287393152713776 2,48783922195435
AnkleRight 0,186263024806976 -0,65525621175766 2,49152183532715
FootRight 0,193974807858467 -0,68988037109375 2,41383147239685

