HipCenter 0,0721342414617538 0,204439759254456 2,01591110229492
Spine 0,0544369332492352 0,295303612947464 2,03175687789917
ShoulderCenter 0,0835521593689919 0,75504207611084 2,04831528663635
Head 0,0372912734746933 0,651095330715179 1,90484213829041
ShoulderLeft 0,0287492331117392 0,592659950256348 1,92195582389832
ElbowLeft 0,0474159829318523 0,388858318328857 1,84548246860504
WristLeft 0,2541324198246 0,336630553007126 1,87057995796204
HandLeft 0,31685084104538 0,353242933750153 1,88077294826508
ShoulderRight 0,180717021226883 0,692741215229034 2,15000557899475
ElbowRight 0,164692997932434 0,465754747390747 1,95021688938141
WristRight 0,254972636699677 0,340051293373108 2,17304015159607
HandRight 0,320625603199005 0,341136425733566 2,17163348197937
HipLeft 0,0395605564117432 0,179078608751297 2,00833511352539
KneeLeft 0,0573979206383228 -0,268454700708389 1,97289717197418
AnkleLeft 0,0675575137138367 -0,668157756328583 1,97425007820129
FootLeft 0,157706409692764 -0,741873621940613 1,97554862499237
HipRight 0,102985046803951 0,148115023970604 2,01624917984009
KneeRight 0,031132785603404 -0,363530695438385 1,97854602336884
AnkleRight 0,0306865107268095 -0,741927623748779 1,99124538898468
FootRight 0,103987582027912 -0,750682532787323 2,08282136917114

