HipCenter 0,0653101205825806 0,155490636825562 2,01394557952881
Spine 0,0475304424762726 0,252937734127045 2,02970123291016
ShoulderCenter 0,0799148008227348 0,754767596721649 2,05079221725464
Head 0,0683398470282555 0,638721704483032 1,91099500656128
ShoulderLeft 0,0257036872208118 0,569319069385529 1,91679692268372
ElbowLeft 0,188424721360207 0,348185002803802 1,86002433300018
WristLeft 0,393401145935059 0,342987626791 1,90180397033691
HandLeft 0,456989586353302 0,336018919944763 1,91835927963257
ShoulderRight 0,177079707384109 0,692466676235199 2,15248250961304
ElbowRight 0,113607868552208 0,490730792284012 1,92805004119873
WristRight 0,285995304584503 0,370619833469391 2,10986137390137
HandRight 0,350294023752213 0,370128095149994 2,09464406967163
HipLeft 0,0280840191990137 0,127220958471298 2,02470278739929
KneeLeft 0,0711004585027695 -0,278712600469589 1,97565317153931
AnkleLeft 0,0665050968527794 -0,67244279384613 1,97391736507416
FootLeft 0,152096599340439 -0,740762948989868 1,97352349758148
HipRight 0,100894518196583 0,0911841914057732 1,99627959728241
KneeRight 0,0398757606744766 -0,359900832176209 1,97870659828186
AnkleRight 0,0329077355563641 -0,70149290561676 1,97623777389526
FootRight 0,105658635497093 -0,726024866104126 2,063472032547

