HipCenter 0,0731703042984009 0,201512351632118 2,01900768280029
Spine 0,0556202195584774 0,292566508054733 2,03515768051147
ShoulderCenter 0,0864072144031525 0,75576788187027 2,05575084686279
Head 0,0390846282243729 0,650107145309448 1,91524708271027
ShoulderLeft 0,0421447418630123 0,591397762298584 1,92964708805084
ElbowLeft 0,0544019639492035 0,389175564050674 1,84017753601074
WristLeft 0,283434271812439 0,350766986608505 1,87467432022095
HandLeft 0,344865024089813 0,36579617857933 1,8883204460144
ShoulderRight 0,183572143316269 0,69346684217453 2,15744090080261
ElbowRight 0,167441487312317 0,464940190315247 1,95702719688416
WristRight 0,293011218309402 0,350348442792892 2,17193841934204
HandRight 0,376722633838654 0,347470760345459 2,21457314491272
HipLeft 0,0452525727450848 0,180319145321846 2,01286363601685
KneeLeft 0,0655571892857552 -0,266882866621017 1,97477042675018
AnkleLeft 0,0657893717288971 -0,671551942825317 1,97406554222107
FootLeft 0,153666272759438 -0,741399049758911 1,97292292118073
HipRight 0,100588701665401 0,146302163600922 2,0150158405304
KneeRight 0,0369327068328857 -0,36194920539856 1,9794909954071
AnkleRight 0,0299646928906441 -0,703541159629822 1,9768728017807
FootRight 0,101098977029324 -0,726420879364014 2,06621241569519

