HipCenter -0,0104156639426947 0,0787818506360054 2,43310070037842
Spine 0,012287363409996 0,152577698230743 2,48918628692627
ShoulderCenter -0,0277633517980576 0,578943908214569 2,53311014175415
Head -0,0198844522237778 0,742636859416962 2,55432796478271
ShoulderLeft -0,122855477035046 0,436698138713837 2,4758095741272
ElbowLeft 0,104215450584888 0,266907125711441 2,34340906143188
WristLeft -0,103874839842319 0,0489346981048584 2,35711908340454
HandLeft -0,167484045028687 0,0594395771622658 2,31553173065186
ShoulderRight 0,0639592483639717 0,482765287160873 2,37316226959229
ElbowRight 0,152505621314049 0,19534969329834 2,37979054450989
WristRight 0,0307019334286451 0,429477542638779 2,29739093780518
HandRight -0,00989929772913456 0,507520139217377 2,2744607925415
HipLeft -0,0548916980624199 0,0317070595920086 2,42561912536621
KneeLeft -0,101959683001041 -0,352944165468216 2,45583343505859
AnkleLeft -0,0867012664675713 -0,745742678642273 2,48534154891968
FootLeft -0,066984511911869 -0,858047425746918 2,43435740470886
HipRight 0,0366142615675926 0,0389078930020332 2,4206371307373
KneeRight 0,100931040942669 -0,32789620757103 2,44463157653809
AnkleRight 0,119542226195335 -0,66198056936264 2,45378613471985
FootRight 0,0676361918449402 -0,700209975242615 2,3663763999939

