HipCenter -0,00701177539303899 0,0764606520533562 2,43398308753967
Spine 0,0173332132399082 0,152151837944984 2,4886679649353
ShoulderCenter -0,03269362449646 0,578134775161743 2,52933263778687
Head -0,021588496863842 0,747011423110962 2,55411124229431
ShoulderLeft -0,12484946846962 0,438187956809998 2,48187232017517
ElbowLeft 0,0959970951080322 0,268316805362701 2,33567929267883
WristLeft -0,106290504336357 0,0454142987728119 2,35659670829773
HandLeft -0,169485419988632 0,055850762873888 2,3152801990509
ShoulderRight 0,0572369396686554 0,471885561943054 2,36244916915894
ElbowRight 0,150808110833168 0,195238769054413 2,38240766525269
WristRight 0,0519335865974426 0,420384854078293 2,30960011482239
HandRight 0,0189754106104374 0,495433568954468 2,28993344306946
HipLeft -0,0425271056592464 0,0352248325943947 2,42961859703064
KneeLeft -0,103878676891327 -0,334114253520966 2,45313096046448
AnkleLeft -0,100238285958767 -0,758504629135132 2,47727251052856
FootLeft -0,0580752231180668 -0,863349139690399 2,43768167495728
HipRight 0,0334393307566643 0,041676826775074 2,42219305038452
KneeRight 0,0978549420833588 -0,436370551586151 2,4709997177124
AnkleRight 0,138927221298218 -0,835272312164307 2,49856328964233
FootRight 0,155913352966309 -0,918538570404053 2,44548511505127

