HipCenter -0,00869322661310434 0,0744382366538048 2,43964862823486
Spine 0,0161343887448311 0,150954842567444 2,49450755119324
ShoulderCenter -0,0313237309455872 0,575786530971527 2,53291773796082
Head -0,0246796421706676 0,746884107589722 2,55769348144531
ShoulderLeft -0,12664994597435 0,439550191164017 2,48862648010254
ElbowLeft 0,0946300774812698 0,271643459796906 2,34115791320801
WristLeft -0,104622974991798 0,04629847407341 2,36092138290405
HandLeft -0,167635768651962 0,0567048266530037 2,3197238445282
ShoulderRight 0,00155335897579789 0,464730620384216 2,40614342689514
ElbowRight 0,152676641941071 0,207481265068054 2,38440275192261
WristRight 0,0627349838614464 0,414187431335449 2,32405233383179
HandRight 0,0327544286847115 0,483089506626129 2,30856037139893
HipLeft -0,0444263257086277 0,038130484521389 2,4369900226593
KneeLeft -0,0971918329596519 -0,383176147937775 2,46501231193542
AnkleLeft -0,0844850987195969 -0,826758623123169 2,46895313262939
FootLeft -0,0943243876099586 -0,911189198493958 2,4241771697998
HipRight 0,0289949085563421 0,0428085252642632 2,42721796035767
KneeRight 0,0972056835889816 -0,383975565433502 2,46316480636597
AnkleRight 0,131962031126022 -0,778687655925751 2,48876571655273
FootRight 0,158696040511131 -0,893459379673004 2,44765377044678

