HipCenter -0,0081049632281065 0,0686377212405205 2,43961191177368
Spine 0,0173743739724159 0,145763829350471 2,4944384098053
ShoulderCenter -0,0298527348786592 0,575782001018524 2,53527808189392
Head -0,0180184468626976 0,747594237327576 2,56230235099792
ShoulderLeft -0,125735253095627 0,440455257892609 2,48965001106262
ElbowLeft 0,0926673412322998 0,270397067070007 2,34275126457214
WristLeft -0,106044769287109 0,0459747165441513 2,36160469055176
HandLeft -0,168967679142952 0,0563662983477116 2,3204653263092
ShoulderRight 0,0533302500844002 0,469745069742203 2,36920571327209
ElbowRight 0,155256882309914 0,190347582101822 2,39164137840271
WristRight 0,0764525532722473 0,406340897083282 2,33336877822876
HandRight 0,0501844435930252 0,478338658809662 2,31857919692993
HipLeft -0,0415319427847862 0,0328475311398506 2,43447756767273
KneeLeft -0,0967336222529411 -0,423281162977219 2,48027920722961
AnkleLeft -0,0834265798330307 -0,817444086074829 2,47816634178162
FootLeft -0,096100427210331 -0,914876759052277 2,42579436302185
HipRight 0,0299113336950541 0,0383135378360748 2,43098568916321
KneeRight 0,101825773715973 -0,421139717102051 2,47134709358215
AnkleRight 0,136394992470741 -0,827416300773621 2,48793268203735
FootRight 0,165091082453728 -0,918935298919678 2,43756747245789

