HipCenter -0,00149873283226043 0,067664623260498 2,44784808158875
Spine 0,0272553190588951 0,145131677389145 2,50284600257874
ShoulderCenter -0,0222263317555189 0,579854786396027 2,54906988143921
Head -0,0110576637089252 0,760540544986725 2,57772874832153
ShoulderLeft -0,115959346294403 0,438106298446655 2,49804973602295
ElbowLeft 0,102297201752663 0,266301214694977 2,35303592681885
WristLeft -0,0951929837465286 0,0403022170066834 2,36662435531616
HandLeft -0,157031297683716 0,0505146756768227 2,32619380950928
ShoulderRight 0,00193698285147548 0,467693686485291 2,41109228134155
ElbowRight 0,150130450725555 0,205753475427628 2,39982104301453
WristRight 0,0893942937254906 0,421221703290939 2,36645650863647
HandRight 0,069148913025856 0,493044435977936 2,36008429527283
HipLeft -0,0331774391233921 0,0323662050068378 2,44783091545105
KneeLeft -0,0961100906133652 -0,393507480621338 2,47707676887512
AnkleLeft -0,0827481299638748 -0,820168018341064 2,47240591049194
FootLeft -0,0959012806415558 -0,916246950626373 2,420978307724
HipRight 0,0332909598946571 0,0387906953692436 2,4335241317749
KneeRight 0,0986339375376701 -0,391285687685013 2,46409010887146
AnkleRight 0,137147486209869 -0,83562183380127 2,49522256851196
FootRight 0,163685545325279 -0,916808307170868 2,43586659431458

