HipCenter -0,00110012758523226 0,069787472486496 2,44918155670166
Spine 0,0258615519851446 0,146312072873116 2,50525069236755
ShoulderCenter -0,0212680082768202 0,579787135124207 2,54942727088928
Head -0,0151223419234157 0,760980427265167 2,57751131057739
ShoulderLeft -0,115828171372414 0,437042444944382 2,496901512146
ElbowLeft 0,104987591505051 0,268843412399292 2,3513298034668
WristLeft -0,0939344018697739 0,0442618578672409 2,36652517318726
HandLeft -0,155733168125153 0,0544677600264549 2,32612133026123
ShoulderRight 0,0440478399395943 0,475946962833405 2,38991904258728
ElbowRight 0,156797856092453 0,198652237653732 2,39755535125732
WristRight 0,0893378555774689 0,423101425170898 2,36427235603333
HandRight 0,0668511837720871 0,497917830944061 2,35793209075928
HipLeft -0,0332790240645409 0,0333254113793373 2,44746470451355
KneeLeft -0,0897075608372688 -0,435880720615387 2,49017524719238
AnkleLeft -0,0826590582728386 -0,825188040733337 2,47637271881104
FootLeft -0,094474583864212 -0,914890885353088 2,42074298858643
HipRight 0,0343509390950203 0,0380693525075912 2,4351646900177
KneeRight 0,102007277309895 -0,440097630023956 2,48324489593506
AnkleRight 0,140010923147202 -0,832943201065063 2,49400162696838
FootRight 0,163979053497314 -0,91661411523819 2,43450021743774

