HipCenter 0,000463599455542862 0,0728398784995079 2,45398688316345
Spine 0,0239616576582193 0,148647248744965 2,51286745071411
ShoulderCenter -0,0210708919912577 0,581852614879608 2,55586290359497
Head -0,00391936674714088 0,764715909957886 2,57924747467041
ShoulderLeft -0,108639895915985 0,435509651899338 2,50044369697571
ElbowLeft 0,110391616821289 0,267170011997223 2,35316348075867
WristLeft -0,0939600169658661 0,0473573505878448 2,370361328125
HandLeft -0,154868468642235 0,0574162229895592 2,3305389881134
ShoulderRight 0,0728184059262276 0,425876557826996 2,38919138908386
ElbowRight 0,165743291378021 0,195849448442459 2,3982241153717
WristRight 0,200969144701958 -0,100028574466705 2,43169760704041
HandRight 0,208674401044846 -0,173047661781311 2,42931580543518
HipLeft -0,0382834821939468 0,0314057916402817 2,44774770736694
KneeLeft -0,0923768579959869 -0,367509335279465 2,46888422966003
AnkleLeft -0,0895379334688187 -0,77931797504425 2,47931718826294
FootLeft -0,0937343016266823 -0,884136497974396 2,42892837524414
HipRight 0,0421383306384087 0,0340932868421078 2,4415066242218
KneeRight 0,102172806859016 -0,359112232923508 2,46106171607971
AnkleRight 0,134050458669662 -0,80756938457489 2,4941885471344
FootRight 0,159028589725494 -0,898374438285828 2,43456888198853

