HipCenter 0,00330845336429775 0,0691025853157043 2,44894027709961
Spine 0,0312595255672932 0,14691798388958 2,50432014465332
ShoulderCenter -0,0256508346647024 0,578365921974182 2,54420518875122
Head 0,00658177025616169 0,762555718421936 2,5654501914978
ShoulderLeft -0,112817145884037 0,437097787857056 2,49151158332825
ElbowLeft 0,0824027135968208 0,328654229640961 2,35210013389587
WristLeft -0,089437760412693 0,0799325555562973 2,36253976821899
HandLeft -0,115711070597172 0,0137571766972542 2,36788058280945
ShoulderRight 0,0597506836056709 0,461613416671753 2,36347007751465
ElbowRight 0,162583783268929 0,186789333820343 2,39513111114502
WristRight 0,205241098999977 -0,10971474647522 2,42836332321167
HandRight 0,220197752118111 -0,179515600204468 2,42982268333435
HipLeft -0,0347644835710526 0,0287451148033142 2,44261980056763
KneeLeft -0,0932299643754959 -0,341270297765732 2,45986437797546
AnkleLeft -0,0949085652828217 -0,757207214832306 2,48278427124023
FootLeft -0,0617432706058025 -0,862819671630859 2,43825221061707
HipRight 0,0468329600989819 0,0304962825030088 2,43677639961243
KneeRight 0,100817784667015 -0,351239174604416 2,46125078201294
AnkleRight 0,130446583032608 -0,789000630378723 2,49768590927124
FootRight 0,155744582414627 -0,866987943649292 2,45567870140076

