HipCenter -0,0112214870750904 0,0956040546298027 2,4371657371521
Spine -0,00759546877816319 0,150869384407997 2,50346851348877
ShoulderCenter -0,0138521902263165 0,51566606760025 2,54023957252502
Head -0,0255089178681374 0,700091660022736 2,54770255088806
ShoulderLeft -0,172630131244659 0,379465997219086 2,52652215957642
ElbowLeft -0,236715957522392 0,165847510099411 2,48348355293274
WristLeft -0,208193361759186 0,00803936459124088 2,28778314590454
HandLeft -0,192250773310661 -0,0434122160077095 2,23039197921753
ShoulderRight 0,141286328434944 0,374382793903351 2,50142049789429
ElbowRight 0,202762737870216 0,118604719638824 2,45293378829956
WristRight 0,182472229003906 -0,0689407736063004 2,31854629516602
HandRight 0,158205181360245 -0,147394448518753 2,29205703735352
HipLeft -0,0816389471292496 0,0271951481699944 2,42734432220459
KneeLeft -0,093238428235054 -0,424989312887192 2,47804069519043
AnkleLeft -0,0827077552676201 -0,824513077735901 2,47572422027588
FootLeft -0,0949981510639191 -0,915686130523682 2,42045736312866
HipRight 0,0572027117013931 0,0260584577918053 2,40633320808411
KneeRight 0,0991449654102325 -0,43866091966629 2,47136235237122
AnkleRight 0,138193994760513 -0,833296120166779 2,49344563484192
FootRight 0,165183484554291 -0,917629182338715 2,4351372718811

