HipCenter -0,0118397455662489 0,08871940523386 2,4354248046875
Spine -0,00687905726954341 0,146226957440376 2,5009491443634
ShoulderCenter -0,018986726179719 0,513375282287598 2,53293752670288
Head -0,0316134691238403 0,698009192943573 2,54359269142151
ShoulderLeft -0,172863468527794 0,378695607185364 2,52490448951721
ElbowLeft -0,224164456129074 0,103753976523876 2,46611714363098
WristLeft -0,227345660328865 -0,0933744832873344 2,34633374214172
HandLeft -0,23503004014492 -0,13061597943306 2,3169858455658
ShoulderRight 0,125769317150116 0,371611028909683 2,48878645896912
ElbowRight 0,198961064219475 0,0997309610247612 2,4574294090271
WristRight 0,215752527117729 -0,1119689270854 2,37326097488403
HandRight 0,206451550126076 -0,205184087157249 2,34915971755981
HipLeft -0,0789919793605804 0,0189701542258263 2,42822504043579
KneeLeft -0,0975570306181908 -0,42793595790863 2,47668862342834
AnkleLeft -0,0845882892608643 -0,82203882932663 2,47353625297546
FootLeft -0,0411822162568569 -0,91605281829834 2,41956400871277
HipRight 0,0566892102360725 0,0246675536036491 2,40633368492126
KneeRight 0,0923898816108704 -0,400074183940887 2,45444416999817
AnkleRight 0,13347128033638 -0,812883615493774 2,49358367919922
FootRight 0,161479368805885 -0,915655851364136 2,43893551826477

