HipCenter -0,018546175211668 0,0840917751193047 2,43351626396179
Spine -0,0158058125525713 0,141676664352417 2,49843788146973
ShoulderCenter -0,0251483246684074 0,509460926055908 2,52794933319092
Head -0,0308801792562008 0,693601906299591 2,53629350662231
ShoulderLeft -0,174266755580902 0,37721848487854 2,51984977722168
ElbowLeft -0,227468356490135 0,12460321187973 2,47425770759583
WristLeft -0,223201900720596 -0,124404393136501 2,38176774978638
HandLeft -0,234809264540672 -0,1941799223423 2,37146544456482
ShoulderRight 0,130651399493217 0,368559747934341 2,49535465240479
ElbowRight 0,190649807453156 0,0909694880247116 2,46496367454529
WristRight 0,214716643095016 -0,123622491955757 2,39238595962524
HandRight 0,209162279963493 -0,217447966337204 2,36961317062378
HipLeft -0,0862769484519959 0,018654452636838 2,42322897911072
KneeLeft -0,0945462435483933 -0,42529222369194 2,47127771377563
AnkleLeft -0,0940686613321304 -0,813561975955963 2,47937607765198
FootLeft -0,0957266241312027 -0,91629946231842 2,41578984260559
HipRight 0,0510229803621769 0,0168479923158884 2,40949034690857
KneeRight 0,0911191925406456 -0,430454462766647 2,46423292160034
AnkleRight 0,138303816318512 -0,82808655500412 2,49118947982788
FootRight 0,163725301623344 -0,918293297290802 2,44489359855652

