HipCenter -0,0187504403293133 0,0829091817140579 2,4333233833313
Spine -0,0162872672080994 0,140634447336197 2,49819731712341
ShoulderCenter -0,0244874954223633 0,508505642414093 2,52728247642517
Head -0,0308376401662827 0,692711532115936 2,53633069992065
ShoulderLeft -0,173822075128555 0,376157879829407 2,51788568496704
ElbowLeft -0,227712422609329 0,124080933630466 2,47446990013123
WristLeft -0,222253859043121 -0,125419199466705 2,38191819190979
HandLeft -0,232095837593079 -0,195758551359177 2,37376928329468
ShoulderRight 0,131752729415894 0,367827892303467 2,49587440490723
ElbowRight 0,189866006374359 0,0893604755401611 2,46514248847961
WristRight 0,211451560258865 -0,125107035040855 2,39111852645874
HandRight 0,206904470920563 -0,219151526689529 2,36897826194763
HipLeft -0,0870605856180191 0,0166340302675962 2,42216396331787
KneeLeft -0,0959625095129013 -0,428074240684509 2,47208309173584
AnkleLeft -0,0915606841444969 -0,817523181438446 2,47783422470093
FootLeft -0,0950265303254128 -0,91509622335434 2,41638565063477
HipRight 0,0509322434663773 0,015275239944458 2,41005659103394
KneeRight 0,0916027575731277 -0,437234848737717 2,46553134918213
AnkleRight 0,138178646564484 -0,827954471111298 2,49116206169128
FootRight 0,163376778364182 -0,91778290271759 2,44382238388062

