HipCenter 0,113647177815437 0,227806806564331 2,81810021400452
Spine 0,126536563038826 0,298373520374298 2,8846001625061
ShoulderCenter 0,128740131855011 0,7171950340271 2,8958375453949
Head 0,116986095905304 0,915948152542114 2,91840720176697
ShoulderLeft -0,0493688732385635 0,575246572494507 2,88571572303772
ElbowLeft -0,209831163287163 0,378651022911072 2,78833866119385
WristLeft -0,382475912570953 0,205630421638489 2,64476275444031
HandLeft -0,453922152519226 0,161088883876801 2,6133279800415
ShoulderRight 0,282554000616074 0,597693681716919 2,82880139350891
ElbowRight 0,382935166358948 0,361223161220551 2,71696329116821
WristRight 0,307265669107437 0,148692145943642 2,5955867767334
HandRight 0,263205856084824 0,0616153851151466 2,55393385887146
HipLeft 0,03808818385005 0,151950925588608 2,81729197502136
KneeLeft -0,0159502606838942 -0,431449830532074 2,82776069641113
AnkleLeft -0,0255185589194298 -0,827984035015106 2,83010339736938
FootLeft -0,0439892001450062 -0,909840106964111 2,76447677612305
HipRight 0,185989663004875 0,153993964195251 2,78935742378235
KneeRight 0,255635321140289 -0,430947482585907 2,80077195167542
AnkleRight 0,266344457864761 -0,839857935905457 2,81101274490356
FootRight 0,26520973443985 -0,918353319168091 2,74543476104736

