HipCenter -0,00484361872076988 0,290039360523224 2,39394330978394
Spine -0,00997471623122692 0,338023662567139 2,44717264175415
ShoulderCenter -0,00454432656988502 0,634644031524658 2,45648574829102
Head -0,0211188532412052 0,800870180130005 2,44195318222046
ShoulderLeft -0,123279139399529 0,62625116109848 2,41057848930359
ElbowLeft -0,198652029037476 0,769725263118744 2,2169725894928
WristLeft -0,162695705890656 0,596179366111755 2,29700040817261
HandLeft -0,150710269808769 0,538330733776093 2,32787132263184
ShoulderRight 0,119378283619881 0,605379223823547 2,43382430076599
ElbowRight 0,144032225012779 0,777046740055084 2,25914120674133
WristRight 0,147720545530319 0,941421806812286 2,12784767150879
HandRight 0,14873580634594 0,994722187519073 2,08958101272583
HipLeft -0,0616379827260971 0,236633270978928 2,37503528594971
KneeLeft -0,0796038061380386 -0,27136218547821 2,34158968925476
AnkleLeft -0,0453891754150391 -0,61468917131424 2,45201873779297
FootLeft -0,0362857021391392 -0,648302316665649 2,37538743019104
HipRight 0,0523977242410183 0,233768478035927 2,38940596580505
KneeRight 0,0931769162416458 -0,26006492972374 2,36552023887634
AnkleRight 0,0796906054019928 -0,60903787612915 2,46467471122742
FootRight 0,0887940749526024 -0,64265102148056 2,38804340362549

