HipCenter 0,124929428100586 0,166536301374435 2,38084983825684
Spine 0,126795932650566 0,248789802193642 2,427649974823
ShoulderCenter 0,114139497280121 0,686791479587555 2,42528963088989
Head 0,129568532109261 0,862395763397217 2,45204043388367
ShoulderLeft -0,0128910792991519 0,446783125400543 2,33070278167725
ElbowLeft -0,203663185238838 0,452268809080124 2,27419924736023
WristLeft -0,389710813760757 0,268947541713715 2,24844217300415
HandLeft -0,451726675033569 0,207840442657471 2,24426937103271
ShoulderRight 0,142068892717361 0,539125502109528 2,32591652870178
ElbowRight -0,104602456092834 0,457280606031418 2,27108931541443
WristRight -0,294798642396927 0,482748776674271 2,28091907501221
HandRight -0,353799760341644 0,480956643819809 2,28374171257019
HipLeft 0,0777163952589035 0,115137442946434 2,37656092643738
KneeLeft -0,00804605800658464 -0,263392388820648 2,57215094566345
AnkleLeft 0,119254738092422 -0,5788694024086 2,51940965652466
FootLeft 0,110949672758579 -0,61658501625061 2,43771290779114
HipRight 0,174573719501495 0,135984763503075 2,37572455406189
KneeRight 0,116634041070938 -0,312319606542587 2,33078527450562
AnkleRight 0,171628713607788 -0,625413537025452 2,42887425422668
FootRight 0,142005831003189 -0,698746681213379 2,4512767791748

