HipCenter 0,126172333955765 0,164180159568787 2,3807520866394
Spine 0,117822974920273 0,24654246866703 2,42838287353516
ShoulderCenter 0,118789523839951 0,686037838459015 2,42487764358521
Head 0,135418176651001 0,861870050430298 2,45576572418213
ShoulderLeft -0,02982965297997 0,471029728651047 2,29050493240356
ElbowLeft -0,220537543296814 0,444318771362305 2,28063702583313
WristLeft -0,400190770626068 0,255846083164215 2,2437949180603
HandLeft -0,460075169801712 0,193021848797798 2,23592758178711
ShoulderRight 0,143689826130867 0,538129091262817 2,3248884677887
ElbowRight -0,100618004798889 0,449439108371735 2,2705774307251
WristRight -0,289745986461639 0,481965214014053 2,28004288673401
HandRight -0,348738580942154 0,480173379182816 2,28286504745483
HipLeft 0,0777304023504257 0,112401485443115 2,37698125839233
KneeLeft -0,00763559201732278 -0,264353066682816 2,57216882705688
AnkleLeft 0,118570074439049 -0,580726623535156 2,52181029319763
FootLeft 0,130710765719414 -0,618523061275482 2,44067311286926
HipRight 0,176638841629028 0,133013278245926 2,37513566017151
KneeRight 0,115947939455509 -0,314053922891617 2,33160543441772
AnkleRight 0,170533806085587 -0,62708193063736 2,4307062625885
FootRight 0,141318634152412 -0,698980152606964 2,45214557647705

