HipCenter 0,0818752720952034 0,0236899834126234 2,374436378479
Spine 0,0625349655747414 0,0676199048757553 2,38866019248962
ShoulderCenter -0,0790274366736412 0,258845001459122 2,38516068458557
Head -0,212311685085297 0,442268818616867 2,40702700614929
ShoulderLeft -0,19280318915844 0,159921616315842 2,47932839393616
ElbowLeft -0,44765168428421 0,142800033092499 2,38922429084778
WristLeft -0,662665486335754 0,267691403627396 2,28929734230042
HandLeft -0,892436861991882 0,454722940921783 2,24267411231995
ShoulderRight -0,00684570241719484 0,37306410074234 2,34796857833862
ElbowRight -0,264565676450729 0,42370018362999 2,30328679084778
WristRight -0,439955055713654 0,504521429538727 2,26586127281189
HandRight -0,498418182134628 0,531461834907532 2,2578341960907
HipLeft 0,0861529037356377 -0,0583473369479179 2,38126254081726
KneeLeft 0,171901822090149 -0,411283582448959 2,47762823104858
AnkleLeft 0,145364880561829 -0,64826762676239 2,5259096622467
FootLeft 0,136510387063026 -0,698638260364532 2,46769428253174
HipRight 0,153991892933846 0,000866520800627768 2,36089158058167
KneeRight 0,213080197572708 -0,409787893295288 2,3598415851593
AnkleRight 0,181825548410416 -0,659049987792969 2,43770265579224
FootRight 0,129618123173714 -0,710806012153625 2,46220445632935

