HipCenter 0,068070575594902 0,117143824696541 2,73655152320862
Spine 0,0682120844721794 0,1821598559618 2,80086469650269
ShoulderCenter 0,0835058614611626 0,578622877597809 2,82950520515442
Head 0,0793479979038239 0,762924432754517 2,80380630493164
ShoulderLeft -0,077117070555687 0,47910088300705 2,77875590324402
ElbowLeft -0,165731370449066 0,435675710439682 2,51137137413025
WristLeft -0,146752640604973 0,337370663881302 2,27781128883362
HandLeft -0,140465125441551 0,30480295419693 2,20521879196167
ShoulderRight 0,234550625085831 0,470415860414505 2,79174971580505
ElbowRight 0,30706724524498 0,380904853343964 2,57492852210999
WristRight 0,224800050258636 0,292697668075562 2,2870557308197
HandRight 0,257693946361542 0,266612678766251 2,22910761833191
HipLeft -0,00603758078068495 0,0517692565917969 2,71647596359253
KneeLeft -0,0437720790505409 -0,471351057291031 2,73893332481384
AnkleLeft -0,0429124683141708 -0,855670094490051 2,74259281158447
FootLeft -0,057233203202486 -0,917885303497314 2,68884658813477
HipRight 0,137325167655945 0,0415400937199593 2,72534918785095
KneeRight 0,164675533771515 -0,478357702493668 2,72288489341736
AnkleRight 0,181699320673943 -0,862459182739258 2,72659993171692
FootRight 0,189240097999573 -0,921505987644196 2,6642792224884

