HipCenter 0,0643168315291405 0,139099434018135 2,73476147651672
Spine 0,0666856914758682 0,202897787094116 2,79923462867737
ShoulderCenter 0,0895849168300629 0,597377896308899 2,82620334625244
Head 0,0875505357980728 0,776572704315186 2,82534956932068
ShoulderLeft -0,0652081891894341 0,500052571296692 2,77759671211243
ElbowLeft -0,160246759653091 0,580174803733826 2,54702830314636
WristLeft -0,160605981945992 0,719703495502472 2,2694296836853
HandLeft -0,165336668491364 0,754892110824585 2,21177363395691
ShoulderRight 0,227001816034317 0,483590930700302 2,78254652023315
ElbowRight 0,293224364519119 0,554416000843048 2,54549503326416
WristRight 0,296624928712845 0,683154702186584 2,28918695449829
HandRight 0,293456166982651 0,724173903465271 2,22053909301758
HipLeft -0,00796891935169697 0,0794831588864326 2,71601104736328
KneeLeft -0,0432114005088806 -0,469125241041183 2,73922681808472
AnkleLeft -0,0390515476465225 -0,860646724700928 2,74134564399719
FootLeft -0,0598653182387352 -0,921343684196472 2,6880099773407
HipRight 0,129826873540878 0,0705505833029747 2,72317171096802
KneeRight 0,166761487722397 -0,476007103919983 2,72500514984131
AnkleRight 0,182657346129417 -0,867257237434387 2,72738027572632
FootRight 0,191383048892021 -0,925289273262024 2,65908670425415

