HipCenter 0,0689187124371529 0,206922501325607 2,73753476142883
Spine 0,0731628015637398 0,263857036828995 2,79754877090454
ShoulderCenter 0,0887774750590324 0,612938582897186 2,80323195457459
Head 0,0765275061130524 0,785100042819977 2,80465626716614
ShoulderLeft -0,0821063071489334 0,568449735641479 2,80527019500732
ElbowLeft -0,153000548481941 0,782858908176422 2,70790123939514
WristLeft -0,18335922062397 0,997481822967529 2,65688157081604
HandLeft -0,185910910367966 1,02873766422272 2,65497851371765
ShoulderRight 0,237167105078697 0,563964784145355 2,79954981803894
ElbowRight 0,300626993179321 0,7978835105896 2,71065235137939
WristRight 0,299302279949188 1,01207852363586 2,64681696891785
HandRight 0,298155635595322 1,08788323402405 2,63252019882202
HipLeft -0,00934576988220215 0,140542820096016 2,72349381446838
KneeLeft -0,0431227013468742 -0,461003601551056 2,73814058303833
AnkleLeft -0,042476873844862 -0,854031145572662 2,74429631233215
FootLeft -0,058101162314415 -0,918103992938995 2,69117712974548
HipRight 0,139982864260674 0,132165029644966 2,72432684898376
KneeRight 0,168335899710655 -0,470201849937439 2,72379493713379
AnkleRight 0,183755457401276 -0,864775061607361 2,73158955574036
FootRight 0,190595358610153 -0,921553552150726 2,65980815887451

