HipCenter 0,0695212185382843 0,208180725574493 2,73845052719116
Spine 0,0735228136181831 0,264912098646164 2,79823160171509
ShoulderCenter 0,0887657105922699 0,612937092781067 2,80318999290466
Head 0,0766882002353668 0,784971475601196 2,80415081977844
ShoulderLeft -0,0815747827291489 0,572231590747833 2,80644917488098
ElbowLeft -0,151465326547623 0,784290075302124 2,71261167526245
WristLeft -0,183415859937668 0,998146414756775 2,65865159034729
HandLeft -0,186213180422783 1,03185796737671 2,65940308570862
ShoulderRight 0,23712956905365 0,564851582050323 2,80041360855103
ElbowRight 0,297780305147171 0,800444841384888 2,71191048622131
WristRight 0,300246685743332 1,0156729221344 2,65289068222046
HandRight 0,299395501613617 1,0921243429184 2,64265251159668
HipLeft -0,00836714264005423 0,142161086201668 2,7248969078064
KneeLeft -0,0429928228259087 -0,459360003471375 2,73818874359131
AnkleLeft -0,0426207631826401 -0,853676795959473 2,74475717544556
FootLeft -0,0571490526199341 -0,918249487876892 2,68927454948425
HipRight 0,140659421682358 0,13349437713623 2,72523832321167
KneeRight 0,168229207396507 -0,468887388706207 2,72383189201355
AnkleRight 0,18498882651329 -0,8682501912117 2,73016500473022
FootRight 0,19081723690033 -0,922502517700195 2,65927910804749

