HipCenter 0,0410089194774628 0,116801962256432 2,99017071723938
Spine 0,0463251806795597 0,188125774264336 3,04725432395935
ShoulderCenter 0,056704718619585 0,580204606056213 3,03749394416809
Head 0,00948086753487587 0,762042760848999 3,05539894104004
ShoulderLeft -0,0874833166599274 0,515324294567108 3,04609227180481
ElbowLeft -0,093048557639122 0,297514706850052 3,00883078575134
WristLeft 0,0614068210124969 0,32572540640831 3,10927820205688
HandLeft 0,101363956928253 0,321211963891983 3,11843657493591
ShoulderRight 0,206290170550346 0,53660374879837 3,02653336524963
ElbowRight 0,243149429559708 0,316788256168365 2,97012639045715
WristRight 0,222275719046593 0,506803572177887 2,920166015625
HandRight 0,179514691233635 0,5268594622612 2,86685657501221
HipLeft -0,0270453691482544 0,0542723648250103 2,98353600502014
KneeLeft -0,0804712250828743 -0,506895005702972 3,02952790260315
AnkleLeft -0,0904268771409988 -0,892932951450348 3,02762055397034
FootLeft -0,11695097386837 -0,949180722236633 2,94065022468567
HipRight 0,1059480458498 0,054336704313755 2,98097252845764
KneeRight 0,139880463480949 -0,526020169258118 3,04731416702271
AnkleRight 0,172770500183105 -0,875991880893707 3,01109981536865
FootRight 0,18030121922493 -0,943971276283264 2,93302488327026

