HipCenter 0,0380165278911591 0,122555911540985 2,99301028251648
Spine 0,0480104610323906 0,204917848110199 3,0496506690979
ShoulderCenter 0,0171162430197001 0,666848838329315 3,04395866394043
Head -0,0124601628631353 0,850897789001465 3,04856872558594
ShoulderLeft -0,0944283604621887 0,507647454738617 3,05711317062378
ElbowLeft -0,0842118039727211 0,302592694759369 3,03597044944763
WristLeft 0,0694686248898506 0,330661863088608 3,13574576377869
HandLeft 0,110200695693493 0,3262899518013 3,14547991752625
ShoulderRight 0,1957897990942 0,540421009063721 2,98644042015076
ElbowRight 0,243761032819748 0,31385463476181 2,97471380233765
WristRight 0,218788310885429 0,504300475120544 2,92311549186707
HandRight 0,175601810216904 0,528229296207428 2,86907887458801
HipLeft -0,0311666801571846 0,0557379350066185 2,9900438785553
KneeLeft -0,0573016926646233 -0,514216542243958 3,07612490653992
AnkleLeft -0,0874301046133041 -0,89629077911377 3,03872394561768
FootLeft -0,116710215806961 -0,938318610191345 2,95932221412659
HipRight 0,110545128583908 0,0592986829578877 2,98002600669861
KneeRight 0,1452666670084 -0,52184009552002 3,0330023765564
AnkleRight 0,169278249144554 -0,895804286003113 3,01550030708313
FootRight 0,182058542966843 -0,946666777133942 2,93376684188843

