HipCenter 0,0395665653049946 0,138726085424423 3,00725603103638
Spine 0,0283766575157642 0,208361268043518 3,0664587020874
ShoulderCenter 0,0290031097829342 0,614008188247681 3,06946444511414
Head 0,0131466742604971 0,803110599517822 3,11205220222473
ShoulderLeft -0,0905125290155411 0,512278020381927 3,05889511108398
ElbowLeft -0,0954884067177773 0,31437885761261 3,03979563713074
WristLeft 0,0560151413083076 0,342050403356552 3,13783550262451
HandLeft 0,0989240780472755 0,338076084852219 3,14918637275696
ShoulderRight 0,264815151691437 0,561675667762756 3,12916707992554
ElbowRight 0,241640254855156 0,33142963051796 2,98649001121521
WristRight 0,205224052071571 0,576997816562653 2,91994619369507
HandRight 0,162037551403046 0,600926578044891 2,86590957641602
HipLeft -0,0315591804683208 0,0645262151956558 2,99843668937683
KneeLeft -0,0566350817680359 -0,526271104812622 3,08647274971008
AnkleLeft -0,0887003839015961 -0,895118713378906 3,0351288318634
FootLeft -0,11918318271637 -0,946881711483002 2,9386293888092
HipRight 0,114635780453682 0,06773941218853 2,99173974990845
KneeRight 0,141269475221634 -0,520221948623657 3,05151128768921
AnkleRight 0,167574197053909 -0,890491783618927 3,01360201835632
FootRight 0,178613573312759 -0,945922136306763 2,93642354011536

