HipCenter 0,0392829813063145 0,141868248581886 3,00513482093811
Spine 0,0282325092703104 0,219214394688606 3,06537938117981
ShoulderCenter 0,0269809029996395 0,617777705192566 3,05968928337097
Head 0,00754037499427795 0,807528257369995 3,10644578933716
ShoulderLeft -0,0906026512384415 0,509472787380219 3,05432534217834
ElbowLeft -0,0940677523612976 0,318835496902466 3,03205275535584
WristLeft 0,0565937608480453 0,354233354330063 3,12906122207642
HandLeft 0,100450664758682 0,348359823226929 3,14121270179749
ShoulderRight 0,260969340801239 0,551992893218994 3,11710810661316
ElbowRight 0,238712400197983 0,32062441110611 2,97637104988098
WristRight 0,214773193001747 0,505654275417328 2,9220290184021
HandRight 0,171660631895065 0,529011428356171 2,86811542510986
HipLeft -0,0363588258624077 0,0659336820244789 2,99819326400757
KneeLeft -0,0528854243457317 -0,532845497131348 3,09518909454346
AnkleLeft -0,0907118991017342 -0,895724177360535 3,03340244293213
FootLeft -0,11307168006897 -0,944625198841095 2,95550632476807
HipRight 0,120391957461834 0,0679169371724129 2,99008178710938
KneeRight 0,142398551106453 -0,526533842086792 3,05603456497192
AnkleRight 0,137132093310356 -0,904129385948181 3,07294607162476
FootRight 0,169249176979065 -0,936278700828552 2,96190023422241

