HipCenter 0,0510366149246693 0,1476039737463 3,00408720970154
Spine 0,0446033701300621 0,195710182189941 3,05650639533997
ShoulderCenter 0,0832335874438286 0,479999452829361 3,04578924179077
Head 0,00128814578056335 0,751510143280029 3,09424924850464
ShoulderLeft -0,0977479517459869 0,50094735622406 3,05224394798279
ElbowLeft -0,0987339690327644 0,312082350254059 3,03512573242188
WristLeft 0,0513653829693794 0,340603113174438 3,1330201625824
HandLeft 0,0956828743219376 0,336597681045532 3,14543294906616
ShoulderRight 0,273843973875046 0,555177569389343 3,14903473854065
ElbowRight 0,247013777494431 0,343079924583435 2,98191738128662
WristRight 0,197420716285706 0,557674646377563 2,90783858299255
HandRight 0,154234200716019 0,581603348255157 2,8538019657135
HipLeft -0,0400057099759579 0,0631445795297623 2,99853086471558
KneeLeft -0,0789951160550117 -0,474158644676209 3,03317856788635
AnkleLeft -0,0894344747066498 -0,875756680965424 3,0287778377533
FootLeft -0,114116556942463 -0,935171842575073 2,95764994621277
HipRight 0,1266238540411 0,0681647583842278 2,98234105110168
KneeRight 0,143478125333786 -0,48572438955307 3,03531742095947
AnkleRight 0,136014491319656 -0,898895263671875 3,07349300384521
FootRight 0,173523664474487 -0,937336444854736 2,96178531646729

