HipCenter 0,051011249423027 0,148556083440781 3,00134873390198
Spine 0,046365424990654 0,196427300572395 3,05376601219177
ShoulderCenter 0,081980973482132 0,478360235691071 3,04169511795044
Head 0,0036274790763855 0,752764463424683 3,08686375617981
ShoulderLeft -0,0974080413579941 0,504116535186768 3,04625558853149
ElbowLeft -0,0998646840453148 0,315379083156586 3,0303795337677
WristLeft 0,0500236228108406 0,34572970867157 3,12804841995239
HandLeft 0,0945765823125839 0,34128326177597 3,1406717300415
ShoulderRight 0,267011791467667 0,548475384712219 3,12546586990356
ElbowRight 0,242065981030464 0,331007182598114 2,96672105789185
WristRight 0,19797682762146 0,556264460086823 2,90293622016907
HandRight 0,154790341854095 0,580193161964417 2,84889960289001
HipLeft -0,0400113984942436 0,0633983537554741 2,99597978591919
KneeLeft -0,0808859169483185 -0,471563696861267 3,0267186164856
AnkleLeft -0,0903899297118187 -0,875952661037445 3,02971649169922
FootLeft -0,117915540933609 -0,936298787593842 2,9583306312561
HipRight 0,127080708742142 0,0686480402946472 2,98133897781372
KneeRight 0,140536054968834 -0,491208672523499 3,0456109046936
AnkleRight 0,170729637145996 -0,878976345062256 3,01107597351074
FootRight 0,180144235491753 -0,944697558879852 2,94229435920715

