HipCenter 0,133632883429527 0,0642327517271042 2,50859928131104
Spine 0,128774762153625 0,129897311329842 2,56807160377502
ShoulderCenter 0,131383046507835 0,513033747673035 2,57130908966064
Head 0,14793835580349 0,69070166349411 2,58002114295959
ShoulderLeft -0,0134653644636273 0,401408314704895 2,54571628570557
ElbowLeft -0,253763258457184 0,423719048500061 2,5412232875824
WristLeft -0,479264736175537 0,426908254623413 2,50277137756348
HandLeft -0,554431915283203 0,427971333265305 2,49470663070679
ShoulderRight 0,278725534677505 0,384010463953018 2,56795382499695
ElbowRight 0,320815294981003 0,115048296749592 2,56605339050293
WristRight 0,336955100297928 -0,0935299322009087 2,46415400505066
HandRight 0,337423145771027 -0,167017146945 2,43577313423157
HipLeft 0,0696248114109039 0,00168393366038799 2,48340320587158
KneeLeft 0,0201591905206442 -0,505186080932617 2,47779536247253
AnkleLeft 0,0127139203250408 -0,83265233039856 2,47924184799194
FootLeft 0,00370772276073694 -0,911421954631805 2,43987059593201
HipRight 0,198307901620865 -0,00535557419061661 2,51101326942444
KneeRight 0,232229933142662 -0,521403074264526 2,49095249176025
AnkleRight 0,256743252277374 -0,826393723487854 2,49142074584961
FootRight 0,251017183065414 -0,908995032310486 2,43817710876465

