HipCenter 0,124169163405895 0,0741308778524399 2,51354146003723
Spine 0,118650823831558 0,13830441236496 2,57298183441162
ShoulderCenter 0,126215159893036 0,514576852321625 2,57843852043152
Head 0,153562918305397 0,691386461257935 2,58640313148499
ShoulderLeft -0,0122874844819307 0,420791000127792 2,55743980407715
ElbowLeft -0,261385262012482 0,506058692932129 2,54617118835449
WristLeft -0,479652345180511 0,55906343460083 2,49955868721008
HandLeft -0,572991013526917 0,563560307025909 2,48237895965576
ShoulderRight 0,279510915279388 0,381780385971069 2,58340120315552
ElbowRight 0,308848142623901 0,109810173511505 2,57631158828735
WristRight 0,329685807228088 -0,123872093856335 2,47332620620728
HandRight 0,329183399677277 -0,190166383981705 2,45016050338745
HipLeft 0,0601073056459427 0,0134731102734804 2,48946857452393
KneeLeft 0,00812876038253307 -0,502868831157684 2,47499203681946
AnkleLeft 0,016312837600708 -0,840330958366394 2,47599172592163
FootLeft 0,00636656070128083 -0,913423538208008 2,43814444541931
HipRight 0,187900900840759 0,00158654293045402 2,5143518447876
KneeRight 0,218606919050217 -0,51584255695343 2,4891631603241
AnkleRight 0,25512820482254 -0,83178722858429 2,49084329605103
FootRight 0,244563370943069 -0,90979140996933 2,43650507926941

