HipCenter 0,125252246856689 0,0734437555074692 2,51500558853149
Spine 0,120358623564243 0,137722998857498 2,57436847686768
ShoulderCenter 0,12658204138279 0,514475584030151 2,57940983772278
Head 0,154987126588821 0,691665589809418 2,58818650245667
ShoulderLeft -0,0136561822146177 0,422426670789719 2,56027936935425
ElbowLeft -0,263499110937119 0,506867408752441 2,54660987854004
WristLeft -0,481363534927368 0,560353875160217 2,49792528152466
HandLeft -0,574672877788544 0,565519094467163 2,48133540153503
ShoulderRight 0,277616411447525 0,380590289831162 2,58129167556763
ElbowRight 0,309574902057648 0,109824135899544 2,57731223106384
WristRight 0,331016302108765 -0,104483492672443 2,48873353004456
HandRight 0,330002546310425 -0,17930006980896 2,45910859107971
HipLeft 0,061262235045433 0,0130514865741134 2,4903244972229
KneeLeft 0,00878799986094236 -0,502805292606354 2,47549366950989
AnkleLeft 0,0156979281455278 -0,838257193565369 2,4761860370636
FootLeft 0,00450464012101293 -0,912781357765198 2,43289279937744
HipRight 0,18894299864769 0,00105499150231481 2,51606321334839
KneeRight 0,219353288412094 -0,516572177410126 2,48992252349854
AnkleRight 0,251631617546082 -0,829802632331848 2,49285840988159
FootRight 0,246655344963074 -0,906299531459808 2,43746328353882

