HipCenter 0,123860038816929 0,0594819076359272 2,51540684700012
Spine 0,119334205985069 0,126443400979042 2,57517147064209
ShoulderCenter 0,123336046934128 0,513979554176331 2,58047962188721
Head 0,141345992684364 0,691411554813385 2,59187865257263
ShoulderLeft -0,0109902294352651 0,392750978469849 2,55051636695862
ElbowLeft -0,201225399971008 0,264645725488663 2,49613237380981
WristLeft -0,361349999904633 0,122513547539711 2,40847945213318
HandLeft -0,416215598583221 0,0493486523628235 2,35529971122742
ShoulderRight 0,273325860500336 0,381239920854568 2,57383751869202
ElbowRight 0,308811187744141 0,112160325050354 2,57392525672913
WristRight 0,328458368778229 -0,0981345176696777 2,47831726074219
HandRight 0,329295307397842 -0,168515652418137 2,45231866836548
HipLeft 0,0602733492851257 0,000128082523588091 2,49309110641479
KneeLeft 0,0104201277717948 -0,50567227602005 2,48512077331543
AnkleLeft 0,0162083115428686 -0,830486834049225 2,47626757621765
FootLeft 0,00496681313961744 -0,916035294532776 2,43942975997925
HipRight 0,186866566538811 -0,00845515727996826 2,51564002037048
KneeRight 0,221357390284538 -0,52251923084259 2,4942626953125
AnkleRight 0,254124850034714 -0,824349641799927 2,49113821983337
FootRight 0,241869240999222 -0,902762591838837 2,44554138183594

