HipCenter 0,31318923830986 -0,121931187808514 2,57698035240173
Spine 0,252534955739975 -0,0827289447188377 2,5700740814209
ShoulderCenter -0,0517583638429642 0,118136778473854 2,54695606231689
Head -0,112109363079071 0,288214564323425 2,60090351104736
ShoulderLeft -0,184607803821564 0,0408945269882679 2,67788600921631
ElbowLeft -0,22618904709816 0,227393835783005 2,46905183792114
WristLeft -0,44111955165863 0,325428903102875 2,49782156944275
HandLeft -0,512763023376465 0,358107268810272 2,51181483268738
ShoulderRight 0,0607780255377293 0,150780543684959 2,49801158905029
ElbowRight -0,169779986143112 0,225971609354019 2,44535064697266
WristRight -0,435772091150284 0,307254493236542 2,47271585464478
HandRight -0,480540633201599 0,355153739452362 2,47381138801575
HipLeft 0,332932531833649 -0,223917931318283 2,60460186004639
KneeLeft 0,301548331975937 -0,696194410324097 2,60722756385803
AnkleLeft 0,227605611085892 -0,863302707672119 2,59733605384827
FootLeft 0,203028872609138 -0,926949024200439 2,53813529014587
HipRight 0,407295703887939 -0,0923032388091087 2,55341196060181
KneeRight 0,53066623210907 -0,48211196064949 2,45769309997559
AnkleRight 0,565472304821014 -0,841919422149658 2,45946311950684
FootRight 0,522621095180511 -0,913263440132141 2,46155476570129

