HipCenter 0,0764150843024254 0,0870445817708969 2,58172297477722
Spine 0,107815645635128 0,159260168671608 2,60169506072998
ShoulderCenter 0,0707997232675552 0,524627566337585 2,60088872909546
Head 0,072580561041832 0,703524231910706 2,67102646827698
ShoulderLeft -0,0314433611929417 0,535553574562073 2,86824774742126
ElbowLeft -0,141484007239342 0,297090828418732 2,81318354606628
WristLeft -0,294936537742615 0,194943696260452 2,5931384563446
HandLeft -0,346087396144867 0,160894647240639 2,52414298057556
ShoulderRight 0,148316740989685 0,396020650863647 2,55221199989319
ElbowRight -0,116751998662949 0,332372486591339 2,47645330429077
WristRight -0,393033742904663 0,336046755313873 2,48530054092407
HandRight -0,43584731221199 0,384134411811829 2,479572057724
HipLeft 0,0301245152950287 0,0392119437456131 2,57138895988464
KneeLeft 0,186327487230301 -0,445913255214691 2,63934803009033
AnkleLeft 0,219329014420509 -0,875901758670807 2,6102192401886
FootLeft 0,151318237185478 -0,911473393440247 2,56847167015076
HipRight 0,124011486768723 0,0351134799420834 2,57949328422546
KneeRight 0,124582946300507 -0,452775061130524 2,52734088897705
AnkleRight 0,159898832440376 -0,840535402297974 2,5224928855896
FootRight 0,0961594209074974 -0,918129622936249 2,5190372467041

