HipCenter 0,0753097012639046 0,0728107616305351 2,5547046661377
Spine 0,112803786993027 0,143360570073128 2,57674360275269
ShoulderCenter 0,102728828787804 0,523512482643127 2,59337830543518
Head 0,161806002259254 0,693678498268127 2,6746711730957
ShoulderLeft 0,000485750613734126 0,534438490867615 2,86073684692383
ElbowLeft -0,151038527488708 0,298024445772171 2,79667568206787
WristLeft -0,307045042514801 0,192748159170151 2,57170081138611
HandLeft -0,359047204256058 0,157656073570251 2,50106406211853
ShoulderRight 0,163869708776474 0,395364701747894 2,53388571739197
ElbowRight -0,101444393396378 0,304993689060211 2,46618700027466
WristRight -0,384244561195374 0,299216568470001 2,47094511985779
HandRight -0,427672982215881 0,347994863986969 2,46513438224792
HipLeft 0,0230815708637238 0,0296348463743925 2,53862571716309
KneeLeft 0,186177864670753 -0,455905914306641 2,61743950843811
AnkleLeft 0,221816539764404 -0,850128412246704 2,6157341003418
FootLeft 0,151092976331711 -0,883648097515106 2,57418584823608
HipRight 0,120713785290718 0,0208452306687832 2,5593433380127
KneeRight 0,109895333647728 -0,431379228830338 2,50628185272217
AnkleRight 0,15676075220108 -0,823333621025085 2,51845216751099
FootRight 0,0999564528465271 -0,907926559448242 2,51739239692688

