HipCenter 0,0831959396600723 -0,159261018037796 2,09957838058472
Spine 0,087361641228199 -0,151423081755638 2,09223937988281
ShoulderCenter 0,107832193374634 -0,112044610083103 2,06755614280701
Head 0,0747950822114944 0,00708375871181488 1,9068523645401
ShoulderLeft -0,101648613810539 -0,00394070940092206 2,04135322570801
ElbowLeft -0,249423921108246 0,0149625223129988 2,07841229438782
WristLeft -0,393874555826187 0,0796817094087601 2,08424854278564
HandLeft -0,442024767398834 0,101254768669605 2,08934569358826
ShoulderRight 0,289620846509933 -0,107380792498589 2,20717453956604
ElbowRight 0,414833128452301 -0,0797164291143417 2,28266191482544
WristRight 0,298546224832535 -0,185002028942108 2,12596035003662
HandRight 0,206939339637756 -0,278872221708298 1,97553741931915
HipLeft -0,0454045683145523 -0,214261040091515 2,14844393730164
KneeLeft -0,0550245344638824 -0,415302872657776 1,93364596366882
AnkleLeft -0,0299556404352188 -0,670824527740479 1,97317373752594
FootLeft -0,043026477098465 -0,739669799804688 1,96325659751892
HipRight 0,137416481971741 -0,251738935709 2,12493634223938
KneeRight 0,121382914483547 -0,491183012723923 1,95709729194641
AnkleRight 0,0887986719608307 -0,745824158191681 1,97182941436768
FootRight 0,137905046343803 -0,73237270116806 1,94961559772491

