HipCenter 0,0875308960676193 -0,161987245082855 2,09524393081665
Spine 0,0908546522259712 -0,155446752905846 2,08864641189575
ShoulderCenter 0,107349447906017 -0,122779577970505 2,06680870056152
Head 0,0747953429818153 -0,00296911597251892 1,90857696533203
ShoulderLeft -0,101713918149471 -0,00167459540534765 2,04185724258423
ElbowLeft -0,247743785381317 0,0166563615202904 2,0747241973877
WristLeft -0,391756594181061 0,0734502449631691 2,08343482017517
HandLeft -0,439760863780975 0,0923815369606018 2,08946943283081
ShoulderRight 0,290993690490723 -0,105791851878166 2,20556783676147
ElbowRight 0,263426750898361 -0,258954703807831 2,17851781845093
WristRight 0,187282681465149 -0,322670876979828 1,98308873176575
HandRight 0,145880401134491 -0,36897936463356 1,86009669303894
HipLeft -0,0411601923406124 -0,217287212610245 2,13985991477966
KneeLeft -0,0552875511348248 -0,408217251300812 1,92593562602997
AnkleLeft -0,0301857870072126 -0,669717907905579 1,97395539283752
FootLeft -0,0425870828330517 -0,741649985313416 1,96024203300476
HipRight 0,137599647045135 -0,254434466362 2,12385892868042
KneeRight 0,118893854320049 -0,485831379890442 1,9576461315155
AnkleRight 0,0934730693697929 -0,735316872596741 1,97584569454193
FootRight 0,131680250167847 -0,750099241733551 1,93785309791565

