HipCenter 0,0882196053862572 -0,163994267582893 2,09393882751465
Spine 0,0936812162399292 -0,157658457756042 2,08449673652649
ShoulderCenter 0,11122902482748 -0,130289316177368 2,06468033790588
Head 0,0750779509544373 -0,0103802382946014 1,90931499004364
ShoulderLeft -0,0993267670273781 -0,0253208708018065 2,04573106765747
ElbowLeft -0,23872110247612 0,012967461720109 2,07672762870789
WristLeft -0,380760341882706 0,0687946826219559 2,07337069511414
HandLeft -0,428106755018234 0,0874037593603134 2,07536005973816
ShoulderRight 0,268895983695984 -0,11303623020649 2,17937326431274
ElbowRight 0,387390226125717 -0,0501475036144257 2,23408555984497
WristRight 0,263456523418427 -0,112557649612427 2,16094136238098
HandRight 0,254917025566101 -0,132085725665092 2,11408042907715
HipLeft -0,0191246103495359 -0,225517392158508 2,10310864448547
KneeLeft -0,0643904283642769 -0,434933423995972 1,9224556684494
AnkleLeft -0,0320161655545235 -0,668420314788818 1,97283685207367
FootLeft -0,0417714044451714 -0,740192115306854 1,95878958702087
HipRight 0,121452271938324 -0,249939993023872 2,1175365447998
KneeRight 0,124051302671432 -0,4613356590271 1,93339025974274
AnkleRight 0,0998755618929863 -0,683214604854584 1,98478186130524
FootRight 0,106336809694767 -0,739800870418549 1,96249973773956

