HipCenter 0,0934381261467934 -0,164924845099449 2,09497356414795
Spine 0,096417099237442 -0,159846350550652 2,08946943283081
ShoulderCenter 0,111949928104877 -0,133481651544571 2,07311511039734
Head 0,0760596394538879 -0,0132353380322456 1,92001569271088
ShoulderLeft -0,0988094285130501 -0,0047556166537106 2,03903937339783
ElbowLeft -0,234480082988739 0,00695505039766431 2,07941508293152
WristLeft -0,367168635129929 0,0730254650115967 2,06823563575745
HandLeft -0,412876784801483 0,0857559591531754 2,08316969871521
ShoulderRight 0,269927233457565 -0,102653160691261 2,17028093338013
ElbowRight 0,382287979125977 -0,0877871736884117 2,24762487411499
WristRight 0,261330723762512 -0,159997135400772 2,09559440612793
HandRight 0,225756540894508 -0,185008749365807 2,04423260688782
HipLeft -0,025458162650466 -0,213659673929214 2,1358425617218
KneeLeft -0,0568831115961075 -0,396301448345184 1,93788504600525
AnkleLeft -0,0322434939444065 -0,671547114849091 1,97493469715118
FootLeft -0,0220265127718449 -0,716004610061646 1,92671370506287
HipRight 0,129843026399612 -0,257682055234909 2,11053490638733
KneeRight 0,124907083809376 -0,446652352809906 1,91629362106323
AnkleRight 0,100226074457169 -0,687300860881805 1,98506820201874
FootRight 0,106835760176182 -0,740580141544342 1,96431732177734

