HipCenter 0,185292199254036 -0,330078035593033 2,57225346565247
Spine 0,187487691640854 -0,320825666189194 2,56305527687073
ShoulderCenter 0,198465049266815 -0,274563759565353 2,53035235404968
Head 0,197392776608467 -0,12699630856514 2,36091685295105
ShoulderLeft 0,0402417965233326 -0,160140380263329 2,48902225494385
ElbowLeft -0,101927228271961 -0,15501768887043 2,57944846153259
WristLeft -0,0129788517951965 -0,060914471745491 2,45474672317505
HandLeft 0,0166706051677465 -0,0295467302203178 2,41680312156677
ShoulderRight 0,39227283000946 -0,376254379749298 2,32271647453308
ElbowRight 0,40864622592926 -0,310333907604218 2,52452659606934
WristRight 0,403282463550568 -0,444043099880219 2,32259893417358
HandRight 0,387904852628708 -0,498898059129715 2,19366836547852
HipLeft 0,0675127357244492 -0,377162307500839 2,63044953346252
KneeLeft 0,0782385617494583 -0,481766074895859 2,24596190452576
AnkleLeft 0,081371858716011 -0,802971422672272 2,24352884292603
FootLeft 0,0765040293335915 -0,873413264751434 2,21397137641907
HipRight 0,262660324573517 -0,440820157527924 2,60567378997803
KneeRight 0,371111690998077 -0,499283105134964 2,30183243751526
AnkleRight 0,396354824304581 -0,815644562244415 2,27828788757324
FootRight 0,353630423545837 -0,866441965103149 2,21742630004883

