HipCenter 0,229713827371597 -0,38849949836731 2,54575562477112
Spine 0,230391785502434 -0,359240233898163 2,49084258079529
ShoulderCenter 0,231754556298256 -0,214283406734467 2,22662949562073
Head 0,179103091359138 -0,0329401791095734 2,26362276077271
ShoulderLeft 0,0468776114284992 -0,173521980643272 2,48860692977905
ElbowLeft -0,103142336010933 -0,159867107868195 2,58140802383423
WristLeft -0,0106518417596817 -0,0661200955510139 2,45525765419006
HandLeft 0,0201783236116171 -0,0348710939288139 2,41687774658203
ShoulderRight 0,387427747249603 -0,378766596317291 2,32286548614502
ElbowRight 0,406927406787872 -0,309179663658142 2,52661609649658
WristRight 0,404571861028671 -0,414043366909027 2,3034496307373
HandRight 0,403786689043045 -0,44899794459343 2,23273110389709
HipLeft 0,145723223686218 -0,411867618560791 2,63074350357056
KneeLeft 0,0780795589089394 -0,489202380180359 2,24457406997681
AnkleLeft 0,0817143619060516 -0,806047379970551 2,24308705329895
FootLeft 0,0370990410447121 -0,877060651779175 2,2131187915802
HipRight 0,301794856786728 -0,455324858427048 2,60336256027222
KneeRight 0,372496008872986 -0,50436395406723 2,30081248283386
AnkleRight 0,396492391824722 -0,813284397125244 2,28096771240234
FootRight 0,351877063512802 -0,884297668933868 2,25099945068359

