HipCenter 0,204033106565475 -0,397434622049332 2,57839059829712
Spine 0,190805241465569 -0,377796590328217 2,57116746902466
ShoulderCenter 0,122044645249844 -0,274690866470337 2,53971934318542
Head 0,163870975375175 -0,13838317990303 2,35722684860229
ShoulderLeft 0,0811922401189804 -0,356790781021118 2,55434060096741
ElbowLeft -0,076552227139473 -0,182039305567741 2,57213568687439
WristLeft -0,0373752042651176 -0,0407626628875732 2,46287608146667
HandLeft -0,0243161953985691 0,00632955878973007 2,43015122413635
ShoulderRight 0,402497351169586 -0,17731311917305 2,52973246574402
ElbowRight 0,380476444959641 -0,347315311431885 2,34183979034424
WristRight 0,39963561296463 -0,550991117954254 2,2077305316925
HandRight 0,406022012233734 -0,618883073329926 2,16672229766846
HipLeft 0,157315254211426 -0,521219968795776 2,5875940322876
KneeLeft 0,0778108388185501 -0,493880838155746 2,24487566947937
AnkleLeft 0,0801992267370224 -0,805305898189545 2,24197721481323
FootLeft 0,0820964500308037 -0,850105047225952 2,1659996509552
HipRight 0,345069259405136 -0,41434171795845 2,60009813308716
KneeRight 0,372670114040375 -0,510341882705688 2,30106639862061
AnkleRight 0,395532488822937 -0,816162467002869 2,28342151641846
FootRight 0,397429704666138 -0,860961616039276 2,20744395256042

