HipCenter 0,230518504977226 -0,435633987188339 2,59348607063293
Spine 0,212755396962166 -0,407162219285965 2,58214330673218
ShoulderCenter 0,123939871788025 -0,264803439378738 2,53902220726013
Head 0,201943606138229 -0,183365851640701 2,33769822120667
ShoulderLeft 0,0632750242948532 -0,247750252485275 2,48785591125488
ElbowLeft -0,0992033407092094 -0,157715871930122 2,57816028594971
WristLeft -0,0107124894857407 -0,061120793223381 2,44700789451599
HandLeft 0,0187844634056091 -0,0289224311709404 2,40699768066406
ShoulderRight 0,186041980981827 -0,138422667980194 2,56262135505676
ElbowRight 0,304038316011429 -0,285199999809265 2,39139771461487
WristRight 0,376923382282257 -0,472282826900482 2,24809193611145
HandRight 0,37871515750885 -0,561412274837494 2,25338101387024
HipLeft 0,199479177594185 -0,489840000867844 2,59924721717834
KneeLeft 0,0763111710548401 -0,495112597942352 2,24275422096252
AnkleLeft 0,0796456784009933 -0,80657947063446 2,24540901184082
FootLeft 0,0765010043978691 -0,875315427780151 2,21655917167664
HipRight 0,301509737968445 -0,445465177297592 2,60397243499756
KneeRight 0,374384045600891 -0,514564454555511 2,29972147941589
AnkleRight 0,393623650074005 -0,813663721084595 2,27614831924438
FootRight 0,429850816726685 -0,848435580730438 2,20415186882019

