HipCenter 0,187742754817009 -0,319861382246017 2,57037949562073
Spine 0,166515856981277 -0,274192929267883 2,55236887931824
ShoulderCenter 0,0603814050555229 -0,0458507016301155 2,475909948349
Head 0,128540426492691 0,0339449718594551 2,34712624549866
ShoulderLeft 0,0222899373620749 -0,132005631923676 2,484459400177
ElbowLeft -0,105398021638393 -0,15918043255806 2,58347725868225
WristLeft -0,011087529361248 -0,0695820972323418 2,45100355148315
HandLeft 0,0203493013978004 -0,0397159829735756 2,41055345535278
ShoulderRight 0,382033586502075 -0,382892638444901 2,31642317771912
ElbowRight 0,365208506584167 -0,548234581947327 2,23112869262695
WristRight 0,407394975423813 -0,761335670948029 2,27706599235535
HandRight 0,400741279125214 -0,843826532363892 2,24414277076721
HipLeft 0,158069938421249 -0,366328477859497 2,62203693389893
KneeLeft 0,0761721655726433 -0,495571821928024 2,24213027954102
AnkleLeft 0,0798557549715042 -0,806669592857361 2,24204611778259
FootLeft 0,0774305462837219 -0,874393224716187 2,2112181186676
HipRight 0,304326623678207 -0,435849368572235 2,57274341583252
KneeRight 0,377438068389893 -0,519083797931671 2,27770304679871
AnkleRight 0,394606649875641 -0,811784505844116 2,27630281448364
FootRight 0,348788470029831 -0,870141327381134 2,22975420951843

