HipCenter 0,157709553837776 -0,334534883499146 2,57639217376709
Spine 0,153331458568573 -0,324655473232269 2,56867098808289
ShoulderCenter 0,131440982222557 -0,275258392095566 2,54364204406738
Head 0,136122345924377 -0,126811027526855 2,40496230125427
ShoulderLeft 0,0640886574983597 -0,243132784962654 2,49039030075073
ElbowLeft -0,0990117266774178 -0,160284027457237 2,57478284835815
WristLeft -0,0119792520999908 -0,0625680536031723 2,44360208511353
HandLeft 0,0170315727591515 -0,0299960598349571 2,40357828140259
ShoulderRight 0,384274542331696 -0,383581161499023 2,3168797492981
ElbowRight 0,384196311235428 -0,55172073841095 2,23789525032043
WristRight 0,410322219133377 -0,762349605560303 2,27683520317078
HandRight 0,405047386884689 -0,844906449317932 2,24450039863586
HipLeft 0,105419211089611 -0,379429429769516 2,63169312477112
KneeLeft 0,0778412967920303 -0,502261281013489 2,24298810958862
AnkleLeft 0,0825310125946999 -0,809226334095001 2,24417638778687
FootLeft 0,0409956648945808 -0,867622137069702 2,19566488265991
HipRight 0,281935095787048 -0,433617025613785 2,5702953338623
KneeRight 0,377771496772766 -0,526343643665314 2,28270220756531
AnkleRight 0,397967934608459 -0,816538572311401 2,28325295448303
FootRight 0,35643258690834 -0,874934375286102 2,23474144935608

