HipCenter 0,195525825023651 -0,310167402029037 2,56318044662476
Spine 0,178850904107094 -0,26555797457695 2,54501509666443
ShoulderCenter 0,0954762846231461 -0,042510874569416 2,4677631855011
Head 0,124592706561089 0,00184278935194016 2,31470346450806
ShoulderLeft 0,0223712772130966 -0,129938244819641 2,48515558242798
ElbowLeft -0,104764744639397 -0,164172187447548 2,58224129676819
WristLeft -0,0164871662855148 -0,0691872537136078 2,4500777721405
HandLeft 0,0129386931657791 -0,0375256091356277 2,40972542762756
ShoulderRight 0,385326713323593 -0,383803606033325 2,3164119720459
ElbowRight 0,384613454341888 -0,551534116268158 2,2368528842926
WristRight 0,410790324211121 -0,76411908864975 2,2756142616272
HandRight 0,40516859292984 -0,846504330635071 2,2431812286377
HipLeft 0,160595178604126 -0,376818001270294 2,61875224113464
KneeLeft 0,0774732828140259 -0,503036320209503 2,24339723587036
AnkleLeft 0,0825661420822144 -0,810413241386414 2,2435348033905
FootLeft 0,037898987531662 -0,865901410579681 2,19446611404419
HipRight 0,293150454759598 -0,439923614263535 2,56023335456848
KneeRight 0,381913304328918 -0,531027853488922 2,26993608474731
AnkleRight 0,396198809146881 -0,817482948303223 2,28196740150452
FootRight 0,351531654596329 -0,87297111749649 2,2328987121582

