HipCenter 0,201122254133224 -0,356600999832153 2,48902225494385
Spine 0,207832098007202 -0,336756408214569 2,44273328781128
ShoulderCenter 0,227093800902367 -0,238416746258736 2,21536469459534
Head 0,166017651557922 -0,0553509294986725 2,2383770942688
ShoulderLeft 0,0244246684014797 -0,134405702352524 2,48355507850647
ElbowLeft -0,104190722107887 -0,161895751953125 2,58011436462402
WristLeft -0,0151738524436951 -0,0678278282284737 2,44846057891846
HandLeft 0,0144984405487776 -0,036471851170063 2,40827703475952
ShoulderRight 0,384252786636353 -0,383351922035217 2,31700587272644
ElbowRight 0,381245106458664 -0,549721240997314 2,23506546020508
WristRight 0,410034716129303 -0,760388553142548 2,27664232254028
HandRight 0,405337035655975 -0,842843413352966 2,24476504325867
HipLeft 0,112498678267002 -0,375421851873398 2,5323634147644
KneeLeft 0,0767748132348061 -0,502606987953186 2,24347066879272
AnkleLeft 0,0829953104257584 -0,808754324913025 2,24413919448853
FootLeft 0,0374689400196075 -0,876995444297791 2,21686768531799
HipRight 0,270510166883469 -0,435110807418823 2,60655331611633
KneeRight 0,372958809137344 -0,520224571228027 2,29813981056213
AnkleRight 0,395246028900146 -0,812779605388641 2,27944493293762
FootRight 0,349719643592834 -0,881020724773407 2,25217342376709

