HipCenter 0,261191636323929 -0,0369779691100121 2,46484994888306
Spine 0,221370831131935 0,0188865102827549 2,45866370201111
ShoulderCenter 0,0205988232046366 0,299424290657043 2,44332885742188
Head -0,0464126206934452 0,467045187950134 2,41850852966309
ShoulderLeft -0,0805485248565674 0,21309320628643 2,48233366012573
ElbowLeft -0,273141860961914 0,260204404592514 2,48906445503235
WristLeft -0,460366457700729 0,332897424697876 2,47053718566895
HandLeft -0,529507279396057 0,32977557182312 2,43207049369812
ShoulderRight 0,187116429209709 0,20923238992691 2,40832924842834
ElbowRight 0,429260671138763 0,0933203026652336 2,42523694038391
WristRight 0,530245006084442 -0,15886852145195 2,42171025276184
HandRight 0,550236642360687 -0,213837236166 2,42373609542847
HipLeft 0,244578182697296 -0,116918884217739 2,48533654212952
KneeLeft 0,287924319505692 -0,480514377355576 2,30379962921143
AnkleLeft 0,317012131214142 -0,838390111923218 2,40634226799011
FootLeft 0,329183369874954 -0,915469825267792 2,37628483772278
HipRight 0,349637687206268 -0,0592402368783951 2,44663500785828
KneeRight 0,615986943244934 -0,397173464298248 2,50307297706604
AnkleRight 0,804801344871521 -0,769575595855713 2,53719139099121
FootRight 0,783044934272766 -0,817726731300354 2,45912027359009

