HipCenter 0,252701997756958 0,0339586585760117 2,44158291816711
Spine 0,237729206681252 0,109586626291275 2,4587984085083
ShoulderCenter 0,129214107990265 0,488107323646545 2,46022415161133
Head 0,0673019140958786 0,654719829559326 2,44972991943359
ShoulderLeft -0,0152826709672809 0,396708875894547 2,50564217567444
ElbowLeft -0,21047055721283 0,370269447565079 2,52221751213074
WristLeft -0,256917834281921 0,438012659549713 2,32532572746277
HandLeft -0,331613838672638 0,42637374997139 2,29524064064026
ShoulderRight 0,248688399791718 0,346035301685333 2,40871644020081
ElbowRight 0,44003164768219 0,223175525665283 2,46353268623352
WristRight 0,589177012443542 -0,000758364796638489 2,40735292434692
HandRight 0,606432974338531 -0,0799917504191399 2,40069222450256
HipLeft 0,213620364665985 -0,0383675619959831 2,44349598884583
KneeLeft 0,267023235559464 -0,463306188583374 2,41214609146118
AnkleLeft 0,304820775985718 -0,775775790214539 2,43658399581909
FootLeft 0,318417549133301 -0,87157154083252 2,3929750919342
HipRight 0,325987666845322 -0,00844766572117805 2,431072473526
KneeRight 0,525977671146393 -0,494051218032837 2,46308064460754
AnkleRight 0,609295010566711 -0,844076752662659 2,42417287826538
FootRight 0,620740056037903 -0,904370665550232 2,36085796356201

