HipCenter 0,265910118818283 0,0814306065440178 2,41880750656128
Spine 0,267315089702606 0,14987151324749 2,46285963058472
ShoulderCenter 0,219721645116806 0,532459378242493 2,47054624557495
Head 0,160042524337769 0,695882201194763 2,46862053871155
ShoulderLeft 0,0624432042241097 0,457752466201782 2,49780249595642
ElbowLeft -0,128866195678711 0,399487286806107 2,49648928642273
WristLeft -0,379855692386627 0,351332306861877 2,38878488540649
HandLeft -0,456377774477005 0,337551474571228 2,36297369003296
ShoulderRight 0,31729730963707 0,378964155912399 2,41681742668152
ElbowRight 0,479404956102371 0,166814982891083 2,44600796699524
WristRight 0,561802387237549 -0,0696730241179466 2,38281917572021
HandRight 0,584070920944214 -0,130859345197678 2,37730193138123
HipLeft 0,219702258706093 0,0187580995261669 2,41436624526978
KneeLeft 0,277088403701782 -0,469604283571243 2,43513703346252
AnkleLeft 0,325480997562408 -0,835389256477356 2,44109964370728
FootLeft 0,347998023033142 -0,911133646965027 2,37026047706604
HipRight 0,32633763551712 0,0278344079852104 2,4051456451416
KneeRight 0,414058864116669 -0,466864824295044 2,44313979148865
AnkleRight 0,432961940765381 -0,841452121734619 2,43074631690979
FootRight 0,425044894218445 -0,910416960716248 2,36113238334656

