HipCenter 0,0548624470829964 -0,323412984609604 2,34111714363098
Spine 0,0480371601879597 -0,296077489852905 2,32307195663452
ShoulderCenter 0,011208726093173 -0,158148601651192 2,24283528327942
Head -0,00880582630634308 -0,0388560369610786 2,08844757080078
ShoulderLeft -0,0589212663471699 -0,174359068274498 2,26458501815796
ElbowLeft -0,114910826086998 -0,137025907635689 2,0021607875824
WristLeft -0,0722308307886124 0,0444414615631104 2,01227617263794
HandLeft -0,0580041632056236 0,104930579662323 2,01869797706604
ShoulderRight 0,207934752106667 -0,125414565205574 2,26892852783203
ElbowRight 0,248268067836761 -0,293004035949707 2,32452178001404
WristRight 0,0775238275527954 -0,389893501996994 2,15490412712097
HandRight 0,0264664329588413 -0,408041149377823 2,12636113166809
HipLeft -0,00289405230432749 -0,398550778627396 2,37430715560913
KneeLeft -0,0798260718584061 -0,604459941387177 2,10416221618652
AnkleLeft -0,0748073682188988 -0,843952417373657 2,10526156425476
FootLeft -0,0694982409477234 -0,8899085521698 2,05207061767578
HipRight 0,138821080327034 -0,361090660095215 2,3582124710083
KneeRight 0,120842978358269 -0,604442119598389 2,15261173248291
AnkleRight 0,185549944639206 -0,921688199043274 2,1941614151001
FootRight 0,190859079360962 -0,967644333839417 2,14097046852112

