HipCenter 0,0648013427853584 -0,31897896528244 2,35287094116211
Spine 0,0546967573463917 -0,294642329216003 2,33180046081543
ShoulderCenter 0,00950083695352077 -0,163147553801537 2,24686217308044
Head -0,00914573669433594 -0,0467768386006355 2,09050893783569
ShoulderLeft -0,0582941845059395 -0,187424227595329 2,27400135993958
ElbowLeft -0,112316906452179 -0,14022171497345 2,01363134384155
WristLeft -0,0702344849705696 0,0417009294033051 2,01179265975952
HandLeft -0,0562070123851299 0,102341815829277 2,01422595977783
ShoulderRight 0,208370074629784 -0,12633390724659 2,2691376209259
ElbowRight 0,249807670712471 -0,292861938476563 2,32516765594482
WristRight 0,0811707526445389 -0,395282357931137 2,15794348716736
HandRight 0,0258816406130791 -0,407884269952774 2,13505744934082
HipLeft 0,012919194996357 -0,390745937824249 2,39700436592102
KneeLeft -0,0726021304726601 -0,586044907569885 2,12235641479492
AnkleLeft -0,0700695440173149 -0,824446380138397 2,12707686424255
FootLeft -0,0589662827551365 -0,866072356700897 2,16870498657227
HipRight 0,15746696293354 -0,340726166963577 2,37880229949951
KneeRight 0,119954988360405 -0,594758629798889 2,14603209495544
AnkleRight 0,176451832056046 -0,902091681957245 2,16920375823975
FootRight 0,181829914450645 -0,950028896331787 2,11781859397888

