HipCenter 0,059447605162859 -0,331167161464691 2,32599258422852
Spine 0,0507221110165119 -0,303404808044434 2,31053829193115
ShoulderCenter 0,00914275646209717 -0,163450509309769 2,2470281124115
Head -0,00448301434516907 -0,0456596612930298 2,0911545753479
ShoulderLeft -0,0575298666954041 -0,187151849269867 2,27290415763855
ElbowLeft -0,109930396080017 -0,146534308791161 2,01213788986206
WristLeft -0,117173664271832 0,0113808065652847 1,90489661693573
HandLeft -0,119588084518909 0,0640191808342934 1,8721969127655
ShoulderRight 0,21143464744091 -0,121973127126694 2,26906371116638
ElbowRight 0,247095569968224 -0,290182560682297 2,32215976715088
WristRight 0,0785600692033768 -0,391984164714813 2,1562066078186
HandRight 0,0365115851163864 -0,428416550159454 2,13108158111572
HipLeft 0,00551454909145832 -0,401171565055847 2,36803293228149
KneeLeft -0,0808155313134193 -0,598957061767578 2,09726762771606
AnkleLeft -0,0808286517858505 -0,836334466934204 2,1001992225647
FootLeft -0,0768174827098846 -0,878717958927155 2,04389047622681
HipRight 0,14810848236084 -0,371370583772659 2,33446168899536
KneeRight 0,122947581112385 -0,603004992008209 2,14827394485474
AnkleRight 0,198743253946304 -0,921900987625122 2,1936206817627
FootRight 0,20275442302227 -0,964284479618073 2,1373119354248

