HipCenter 0,0615791380405426 -0,333464622497559 2,32869291305542
Spine 0,0526950322091579 -0,305820226669312 2,31270337104797
ShoulderCenter 0,0101665612310171 -0,16474387049675 2,24613189697266
Head -0,0069518256932497 -0,0515740737318993 2,08845853805542
ShoulderLeft -0,0586402863264084 -0,188506409525871 2,27321362495422
ElbowLeft -0,107212133705616 -0,14754144847393 2,0170693397522
WristLeft -0,115335211157799 0,00868383049964905 1,91442918777466
HandLeft -0,118042901158333 0,060758925974369 1,88325142860413
ShoulderRight 0,206370502710342 -0,121807873249054 2,26117706298828
ElbowRight 0,245433062314987 -0,288592040538788 2,31273913383484
WristRight 0,0721768587827683 -0,382717877626419 2,15553903579712
HandRight 0,0352806337177753 -0,42076301574707 2,12616539001465
HipLeft 0,00756457820534706 -0,410301923751831 2,36517930030823
KneeLeft -0,078768327832222 -0,615325093269348 2,10563111305237
AnkleLeft -0,0810921937227249 -0,848745107650757 2,10458850860596
FootLeft -0,0782798305153847 -0,89178341627121 2,04904294013977
HipRight 0,151792526245117 -0,365247845649719 2,34352207183838
KneeRight 0,12158478051424 -0,608553469181061 2,14882946014404
AnkleRight 0,186821162700653 -0,916324734687805 2,19328260421753
FootRight 0,189633518457413 -0,959363043308258 2,13773703575134

