HipCenter 0,0573773458600044 -0,325689733028412 2,32699060440063
Spine 0,0482664704322815 -0,300279885530472 2,31139636039734
ShoulderCenter 0,00169082824140787 -0,162332057952881 2,24458408355713
Head -0,0145460302010179 -0,0500238612294197 2,08666753768921
ShoulderLeft -0,0593608096241951 -0,188059717416763 2,27038741111755
ElbowLeft -0,11198952794075 -0,149271845817566 2,01796007156372
WristLeft -0,11944405734539 0,0144419372081757 1,93441295623779
HandLeft -0,12192890048027 0,0690132081508636 1,90959095954895
ShoulderRight 0,202609807252884 -0,100069656968117 2,25039863586426
ElbowRight 0,246213465929031 -0,285591691732407 2,31312417984009
WristRight 0,0942692011594772 -0,357014030218124 2,15384697914124
HandRight 0,0751794651150703 -0,407961964607239 2,12793922424316
HipLeft 0,00337314652279019 -0,397745549678802 2,37129878997803
KneeLeft -0,0732952132821083 -0,601510941982269 2,11110472679138
AnkleLeft -0,057757530361414 -0,807582974433899 2,14992523193359
FootLeft -0,0545630156993866 -0,850943148136139 2,09456181526184
HipRight 0,148135349154472 -0,359893798828125 2,33883190155029
KneeRight 0,123136535286903 -0,597083330154419 2,14914536476135
AnkleRight 0,177975684404373 -0,91093909740448 2,1848611831665
FootRight 0,18117019534111 -0,95429927110672 2,12949776649475

