HipCenter 0,0545450299978256 -0,326543927192688 2,33147954940796
Spine 0,0456694215536118 -0,300561606884003 2,31463623046875
ShoulderCenter 0,000856626546010375 -0,163772389292717 2,24592804908752
Head -0,00903446413576603 -0,0490519776940346 2,08930540084839
ShoulderLeft -0,0594189949333668 -0,183496668934822 2,26816916465759
ElbowLeft -0,112316772341728 -0,152535825967789 2,01631331443787
WristLeft -0,126933291554451 0,00230766832828522 1,91898167133331
HandLeft -0,131805464625359 0,0539221614599228 1,88956046104431
ShoulderRight 0,200810760259628 -0,0930026173591614 2,24318075180054
ElbowRight 0,245695501565933 -0,286076366901398 2,31389570236206
WristRight 0,0805872678756714 -0,384899765253067 2,15815782546997
HandRight 0,0593952797353268 -0,432733774185181 2,12857294082642
HipLeft 0,000824684975668788 -0,397335439920425 2,37369203567505
KneeLeft -0,073558934032917 -0,59533703327179 2,1099214553833
AnkleLeft -0,0611677467823029 -0,801658630371094 2,1488573551178
FootLeft -0,0583461374044418 -0,84575742483139 2,09408354759216
HipRight 0,144227460026741 -0,35954338312149 2,338627576828
KneeRight 0,123916894197464 -0,611354291439056 2,15257239341736
AnkleRight 0,182315066456795 -0,922316014766693 2,18377614021301
FootRight 0,185136675834656 -0,96641480922699 2,12900233268738

