HipCenter 0,0816227868199348 -0,343938291072845 2,2911524772644
Spine 0,0641211792826653 -0,314900934696198 2,28697776794434
ShoulderCenter 0,000381463032681495 -0,168124407529831 2,24159836769104
Head -0,00281063746660948 -0,0581669509410858 2,08176493644714
ShoulderLeft -0,0588026531040668 -0,184521332383156 2,26958656311035
ElbowLeft -0,109106339514256 -0,134517803788185 2,02052283287048
WristLeft -0,106249243021011 0,0235688984394073 1,92799556255341
HandLeft -0,10529688000679 0,0762644708156586 1,90017771720886
ShoulderRight 0,20392931997776 -0,12548753619194 2,25144553184509
ElbowRight 0,242210522294044 -0,287273854017258 2,31148409843445
WristRight 0,0801277011632919 -0,389363467693329 2,15470957756042
HandRight 0,0321919396519661 -0,445773392915726 2,10865426063538
HipLeft 0,0466583706438541 -0,42497593164444 2,30250573158264
KneeLeft -0,0283733196556568 -0,597722351551056 2,02158761024475
AnkleLeft -0,0343011245131493 -0,825183391571045 2,03344392776489
FootLeft -0,0356963276863098 -0,862259030342102 1,97355365753174
HipRight 0,175125032663345 -0,370031207799912 2,2931272983551
KneeRight 0,102031037211418 -0,636639833450317 2,10253882408142
AnkleRight 0,131224870681763 -0,864206075668335 2,08861899375916
FootRight 0,0800995826721191 -0,856020629405975 2,11870646476746

