HipCenter 0,0542599186301231 -0,336832165718079 2,32791686058044
Spine 0,0437257960438728 -0,309347033500671 2,31061720848084
ShoulderCenter -0,000132037908770144 -0,167397379875183 2,24092364311218
Head -0,00730748567730188 -0,0517510697245598 2,08447694778442
ShoulderLeft -0,0615254938602448 -0,177000984549522 2,26606869697571
ElbowLeft -0,111079290509224 -0,152350828051567 2,01261711120605
WristLeft -0,0836706683039665 0,0238238424062729 2,01816606521606
HandLeft -0,0745344609022141 0,0825487375259399 2,0230438709259
ShoulderRight 0,20124089717865 -0,124696411192417 2,25054597854614
ElbowRight 0,245650768280029 -0,289435237646103 2,31386041641235
WristRight 0,0803083032369614 -0,386804580688477 2,15726089477539
HandRight 0,0333734676241875 -0,413438826799393 2,13095664978027
HipLeft 0,00372350658290088 -0,404621988534927 2,36877226829529
KneeLeft -0,0766611546278 -0,605552911758423 2,11010241508484
AnkleLeft -0,0629367455840111 -0,810484170913696 2,15065240859985
FootLeft -0,0617136731743813 -0,854653775691986 2,09575128555298
HipRight 0,146129980683327 -0,368120431900024 2,34125471115112
KneeRight 0,124934576451778 -0,60237443447113 2,15032029151917
AnkleRight 0,184356242418289 -0,909348964691162 2,19122934341431
FootRight 0,185579314827919 -0,953518569469452 2,13632822036743

