HipCenter 0,059411309659481 -0,331034541130066 2,32739567756653
Spine 0,0488167554140091 -0,303658097982407 2,31075239181519
ShoulderCenter -0,00202902313321829 -0,163794785737991 2,23954653739929
Head -0,00876334868371487 -0,0488127917051315 2,08250856399536
ShoulderLeft -0,0603176616132259 -0,188458621501923 2,27162790298462
ElbowLeft -0,110430970788002 -0,155232220888138 2,01952171325684
WristLeft -0,0905346870422363 0,0182848423719406 1,97234189510345
HandLeft -0,0839025899767876 0,0761238634586334 1,95964634418488
ShoulderRight 0,204931914806366 -0,125449568033218 2,25514674186707
ElbowRight 0,246836200356483 -0,28420552611351 2,31073188781738
WristRight 0,077203094959259 -0,37933737039566 2,15788245201111
HandRight -0,00393116055056453 -0,433865368366241 2,13823628425598
HipLeft 0,0126028014346957 -0,394590079784393 2,37616896629334
KneeLeft -0,071145735681057 -0,59670227766037 2,12079763412476
AnkleLeft -0,0733488500118256 -0,82434493303299 2,11941242218018
FootLeft -0,0627245530486107 -0,862862467765808 2,16417336463928
HipRight 0,148974567651749 -0,369201362133026 2,33115863800049
KneeRight 0,124700993299484 -0,612252235412598 2,15153670310974
AnkleRight 0,185694515705109 -0,919952750205994 2,19383978843689
FootRight 0,187733307480812 -0,964318871498108 2,13897442817688

