HipCenter 0,0561164021492004 -0,353284031152725 2,31406021118164
Spine 0,0463374927639961 -0,325220823287964 2,29753422737122
ShoulderCenter 0,00295761949382722 -0,178535759449005 2,21356821060181
Head -0,00817212928086519 -0,0504238456487656 2,06520342826843
ShoulderLeft -0,0559768602252007 -0,203267008066177 2,2706470489502
ElbowLeft -0,108204908668995 -0,165351673960686 2,02389645576477
WristLeft -0,120729491114616 -0,0121494084596634 1,92961418628693
HandLeft -0,124904349446297 0,0389180146157742 1,90123355388641
ShoulderRight 0,198774293065071 -0,119254931807518 2,24273991584778
ElbowRight 0,247791916131973 -0,288363218307495 2,30336475372314
WristRight 0,312535732984543 -0,438133716583252 2,35944724082947
HandRight 0,334116995334625 -0,488057225942612 2,38118815422058
HipLeft 0,00263079069554806 -0,42587548494339 2,34894299507141
KneeLeft -0,0834282636642456 -0,62405002117157 2,10004544258118
AnkleLeft -0,0617313235998154 -0,804854393005371 2,14985585212708
FootLeft -0,059115257114172 -0,851283192634583 2,095707654953
HipRight 0,146200388669968 -0,387753963470459 2,32521533966064
KneeRight 0,126745626330376 -0,638823211193085 2,15216302871704
AnkleRight 0,189013749361038 -0,930842399597168 2,20059180259705
FootRight 0,191629812121391 -0,977271199226379 2,14644360542297

