HipCenter 0,0537588894367218 -0,350121021270752 2,31909799575806
Spine 0,0434885956346989 -0,323726683855057 2,30494403839111
ShoulderCenter -0,00507640838623047 -0,190137758851051 2,24886465072632
Head -0,00949285924434662 -0,0707394331693649 2,09454894065857
ShoulderLeft -0,0582872070372105 -0,198306292295456 2,26569032669067
ElbowLeft -0,106599204242229 -0,167992651462555 2,0188934803009
WristLeft -0,106032475829124 -0,00432884693145752 1,94968724250793
HandLeft -0,105843566358089 0,0502257570624352 1,92966175079346
ShoulderRight 0,19959731400013 -0,12344428896904 2,24138283729553
ElbowRight 0,242125988006592 -0,286228805780411 2,30166697502136
WristRight 0,299240112304688 -0,440877109766006 2,34925818443298
HandRight 0,318278163671494 -0,492426544427872 2,36816501617432
HipLeft 0,00130277709104121 -0,425573348999023 2,34982991218567
KneeLeft -0,0766887813806534 -0,630014061927795 2,10537958145142
AnkleLeft -0,0762621164321899 -0,848481118679047 2,10413408279419
FootLeft -0,0758573487401009 -0,890840470790863 2,0466639995575
HipRight 0,14238665997982 -0,386279255151749 2,32898211479187
KneeRight 0,127916216850281 -0,639393746852875 2,15265250205994
AnkleRight 0,183288723230362 -0,930401682853699 2,19632148742676
FootRight 0,183693498373032 -0,972761034965515 2,13885140419006

