HipCenter 0,0562786385416985 -0,348907768726349 2,32069730758667
Spine 0,0466741509735584 -0,321964085102081 2,30615973472595
ShoulderCenter -0,00487307831645012 -0,189744740724564 2,24802565574646
Head -0,00746000185608864 -0,0705344676971436 2,09357047080994
ShoulderLeft -0,0558846816420555 -0,195710390806198 2,26154398918152
ElbowLeft -0,106158122420311 -0,171046271920204 2,01549816131592
WristLeft -0,102613560855389 0,00821494497358799 1,92981016635895
HandLeft -0,101432040333748 0,0679686889052391 1,90429079532623
ShoulderRight 0,203945711255074 -0,12072716653347 2,24654078483582
ElbowRight 0,243879660964012 -0,286640733480453 2,30371737480164
WristRight 0,267051935195923 -0,454431653022766 2,33270454406738
HandRight 0,218038380146027 -0,478961497545242 2,31143522262573
HipLeft 0,00252217566594481 -0,42575940489769 2,35238242149353
KneeLeft -0,0770186185836792 -0,627758502960205 2,1079158782959
AnkleLeft -0,0736620873212814 -0,845444679260254 2,10487675666809
FootLeft -0,0712006315588951 -0,887923955917358 2,04749989509583
HipRight 0,150837361812592 -0,377547830343246 2,33458209037781
KneeRight 0,130359396338463 -0,64819347858429 2,15239071846008
AnkleRight 0,183103829622269 -0,935027301311493 2,17412328720093
FootRight 0,185565292835236 -0,977506577968597 2,11674642562866

