HipCenter 0,0475088283419609 -0,346751391887665 2,29946780204773
Spine 0,0409083068370819 -0,319187074899673 2,29166507720947
ShoulderCenter -0,00170783849898726 -0,190564423799515 2,24316549301147
Head -0,00651088869199157 -0,0708867534995079 2,08964681625366
ShoulderLeft -0,0538658052682877 -0,206054270267487 2,26346659660339
ElbowLeft -0,102804630994797 -0,172036588191986 2,02158784866333
WristLeft -0,115366265177727 -0,023214116692543 1,92853879928589
HandLeft -0,119553476572037 0,0263933762907982 1,90055894851685
ShoulderRight 0,218852490186691 -0,107752367854118 2,24058222770691
ElbowRight 0,247021704912186 -0,289146661758423 2,30085802078247
WristRight 0,0837525278329849 -0,381833374500275 2,15580987930298
HandRight 0,0518338046967983 -0,401998996734619 2,11177444458008
HipLeft -0,0076661161147058 -0,429412543773651 2,33958458900452
KneeLeft -0,0796044170856476 -0,634013235569 2,09898138046265
AnkleLeft -0,0622885674238205 -0,806552410125732 2,14708590507507
FootLeft -0,0597704164683819 -0,866915345191956 2,14081501960754
HipRight 0,14122249186039 -0,387774437665939 2,29753112792969
KneeRight 0,130379378795624 -0,643434464931488 2,15270066261292
AnkleRight 0,18997511267662 -0,93653792142868 2,20537734031677
FootRight 0,190813884139061 -0,976169168949127 2,14592123031616

