HipCenter 0,0284860339015722 -0,257296204566956 2,33340978622437
Spine 0,0266926642507315 -0,231919005513191 2,31400036811829
ShoulderCenter 0,0162518005818129 -0,109890982508659 2,22900152206421
Head -0,0100019089877605 0,0134579166769981 2,07830810546875
ShoulderLeft -0,184668317437172 -0,0740395039319992 2,28925323486328
ElbowLeft -0,114933297038078 -0,114682883024216 2,02885699272156
WristLeft -0,0624432750046253 0,0558813661336899 2,08115768432617
HandLeft -0,0449465997517109 0,112736120820045 2,10166454315186
ShoulderRight 0,212176889181137 -0,0945567041635513 2,28275275230408
ElbowRight 0,245233103632927 -0,285014241933823 2,32855844497681
WristRight 0,159570306539536 -0,433836072683334 2,24094104766846
HandRight 0,131016045808792 -0,483443349599838 2,21480870246887
HipLeft -0,0555436983704567 -0,334509193897247 2,39078378677368
KneeLeft -0,060334824025631 -0,567305088043213 2,12731385231018
AnkleLeft -0,0638730823993683 -0,810649693012238 2,13028717041016
FootLeft -0,0666916742920876 -0,86063688993454 2,08027458190918
HipRight 0,12590654194355 -0,332779347896576 2,36813163757324
KneeRight 0,117759734392166 -0,589516520500183 2,12895607948303
AnkleRight 0,148762375116348 -0,831741690635681 2,11709666252136
FootRight 0,158239349722862 -0,860600233078003 2,16901564598084

