HipCenter 0,063451960682869 -0,341951370239258 2,31696009635925
Spine 0,0530893877148628 -0,316670298576355 2,30219197273254
ShoulderCenter 0,00309941847808659 -0,190891534090042 2,23900508880615
Head -0,000814592698588967 -0,0719383955001831 2,08498382568359
ShoulderLeft -0,05356764793396 -0,204332053661346 2,26308655738831
ElbowLeft -0,098972775042057 -0,169224604964256 2,02229976654053
WristLeft -0,118214085698128 -0,0216837078332901 1,93070781230927
HandLeft -0,124627858400345 0,0274965912103653 1,90321600437164
ShoulderRight 0,222873076796532 -0,116884171962738 2,24481821060181
ElbowRight 0,19709524512291 -0,276770532131195 2,17483997344971
WristRight 0,117032840847969 -0,291304498910904 1,97035348415375
HandRight 0,0906314477324486 -0,295873939990997 1,91369879245758
HipLeft 0,0124719543382525 -0,419012188911438 2,35810279846191
KneeLeft -0,0762745141983032 -0,621115803718567 2,12347388267517
AnkleLeft -0,0708545595407486 -0,833975970745087 2,12128591537476
FootLeft -0,05699173361063 -0,866522669792175 2,1708447933197
HipRight 0,160531282424927 -0,376787781715393 2,32873702049255
KneeRight 0,127897545695305 -0,635420739650726 2,15172219276428
AnkleRight 0,180720344185829 -0,918712019920349 2,17576432228088
FootRight 0,184105381369591 -0,962896645069122 2,11948084831238

