HipCenter 0,0440225638449192 -0,289152979850769 2,36914134025574
Spine 0,0388886705040932 -0,257497906684875 2,34876728057861
ShoulderCenter 0,0111542250961065 -0,0968721881508827 2,26277208328247
Head -0,00221876427531242 0,0299931839108467 2,11346745491028
ShoulderLeft -0,041324757039547 -0,114675045013428 2,2835066318512
ElbowLeft -0,0933661311864853 -0,085251122713089 2,04420447349548
WristLeft -0,0873716995120049 0,0617058426141739 1,95092153549194
HandLeft -0,0853735581040382 0,110691502690315 1,92288494110107
ShoulderRight 0,217678770422935 -0,0799195021390915 2,29678273200989
ElbowRight 0,23618072271347 -0,261221647262573 2,32484650611877
WristRight 0,184424370527267 -0,417688012123108 2,27634978294373
HandRight 0,19593645632267 -0,47063934803009 2,25688147544861
HipLeft -0,013192281126976 -0,337773948907852 2,41360926628113
KneeLeft -0,0543024614453316 -0,551264584064484 2,14931702613831
AnkleLeft -0,0618751272559166 -0,799914836883545 2,14908361434937
FootLeft -0,0560199916362762 -0,846273303031921 2,09394192695618
HipRight 0,11765805631876 -0,342048346996307 2,38371753692627
KneeRight 0,117494136095047 -0,571443378925323 2,15096139907837
AnkleRight 0,148637861013412 -0,794035732746124 2,13329577445984
FootRight 0,154493004083633 -0,840394198894501 2,07815408706665

