HipCenter 0,0226511675864458 0,182059451937675 2,61888694763184
Spine 0,0326658189296722 0,225996747612953 2,67543530464172
ShoulderCenter 0,0426538959145546 0,519887566566467 2,69441533088684
Head 0,048522237688303 0,683699190616608 2,67199754714966
ShoulderLeft -0,120563924312592 0,511420249938965 2,68350076675415
ElbowLeft -0,163218542933464 0,761073231697083 2,57322549819946
WristLeft -0,193901091814041 0,971928358078003 2,55170893669128
HandLeft -0,21015739440918 1,04143965244293 2,53632616996765
ShoulderRight 0,175368845462799 0,38476699590683 2,60727834701538
ElbowRight 0,150590196251869 0,270324915647507 2,41093444824219
WristRight -0,0906363278627396 0,306427240371704 2,3089292049408
HandRight -0,167667463421822 0,340123176574707 2,24488639831543
HipLeft -0,043482206761837 0,118184857070446 2,60545182228088
KneeLeft -0,0568677671253681 -0,391435265541077 2,63389348983765
AnkleLeft -0,0567377060651779 -0,820006847381592 2,64738726615906
FootLeft -0,0611354932188988 -0,909065008163452 2,60485553741455
HipRight 0,0804915353655815 0,104663655161858 2,59668874740601
KneeRight 0,126858443021774 -0,402251124382019 2,63361740112305
AnkleRight 0,130170971155167 -0,83084237575531 2,6415388584137
FootRight 0,128423899412155 -0,917539000511169 2,59896397590637

