HipCenter 0,0212148446589708 0,185898572206497 2,61998200416565
Spine 0,0318964123725891 0,228743448853493 2,67638230323792
ShoulderCenter 0,0436410866677761 0,521408081054688 2,69560265541077
Head 0,0498211048543453 0,681349039077759 2,67342662811279
ShoulderLeft -0,122973918914795 0,50856751203537 2,68927311897278
ElbowLeft -0,153192415833473 0,716045618057251 2,58658170700073
WristLeft -0,19147777557373 0,958649516105652 2,55221509933472
HandLeft -0,201978668570518 1,03074157238007 2,54916620254517
ShoulderRight 0,175501585006714 0,382461458444595 2,61003470420837
ElbowRight 0,0928808301687241 0,290199100971222 2,41904234886169
WristRight -0,0906476899981499 0,30735832452774 2,31185960769653
HandRight -0,168350279331207 0,339810878038406 2,24627804756165
HipLeft -0,0466043502092361 0,122383818030357 2,60619211196899
KneeLeft -0,0664888918399811 -0,387284517288208 2,63611149787903
AnkleLeft -0,0533231869339943 -0,833773016929626 2,64065098762512
FootLeft -0,0537059754133224 -0,916804194450378 2,58951687812805
HipRight 0,0795371383428574 0,107165120542049 2,59733247756958
KneeRight 0,122384667396545 -0,400393396615982 2,63477349281311
AnkleRight 0,127894163131714 -0,832877039909363 2,64097809791565
FootRight 0,130143731832504 -0,923452019691467 2,58896946907043

