HipCenter 0,0305194091051817 0,110826455056667 2,62251377105713
Spine 0,0354101695120335 0,165655493736267 2,6818962097168
ShoulderCenter 0,0359740518033504 0,508548080921173 2,71272706985474
Head 0,0367486625909805 0,677084922790527 2,70192861557007
ShoulderLeft -0,126960188150406 0,419837772846222 2,67886734008789
ElbowLeft -0,219737321138382 0,541675329208374 2,47731018066406
WristLeft -0,333692729473114 0,733105540275574 2,29747438430786
HandLeft -0,369101911783218 0,782702565193176 2,26099348068237
ShoulderRight 0,181642919778824 0,376522898674011 2,64162850379944
ElbowRight 0,117846786975861 0,197986572980881 2,45652484893799
WristRight -0,0245444476604462 0,1159692928195 2,31970000267029
HandRight -0,0664240270853043 0,114091590046883 2,26708626747131
HipLeft -0,0335457324981689 0,0445734597742558 2,61033940315247
KneeLeft -0,0663009956479073 -0,384629219770432 2,63367366790771
AnkleLeft -0,054064828902483 -0,826410710811615 2,64935111999512
FootLeft -0,0626923963427544 -0,920854687690735 2,59426522254944
HipRight 0,0923538580536842 0,0395331159234047 2,59926509857178
KneeRight 0,120733052492142 -0,452000796794891 2,64294147491455
AnkleRight 0,127115935087204 -0,834148168563843 2,64778304100037
FootRight 0,119269885122776 -0,902199625968933 2,59876751899719

