HipCenter 0,0250884480774403 0,113936617970467 2,60944247245789
Spine 0,0302543453872204 0,165912970900536 2,66929244995117
ShoulderCenter 0,0359958223998547 0,509707927703857 2,69963359832764
Head 0,032690741121769 0,681419491767883 2,68610835075378
ShoulderLeft -0,131258621811867 0,418653726577759 2,66249370574951
ElbowLeft -0,229280725121498 0,556622624397278 2,48685908317566
WristLeft -0,353122383356094 0,765675187110901 2,33259892463684
HandLeft -0,386573970317841 0,815825462341309 2,30723547935486
ShoulderRight 0,17624831199646 0,375089168548584 2,62930846214294
ElbowRight 0,121223926544189 0,235220864415169 2,44738030433655
WristRight -0,0225656479597092 0,162632137537003 2,30308532714844
HandRight -0,0886456146836281 0,165926843881607 2,23369121551514
HipLeft -0,0422110222280025 0,0501048117876053 2,59441494941711
KneeLeft -0,0632924363017082 -0,440329730510712 2,64645338058472
AnkleLeft -0,0592708811163902 -0,820298790931702 2,64811658859253
FootLeft -0,0658265948295593 -0,901800751686096 2,60438895225525
HipRight 0,0881342887878418 0,0447320491075516 2,58876633644104
KneeRight 0,120761692523956 -0,436753690242767 2,64288568496704
AnkleRight 0,125601708889008 -0,821560680866241 2,6502902507782
FootRight 0,130865529179573 -0,919124722480774 2,60030961036682

