HipCenter 0,0935127958655357 0,155317425727844 2,59384775161743
Spine 0,103231772780418 0,218776524066925 2,64974999427795
ShoulderCenter 0,0994790121912956 0,58304762840271 2,64817237854004
Head 0,0695578381419182 0,74845814704895 2,69169449806213
ShoulderLeft -0,0372076630592346 0,491697549819946 2,6246075630188
ElbowLeft 0,102739758789539 0,590629756450653 2,44028735160828
WristLeft 0,277120918035507 0,62292468547821 2,52722430229187
HandLeft 0,335247963666916 0,633689641952515 2,56078720092773
ShoulderRight 0,237925827503204 0,573041558265686 2,58925557136536
ElbowRight 0,245213136076927 0,353562563657761 2,52283453941345
WristRight 0,148009926080704 0,506831884384155 2,48482990264893
HandRight 0,112482905387878 0,508687257766724 2,47073674201965
HipLeft 0,0354138799011707 0,0924370139837265 2,58840990066528
KneeLeft -0,0253687277436256 -0,469621956348419 2,62229871749878
AnkleLeft -0,0279832929372787 -0,84059077501297 2,59768128395081
FootLeft -0,0537314265966415 -0,916346788406372 2,52772402763367
HipRight 0,150059014558792 0,0947750583291054 2,58006572723389
KneeRight 0,201424047350883 -0,468842715024948 2,61256456375122
AnkleRight 0,219702139496803 -0,844408512115479 2,59934544563293
FootRight 0,231236308813095 -0,91455864906311 2,53486371040344

