HipCenter 0,0917657390236855 0,151877999305725 2,58542609214783
Spine 0,103698804974556 0,216494202613831 2,6394419670105
ShoulderCenter 0,0955650731921196 0,586983561515808 2,63807797431946
Head 0,0703986063599586 0,745523452758789 2,68406581878662
ShoulderLeft -0,0347362346947193 0,495615065097809 2,6137216091156
ElbowLeft 0,104468382894993 0,580234050750732 2,43746161460876
WristLeft 0,278849482536316 0,612528920173645 2,5246741771698
HandLeft 0,336976528167725 0,623293876647949 2,55823707580566
ShoulderRight 0,227174937725067 0,565066814422607 2,56258416175842
ElbowRight 0,242480754852295 0,358296424150467 2,51288962364197
WristRight 0,144640162587166 0,512570858001709 2,47500133514404
HandRight 0,109750561416149 0,51342099905014 2,46106743812561
HipLeft 0,0352127812802792 0,0921151041984558 2,58005404472351
KneeLeft -0,0266431011259556 -0,462380230426788 2,61809778213501
AnkleLeft -0,0292400475591421 -0,829792201519012 2,59580492973328
FootLeft -0,0490615665912628 -0,908696830272675 2,52726006507874
HipRight 0,146902501583099 0,0921118706464767 2,57251620292664
KneeRight 0,200376957654953 -0,472195982933044 2,60764527320862
AnkleRight 0,218692630529404 -0,843373537063599 2,59911966323853
FootRight 0,229629874229431 -0,914444029331207 2,53215479850769

