HipCenter 0,0925262272357941 0,151426419615746 2,5761821269989
Spine 0,106071978807449 0,217475265264511 2,62841296195984
ShoulderCenter 0,0980991870164871 0,590860307216644 2,63096976280212
Head 0,0698546022176743 0,74110072851181 2,67153549194336
ShoulderLeft -0,0340460725128651 0,49681556224823 2,60707545280457
ElbowLeft 0,108755558729172 0,586567640304565 2,42871165275574
WristLeft 0,28313672542572 0,618862509727478 2,51645421981812
HandLeft 0,341263771057129 0,629627466201782 2,55001735687256
ShoulderRight 0,22407802939415 0,559359848499298 2,54561519622803
ElbowRight 0,247235327959061 0,352254331111908 2,50143980979919
WristRight 0,15093457698822 0,509543001651764 2,46954727172852
HandRight 0,121492400765419 0,500317990779877 2,45558524131775
HipLeft 0,0359576344490051 0,0918325781822205 2,57078242301941
KneeLeft -0,0259362403303385 -0,464761108160019 2,61425280570984
AnkleLeft -0,0301512517035007 -0,834863245487213 2,59356832504272
FootLeft -0,0503100268542767 -0,911185264587402 2,52365660667419
HipRight 0,147482916712761 0,0923949852585793 2,56338238716125
KneeRight 0,201431885361671 -0,477057129144669 2,60522294044495
AnkleRight 0,219929993152618 -0,843914449214935 2,59650349617004
FootRight 0,233152031898499 -0,916543006896973 2,5260910987854

