HipCenter 0,0929546654224396 0,150490090250969 2,57832360267639
Spine 0,107538402080536 0,216221019625664 2,63005924224854
ShoulderCenter 0,0985043123364449 0,587928891181946 2,63375735282898
Head 0,0692320764064789 0,741464495658875 2,67677283287048
ShoulderLeft -0,0340792052447796 0,496736973524094 2,61107468605042
ElbowLeft 0,103310748934746 0,587816953659058 2,43248915672302
WristLeft 0,277691841125488 0,620111763477325 2,5202796459198
HandLeft 0,335818886756897 0,63087671995163 2,55384254455566
ShoulderRight 0,220031887292862 0,558542191982269 2,54435777664185
ElbowRight 0,242661997675896 0,35577255487442 2,50425148010254
WristRight 0,146261423826218 0,513224303722382 2,47238779067993
HandRight 0,116919070482254 0,503836095333099 2,45844531059265
HipLeft 0,0368637219071388 0,0917378664016724 2,57316255569458
KneeLeft -0,0254861749708653 -0,463538825511932 2,61518907546997
AnkleLeft -0,0312557481229305 -0,831912517547607 2,59437561035156
FootLeft -0,0549750626087189 -0,916544079780579 2,52963137626648
HipRight 0,147337332367897 0,0917657762765884 2,56479048728943
KneeRight 0,200812980532646 -0,475766837596893 2,6060676574707
AnkleRight 0,219831258058548 -0,84638637304306 2,59772086143494
FootRight 0,234343037009239 -0,916925013065338 2,52711582183838

