HipCenter 0,0921603962779045 0,152559444308281 2,58027243614197
Spine 0,103233031928539 0,217437222599983 2,63275384902954
ShoulderCenter 0,098847895860672 0,587430000305176 2,63596224784851
Head 0,0707726180553436 0,742977142333984 2,68129754066467
ShoulderLeft -0,0357435718178749 0,498326987028122 2,61310052871704
ElbowLeft 0,103938862681389 0,579593777656555 2,43708562850952
WristLeft 0,278320014476776 0,611888647079468 2,52490472793579
HandLeft 0,336447060108185 0,622653603553772 2,55846762657166
ShoulderRight 0,227461218833923 0,549816966056824 2,56457018852234
ElbowRight 0,247661784291267 0,351933300495148 2,5104398727417
WristRight 0,151307016611099 0,509310126304626 2,47861385345459
HandRight 0,121918849647045 0,499996840953827 2,46466183662415
HipLeft 0,0342083014547825 0,0914923101663589 2,57483863830566
KneeLeft -0,0261519774794579 -0,468068420886993 2,6167356967926
AnkleLeft -0,0296031609177589 -0,837262988090515 2,59241151809692
FootLeft -0,0560814514756203 -0,91867983341217 2,5307400226593
HipRight 0,147915810346603 0,091781422495842 2,5662202835083
KneeRight 0,200578257441521 -0,466572344303131 2,60442185401917
AnkleRight 0,218807488679886 -0,846028208732605 2,59766221046448
FootRight 0,23400354385376 -0,915213584899902 2,52768874168396

