HipCenter 0,0902771726250649 0,14654204249382 2,57893943786621
Spine 0,103022359311581 0,213584691286087 2,63002109527588
ShoulderCenter 0,0964376479387283 0,587467551231384 2,63474822044373
Head 0,0658444911241531 0,740822672843933 2,67380118370056
ShoulderLeft -0,0352175757288933 0,494626462459564 2,60659289360046
ElbowLeft 0,103835955262184 0,582411170005798 2,42903804779053
WristLeft 0,278217136859894 0,614706039428711 2,5173065662384
HandLeft 0,336344182491302 0,625470995903015 2,55086946487427
ShoulderRight 0,22223961353302 0,556750655174255 2,54866981506348
ElbowRight 0,259709477424622 0,325617611408234 2,51508712768555
WristRight 0,163038581609726 0,483510851860046 2,48364806175232
HandRight 0,13396655023098 0,473680883646011 2,46975874900818
HipLeft 0,0337520353496075 0,0882824063301086 2,57399916648865
KneeLeft -0,0291497297585011 -0,460311412811279 2,61449646949768
AnkleLeft -0,0287826005369425 -0,837279558181763 2,59377384185791
FootLeft -0,0500841550529003 -0,911251068115234 2,52668762207031
HipRight 0,145169019699097 0,0879839137196541 2,56564831733704
KneeRight 0,198902130126953 -0,461971700191498 2,60194849967957
AnkleRight 0,21961784362793 -0,847142100334167 2,59559488296509
FootRight 0,233879238367081 -0,915021598339081 2,52539587020874

