HipCenter 0,0933340489864349 0,156167268753052 2,59627652168274
Spine 0,0945032015442848 0,219855025410652 2,65261077880859
ShoulderCenter 0,0990647822618485 0,587959468364716 2,64817762374878
Head 0,0626819431781769 0,779272854328156 2,69808912277222
ShoulderLeft -0,0367143973708153 0,496793895959854 2,62443161010742
ElbowLeft 0,0857298225164413 0,588483035564423 2,4400007724762
WristLeft 0,260111093521118 0,620777904987335 2,52686452865601
HandLeft 0,318238198757172 0,631542861461639 2,56042742729187
ShoulderRight 0,243699610233307 0,571699500083923 2,63265156745911
ElbowRight 0,258080184459686 0,343726456165314 2,53576159477234
WristRight 0,151985228061676 0,479701936244965 2,48427510261536
HandRight 0,12691555917263 0,474117517471313 2,47602486610413
HipLeft 0,035455446690321 0,09274011105299 2,59085154533386
KneeLeft -0,0235464051365852 -0,468978613615036 2,6244752407074
AnkleLeft -0,0283675119280815 -0,837288081645966 2,59643483161926
FootLeft -0,0510294027626514 -0,913821280002594 2,52624487876892
HipRight 0,149416252970695 0,0949976369738579 2,58187031745911
KneeRight 0,203803420066833 -0,474046885967255 2,6143970489502
AnkleRight 0,219741776585579 -0,847041189670563 2,60360741615295
FootRight 0,23316952586174 -0,916504263877869 2,5348265171051

