HipCenter 0,0469056181609631 0,155695199966431 2,61150002479553
Spine 0,0573046132922173 0,202811345458031 2,66915416717529
ShoulderCenter 0,0713891759514809 0,51134979724884 2,68845701217651
Head 0,0758942291140556 0,686550080776215 2,66823554039001
ShoulderLeft -0,0828035175800323 0,514527499675751 2,66977190971375
ElbowLeft -0,144212871789932 0,754584431648254 2,53403425216675
WristLeft -0,166435271501541 0,969352841377258 2,54918456077576
HandLeft -0,174581870436668 1,03981494903564 2,54985189437866
ShoulderRight 0,202833950519562 0,356507778167725 2,59182715415955
ElbowRight 0,128133401274681 0,208442687988281 2,42859816551209
WristRight -0,0730289369821548 0,307688891887665 2,31055927276611
HandRight -0,133415281772614 0,342767655849457 2,26028084754944
HipLeft -0,0219562724232674 0,0955200493335724 2,5886218547821
KneeLeft -0,0225593317300081 -0,400851190090179 2,62625622749329
AnkleLeft -0,0179775562137365 -0,827266216278076 2,64013195037842
FootLeft -0,0186095479875803 -0,912611842155457 2,58206844329834
HipRight 0,104345552623272 0,0735580325126648 2,59870171546936
KneeRight 0,156843900680542 -0,420648753643036 2,62994074821472
AnkleRight 0,169083833694458 -0,786249339580536 2,63566327095032
FootRight 0,156823217868805 -0,818623483181 2,54585003852844

