HipCenter 0,0480659976601601 0,15319736301899 2,61162948608398
Spine 0,058728065341711 0,199905157089233 2,66935706138611
ShoulderCenter 0,0758988037705421 0,507904946804047 2,68929576873779
Head 0,0756837204098701 0,687179744243622 2,66965293884277
ShoulderLeft -0,0838243961334229 0,514547348022461 2,66967701911926
ElbowLeft -0,1441949903965 0,754320681095123 2,53393650054932
WristLeft -0,166240096092224 0,966451704502106 2,54789614677429
HandLeft -0,17406864464283 1,03684306144714 2,55150151252747
ShoulderRight 0,202807426452637 0,356474131345749 2,59159898757935
ElbowRight 0,122848331928253 0,212392747402191 2,42718768119812
WristRight -0,0727575495839119 0,307399809360504 2,31170034408569
HandRight -0,133655607700348 0,3429996073246 2,26070213317871
HipLeft -0,0212032422423363 0,0923364907503128 2,58779048919678
KneeLeft -0,0226917862892151 -0,404012560844421 2,62645769119263
AnkleLeft -0,0186006668955088 -0,828066885471344 2,63892340660095
FootLeft -0,0196978989988565 -0,913221478462219 2,58261609077454
HipRight 0,105628654360771 0,0706829354166985 2,59933853149414
KneeRight 0,157192587852478 -0,423742771148682 2,63020801544189
AnkleRight 0,167578905820847 -0,796270132064819 2,63225674629211
FootRight 0,15548349916935 -0,828619182109833 2,54236245155334

