HipCenter 0,0576636120676994 0,107755497097969 2,61345410346985
Spine 0,062630832195282 0,163184627890587 2,6735417842865
ShoulderCenter 0,0765019059181213 0,509321630001068 2,70231509208679
Head 0,0811803191900253 0,678930640220642 2,69175720214844
ShoulderLeft -0,0864390805363655 0,438681066036224 2,66313624382019
ElbowLeft -0,199850901961327 0,590317070484161 2,46894121170044
WristLeft -0,323338806629181 0,78816694021225 2,30742359161377
HandLeft -0,349999904632568 0,820209622383118 2,28721809387207
ShoulderRight 0,22004246711731 0,366010010242462 2,63264632225037
ElbowRight 0,192355871200562 0,198981910943985 2,47780632972717
WristRight 0,0408754944801331 0,153235822916031 2,32243227958679
HandRight -0,0400966890156269 0,156139701604843 2,24562549591064
HipLeft -0,00939788669347763 0,0456619076430798 2,59655165672302
KneeLeft -0,00716376164928079 -0,403758704662323 2,6264021396637
AnkleLeft -0,0132032036781311 -0,854695439338684 2,61551189422607
FootLeft 0,0334936864674091 -0,919737219810486 2,57865357398987
HipRight 0,118400186300278 0,0319548584520817 2,59509539604187
KneeRight 0,148687899112701 -0,343491494655609 2,6176860332489
AnkleRight 0,154049545526505 -0,793492436408997 2,62441611289978
FootRight 0,149401113390923 -0,826184272766113 2,53352785110474

