HipCenter 0,409547656774521 -0,0938931107521057 2,48336362838745
Spine 0,410232841968536 -0,0240304581820965 2,50246953964233
ShoulderCenter 0,219307944178581 0,197528570890427 2,42056632041931
Head 0,121238842606544 0,408874571323395 2,46264219284058
ShoulderLeft 0,145784884691238 0,189827471971512 2,62429356575012
ElbowLeft -0,0293111801147461 0,247338354587555 2,62710857391357
WristLeft -0,185713231563568 0,297839879989624 2,44543719291687
HandLeft -0,304081946611404 0,336595892906189 2,30855464935303
ShoulderRight 0,404460817575455 0,166490107774734 2,39652132987976
ElbowRight 0,541685342788696 0,0615451298654079 2,34819364547729
WristRight 0,319370955228806 0,137555986642838 2,32658648490906
HandRight 0,233499437570572 0,156365260481834 2,32740044593811
HipLeft 0,400704115629196 -0,170190334320068 2,51930141448975
KneeLeft 0,447859823703766 -0,57102507352829 2,53644156455994
AnkleLeft 0,407154768705368 -0,867789924144745 2,47533464431763
FootLeft 0,351763993501663 -0,912431538105011 2,46840882301331
HipRight 0,489640712738037 -0,128908663988113 2,46562218666077
KneeRight 0,639435648918152 -0,481904804706573 2,33936309814453
AnkleRight 0,834779918193817 -0,825313210487366 2,30560564994812
FootRight 0,801981031894684 -0,913352012634277 2,29793453216553

