HipCenter 0,264681309461594 0,12637010216713 2,44823431968689
Spine 0,29441499710083 0,212464436888695 2,46722078323364
ShoulderCenter 0,151086121797562 0,591792285442352 2,47768688201904
Head 0,100464075803757 0,772195160388947 2,50457978248596
ShoulderLeft 0,0497831739485264 0,641993045806885 2,73575043678284
ElbowLeft -0,0570771582424641 0,451846480369568 2,61337423324585
WristLeft -0,204826891422272 0,378169357776642 2,51853799819946
HandLeft -0,30790251493454 0,346110731363297 2,30953741073608
ShoulderRight 0,228745475411415 0,418517053127289 2,3550853729248
ElbowRight 0,324283808469772 0,200760960578918 2,31405758857727
WristRight 0,0957384705543518 0,267781108617783 2,29506707191467
HandRight 0,0075085312128067 0,262991040945053 2,30924797058105
HipLeft 0,250824511051178 0,0523937121033669 2,47282028198242
KneeLeft 0,380764722824097 -0,453400015830994 2,47781372070313
AnkleLeft 0,448320209980011 -0,843194544315338 2,45145273208618
FootLeft 0,381191194057465 -0,886091589927673 2,42657852172852
HipRight 0,307934582233429 0,0652591809630394 2,41070222854614
KneeRight 0,342775940895081 -0,46318593621254 2,30821895599365
AnkleRight 0,339486449956894 -0,852997601032257 2,26884961128235
FootRight 0,266547709703445 -0,901596426963806 2,2469208240509

