HipCenter 0,212022125720978 0,154722183942795 2,38196897506714
Spine 0,262545436620712 0,227080106735229 2,40987682342529
ShoulderCenter 0,222159996628761 0,616192221641541 2,45353651046753
Head 0,218587815761566 0,807404816150665 2,48305916786194
ShoulderLeft 0,120857052505016 0,666392922401428 2,7116003036499
ElbowLeft 0,048686295747757 0,440790712833405 2,62383794784546
WristLeft -0,119043961167336 0,352585732936859 2,45556354522705
HandLeft -0,174954041838646 0,323184072971344 2,40402293205261
ShoulderRight 0,258613705635071 0,45316219329834 2,30073976516724
ElbowRight 0,0218841284513474 0,392446279525757 2,26423835754395
WristRight -0,219513684511185 0,359859049320221 2,27264523506165
HandRight -0,285501480102539 0,348154664039612 2,27969002723694
HipLeft 0,177907466888428 0,0964508876204491 2,38668584823608
KneeLeft 0,360967606306076 -0,40961417555809 2,29537630081177
AnkleLeft 0,453879594802856 -0,849534690380096 2,45185279846191
FootLeft 0,381730079650879 -0,882634460926056 2,42191624641418
HipRight 0,241823047399521 0,097000852227211 2,35537123680115
KneeRight 0,296163439750671 -0,440537810325623 2,28054022789001
AnkleRight 0,337670385837555 -0,837086260318756 2,27162146568298
FootRight 0,272606134414673 -0,900968670845032 2,24932098388672

