HipCenter 0,204904273152351 0,15602308511734 2,38386154174805
Spine 0,255779236555099 0,227416813373566 2,4115002155304
ShoulderCenter 0,220058172941208 0,615078330039978 2,45468616485596
Head 0,197607770562172 0,806044816970825 2,48277449607849
ShoulderLeft 0,118755236268044 0,665278971195221 2,71274971961975
ElbowLeft 0,0449535548686981 0,437581181526184 2,62688732147217
WristLeft -0,123630627989769 0,349778711795807 2,45621848106384
HandLeft -0,0910108163952827 0,264734178781509 2,4614086151123
ShoulderRight 0,255011737346649 0,454343646764755 2,30269479751587
ElbowRight 0,0169920474290848 0,39105099439621 2,26511478424072
WristRight -0,195593178272247 0,359731614589691 2,26765704154968
HandRight -0,261523336172104 0,359449207782745 2,28181385993958
HipLeft 0,169855415821075 0,0981927886605263 2,39186811447144
KneeLeft 0,354517370462418 -0,40974423289299 2,29859519004822
AnkleLeft 0,452522993087769 -0,853682696819305 2,45134997367859
FootLeft 0,379966139793396 -0,886657416820526 2,42104697227478
HipRight 0,235122263431549 0,0970563217997551 2,35488367080688
KneeRight 0,29049551486969 -0,443174600601196 2,28188061714172
AnkleRight 0,338006317615509 -0,840076208114624 2,27209162712097
FootRight 0,272371202707291 -0,899959683418274 2,24785661697388

