HipCenter 0,465746492147446 0,321620643138886 2,60191869735718
Spine 0,452624380588531 0,393370687961578 2,59613561630249
ShoulderCenter 0,389396905899048 0,751819491386414 2,58588361740112
Head 0,341742515563965 0,918810307979584 2,51276111602783
ShoulderLeft 0,230253994464874 0,628908097743988 2,52531456947327
ElbowLeft 0,0610545426607132 0,562358617782593 2,42318272590637
WristLeft -0,141638398170471 0,552416920661926 2,27766704559326
HandLeft -0,193204015493393 0,548171818256378 2,24265813827515
ShoulderRight 0,562953948974609 0,692489147186279 2,62442517280579
ElbowRight 0,688684701919556 0,478791952133179 2,69416975975037
WristRight 0,751198530197144 0,248342424631119 2,68539524078369
HandRight 0,758411765098572 0,168900638818741 2,6574559211731
HipLeft 0,408792436122894 0,229679569602013 2,58319497108459
KneeLeft 0,441868871450424 -0,315741002559662 2,64125967025757
AnkleLeft 0,493340849876404 -0,691371202468872 2,67158555984497
FootLeft 0,511411428451538 -0,748447835445404 2,60772204399109
HipRight 0,552949905395508 0,258609235286713 2,62291884422302
KneeRight 0,608211278915405 -0,310759127140045 2,65572214126587
AnkleRight 0,594527721405029 -0,67897754907608 2,66423749923706
FootRight 0,604764759540558 -0,741605222225189 2,60027360916138

