HipCenter 0,433196723461151 0,231601744890213 2,57671356201172
Spine 0,386606693267822 0,297033309936523 2,56467866897583
ShoulderCenter 0,148881003260612 0,626179337501526 2,51042079925537
Head 0,039882954210043 0,77733188867569 2,49624228477478
ShoulderLeft 0,0445439592003822 0,561692178249359 2,47391152381897
ElbowLeft -0,154540285468102 0,51582270860672 2,35079145431519
WristLeft 0,0139759927988052 0,588093876838684 2,42117381095886
HandLeft 0,0701480880379677 0,612184286117554 2,44939708709717
ShoulderRight 0,320530354976654 0,626400649547577 2,54382085800171
ElbowRight 0,547116160392761 0,522022664546967 2,62725520133972
WristRight 0,684130966663361 0,287029385566711 2,63882756233215
HandRight 0,691517114639282 0,205681473016739 2,6102180480957
HipLeft 0,416098088026047 0,150422990322113 2,5647919178009
KneeLeft 0,43082195520401 -0,312236160039902 2,62979960441589
AnkleLeft 0,477254718542099 -0,669924676418304 2,6740984916687
FootLeft 0,492327451705933 -0,746012806892395 2,61628675460815
HipRight 0,527571022510529 0,204308271408081 2,60242176055908
KneeRight 0,663952648639679 -0,31846696138382 2,67479920387268
AnkleRight 0,727834582328796 -0,672834038734436 2,71420240402222
FootRight 0,756496727466583 -0,749091029167175 2,65420651435852

