HipCenter 0,110865689814091 0,317444950342178 2,65169167518616
Spine 0,088702879846096 0,386865556240082 2,70827531814575
ShoulderCenter 0,0969339162111282 0,784887075424194 2,71169638633728
Head 0,110440790653229 0,963915467262268 2,69853925704956
ShoulderLeft -0,0276804659515619 0,672675013542175 2,62344598770142
ElbowLeft -0,110598795115948 0,691688716411591 2,37178254127502
WristLeft -0,144493222236633 0,729736626148224 2,13189101219177
HandLeft -0,166599676012993 0,745820164680481 1,98560798168182
ShoulderRight 0,269893825054169 0,67995423078537 2,74298048019409
ElbowRight 0,311603426933289 0,400022685527802 2,70085048675537
WristRight 0,323001772165298 0,173444181680679 2,6428849697113
HandRight 0,324749648571014 0,0713400766253471 2,6328501701355
HipLeft 0,0457555316388607 0,247972249984741 2,61379623413086
KneeLeft 0,0117809073999524 -0,300593793392181 2,6733763217926
AnkleLeft 0,0598820298910141 -0,674444019794464 2,69095301628113
FootLeft 0,0596981309354305 -0,742688000202179 2,61545372009277
HipRight 0,18064421415329 0,244515493512154 2,66724419593811
KneeRight 0,18517941236496 -0,29968735575676 2,69141983985901
AnkleRight 0,166434481739998 -0,679139673709869 2,69875884056091
FootRight 0,195017784833908 -0,749215960502625 2,62910914421082

