HipCenter 0,115876391530037 0,312808394432068 2,65952825546265
Spine 0,0985702574253082 0,382333785295486 2,71796774864197
ShoulderCenter 0,108414649963379 0,780842661857605 2,72111845016479
Head 0,121110528707504 0,957289814949036 2,68299889564514
ShoulderLeft -0,0374376364052296 0,654467523097992 2,64172315597534
ElbowLeft -0,0991018861532211 0,432166576385498 2,54540801048279
WristLeft -0,13835284113884 0,215046614408493 2,41891074180603
HandLeft -0,150088280439377 0,134543523192406 2,37467241287231
ShoulderRight 0,280972182750702 0,664299011230469 2,74289107322693
ElbowRight 0,323603689670563 0,389539927244186 2,70081233978271
WristRight 0,329699516296387 0,164042070508003 2,64292573928833
HandRight 0,333349347114563 0,0614680424332619 2,63873410224915
HipLeft 0,0467978045344353 0,241109490394592 2,62527275085449
KneeLeft 0,0152989234775305 -0,304801851511002 2,67509007453918
AnkleLeft 0,0608507357537746 -0,675879299640656 2,68763446807861
FootLeft 0,0572957620024681 -0,741223514080048 2,61212968826294
HipRight 0,188556760549545 0,237383961677551 2,66897296905518
KneeRight 0,190598919987679 -0,300195932388306 2,6928014755249
AnkleRight 0,167868614196777 -0,677175104618073 2,69567227363586
FootRight 0,192650690674782 -0,748797416687012 2,63314127922058

