HipCenter 0,106788337230682 0,315834403038025 2,64833950996399
Spine 0,0855885744094849 0,384957611560822 2,70523309707642
ShoulderCenter 0,0964433327317238 0,781983017921448 2,71062922477722
Head 0,100526101887226 0,963646054267883 2,68822836875916
ShoulderLeft -0,036848071962595 0,67121148109436 2,61903595924377
ElbowLeft -0,121202513575554 0,689933001995087 2,37306237220764
WristLeft -0,159284770488739 0,724227607250214 2,13027811050415
HandLeft -0,187082171440125 0,742419958114624 1,98346424102783
ShoulderRight 0,261483192443848 0,674129366874695 2,73705863952637
ElbowRight 0,30979523062706 0,396182298660278 2,69983148574829
WristRight 0,31242972612381 0,166306391358376 2,6422553062439
HandRight 0,320972800254822 0,0757072418928146 2,63844060897827
HipLeft 0,0406930632889271 0,246126741170883 2,61019968986511
KneeLeft 0,00895815622061491 -0,297045081853867 2,6720244884491
AnkleLeft 0,0594218894839287 -0,673318386077881 2,68844699859619
FootLeft 0,0556090176105499 -0,740910708904266 2,61565065383911
HipRight 0,175804823637009 0,242766082286835 2,66313004493713
KneeRight 0,182179376482964 -0,299638122320175 2,68900990486145
AnkleRight 0,165997311472893 -0,679627180099487 2,6967945098877
FootRight 0,184894606471062 -0,746233761310577 2,63046765327454

