HipCenter 0,205729708075523 0,301783233880997 2,53398633003235
Spine 0,206904664635658 0,372368454933167 2,57314825057983
ShoulderCenter 0,234064444899559 0,746877431869507 2,57358264923096
Head 0,246645897626877 0,926757752895355 2,55897855758667
ShoulderLeft 0,083352230489254 0,63712066411972 2,56268644332886
ElbowLeft -0,133065089583397 0,556928873062134 2,50824856758118
WristLeft -0,359148979187012 0,475338906049728 2,36971831321716
HandLeft -0,421948134899139 0,466626614332199 2,33476424217224
ShoulderRight 0,402397215366364 0,630985200405121 2,59055137634277
ElbowRight 0,460570931434631 0,366497427225113 2,5535204410553
WristRight 0,43882417678833 0,14099395275116 2,45868968963623
HandRight 0,419139385223389 0,0473360344767571 2,43783617019653
HipLeft 0,131289705634117 0,237542062997818 2,52002954483032
KneeLeft 0,0716444402933121 -0,280759066343308 2,6038064956665
AnkleLeft 0,0416980497539043 -0,660067200660706 2,62708950042725
FootLeft 0,00833751633763313 -0,733608722686768 2,57902574539185
HipRight 0,271550506353378 0,22232823073864 2,53050518035889
KneeRight 0,310827195644379 -0,287012010812759 2,62427139282227
AnkleRight 0,340286701917648 -0,654983103275299 2,65263199806213
FootRight 0,35823929309845 -0,735721826553345 2,60559749603271

