HipCenter 0,0506191924214363 0,156740799546242 2,5443127155304
Spine 0,00857257097959518 0,208586752414703 2,51343703269959
ShoulderCenter -0,230478003621101 0,477572202682495 2,37094783782959
Head -0,386022806167603 0,46769055724144 2,25336933135986
ShoulderLeft -0,307006806135178 0,282698541879654 2,40151858329773
ElbowLeft -0,470533668994904 0,372926324605942 2,3115382194519
WristLeft -0,354240626096725 0,470858156681061 2,1528377532959
HandLeft -0,315476268529892 0,503502130508423 2,10433006286621
ShoulderRight -0,117615252733231 0,499894052743912 2,37198638916016
ElbowRight 0,0729984045028687 0,386082112789154 2,49473786354065
WristRight 0,176288664340973 0,171607121825218 2,60282754898071
HandRight 0,194381728768349 0,100734509527683 2,61107683181763
HipLeft 0,0451433621346951 0,0745686292648315 2,55330371856689
KneeLeft 0,0181069131940603 -0,353667438030243 2,44912123680115
AnkleLeft 0,029888316988945 -0,676036417484283 2,59647178649902
FootLeft 0,00335668586194515 -0,74777489900589 2,57757496833801
HipRight 0,131959542632103 0,143816500902176 2,58105206489563
KneeRight 0,286147177219391 -0,317306011915207 2,67758917808533
AnkleRight 0,338804632425308 -0,656914472579956 2,65768027305603
FootRight 0,355572998523712 -0,737133085727692 2,6033182144165

