HipCenter -0,0470626391470432 0,0929522439837456 2,55656147003174
Spine -0,0552790053188801 0,136214822530746 2,61285352706909
ShoulderCenter -0,0587197132408619 0,42504546046257 2,62125897407532
Head -0,0528434254229069 0,661198794841766 2,68035912513733
ShoulderLeft -0,145628079771996 0,442687928676605 2,60947155952454
ElbowLeft 0,0420769155025482 0,399166107177734 2,44433903694153
WristLeft 0,11645545065403 0,544680953025818 2,49490904808044
HandLeft 0,141248300671577 0,593185901641846 2,51624298095703
ShoulderRight 0,121800944209099 0,360755562782288 2,62575793266296
ElbowRight 0,253227293491364 0,47916767001152 2,6737687587738
WristRight 0,154674589633942 0,540508151054382 2,52870202064514
HandRight 0,121823683381081 0,560954988002777 2,48482370376587
HipLeft -0,100511625409126 0,0397153943777084 2,54430651664734
KneeLeft -0,123412884771824 -0,397580295801163 2,59169149398804
AnkleLeft -0,110764622688293 -0,819666087627411 2,58901643753052
FootLeft -0,0898260325193405 -0,909640789031982 2,518226146698
HipRight 0,00980581343173981 0,0343765690922737 2,54058241844177
KneeRight 0,0434493869543076 -0,373038977384567 2,57465553283691
AnkleRight 0,0335492789745331 -0,798033118247986 2,5817346572876
FootRight 0,00789766572415829 -0,908047795295715 2,52855253219604

