HipCenter -0,0428436025977135 0,0859747380018234 2,55250334739685
Spine -0,0506690181791782 0,150522828102112 2,61099886894226
ShoulderCenter -0,0478590615093708 0,533689916133881 2,6311731338501
Head -0,0449545420706272 0,705252230167389 2,68459415435791
ShoulderLeft -0,146798774600029 0,438916176557541 2,60916066169739
ElbowLeft 0,0383095741271973 0,385691165924072 2,44293832778931
WristLeft 0,102282598614693 0,53645646572113 2,49382138252258
HandLeft 0,123606942594051 0,586711585521698 2,51525497436523
ShoulderRight 0,121391095221043 0,364208221435547 2,63260388374329
ElbowRight 0,252836257219315 0,479495912790298 2,66683149337769
WristRight 0,106104753911495 0,518863916397095 2,4978334903717
HandRight 0,0571942552924156 0,531986594200134 2,44597339630127
HipLeft -0,100047737360001 0,0325949266552925 2,54169702529907
KneeLeft -0,129165604710579 -0,340576946735382 2,56650495529175
AnkleLeft -0,118568897247314 -0,765672087669373 2,58638691902161
FootLeft -0,0893470197916031 -0,87729150056839 2,53931379318237
HipRight 0,0134313683956861 0,026718208566308 2,5395929813385
KneeRight 0,0244520865380764 -0,385254412889481 2,57494425773621
AnkleRight 0,0293884575366974 -0,812865972518921 2,55746102333069
FootRight -0,000816077459603548 -0,894337177276611 2,51788234710693

