HipCenter -0,0440471954643726 0,0755950510501862 2,55250525474548
Spine -0,0362453684210777 0,123804286122322 2,60895252227783
ShoulderCenter -0,0580476336181164 0,426316320896149 2,62124085426331
Head -0,0473081059753895 0,658697485923767 2,68208456039429
ShoulderLeft -0,153190791606903 0,436642348766327 2,61647367477417
ElbowLeft -0,00914737768471241 0,375644445419312 2,4775710105896
WristLeft 0,0979244112968445 0,513042092323303 2,48856353759766
HandLeft 0,133615016937256 0,558841288089752 2,49668455123901
ShoulderRight 0,0595516562461853 0,421504020690918 2,56683492660522
ElbowRight 0,24898499250412 0,481580078601837 2,66707730293274
WristRight 0,162184536457062 0,535684168338776 2,51061773300171
HandRight 0,133251041173935 0,553718864917755 2,4629213809967
HipLeft -0,0915402472019196 0,0230829697102308 2,54202485084534
KneeLeft -0,123397976160049 -0,345364391803741 2,5889356136322
AnkleLeft -0,11351865530014 -0,770623445510864 2,59348082542419
FootLeft -0,0834551751613617 -0,877886116504669 2,5381805896759
HipRight 0,0091207018122077 0,029348436743021 2,53895616531372
KneeRight 0,0365507230162621 -0,354564696550369 2,5691704750061
AnkleRight -0,187357723712921 -0,194361642003059 2,69644832611084
FootRight -0,116742894053459 -0,278897106647491 2,63870310783386

