HipCenter -0,0406403131783009 0,0700686573982239 2,54020285606384
Spine -0,00575888156890869 0,144670084118843 2,58460569381714
ShoulderCenter -0,0523241795599461 0,545847237110138 2,63095617294312
Head -0,0372543707489967 0,722041130065918 2,68438363075256
ShoulderLeft -0,139917507767677 0,436589121818542 2,60299348831177
ElbowLeft 0,0387557148933411 0,354307413101196 2,44842839241028
WristLeft 0,107332207262516 0,515417337417603 2,49231696128845
HandLeft 0,130191043019295 0,569120645523071 2,51131987571716
ShoulderRight -0,0519512891769409 0,494823932647705 2,51494383811951
ElbowRight 0,153741210699081 0,481582939624786 2,60977602005005
WristRight 0,272427827119827 0,578774154186249 2,50935530662537
HandRight 0,311990022659302 0,611171245574951 2,48025512695313
HipLeft -0,0630509480834007 0,0392314903438091 2,53908801078796
KneeLeft -0,124305486679077 -0,375210821628571 2,58018612861633
AnkleLeft -0,11506275832653 -0,716982543468475 2,61189341545105
FootLeft -0,0942523926496506 -0,825799822807312 2,5569748878479
HipRight -0,0139321722090244 0,0412522815167904 2,52802014350891
KneeRight 0,036161731928587 -0,33605295419693 2,56492328643799
AnkleRight 0,0315866842865944 -0,758922457695007 2,57070970535278
FootRight -0,0420889481902123 -0,79837965965271 2,50305819511414

