HipCenter -0,038454182446003 0,0776228755712509 2,57201910018921
Spine -0,0428008958697319 0,14160244166851 2,63629603385925
ShoulderCenter -0,028837613761425 0,552251815795898 2,67117428779602
Head -0,0463660359382629 0,713065147399902 2,695148229599
ShoulderLeft -0,174515128135681 0,411106020212173 2,61640858650208
ElbowLeft -0,0669627487659454 0,531142771244049 2,41520071029663
WristLeft 0,0993157923221588 0,517264008522034 2,45431780815125
HandLeft 0,15474197268486 0,512637734413147 2,47203516960144
ShoulderRight 0,0878272205591202 0,411937922239304 2,65134263038635
ElbowRight 0,203013002872467 0,513252139091492 2,53932881355286
WristRight 0,238433167338371 0,384121686220169 2,63815236091614
HandRight 0,250239878892899 0,341078191995621 2,67577195167542
HipLeft -0,0986120104789734 0,0175893642008305 2,54179430007935
KneeLeft -0,121479853987694 -0,382755726575851 2,59706854820251
AnkleLeft -0,113705806434155 -0,810629427433014 2,59738850593567
FootLeft -0,0913084149360657 -0,912173449993134 2,52394986152649
HipRight 0,0189307443797588 0,0194325540214777 2,57141757011414
KneeRight 0,0380526147782803 -0,380998760461807 2,58337807655334
AnkleRight 0,035176869481802 -0,795431673526764 2,58059096336365
FootRight 0,0190004948526621 -0,909850001335144 2,52717900276184

