HipCenter -0,040403813123703 0,0621910318732262 2,54155969619751
Spine -0,0126054473221302 0,134419143199921 2,59338617324829
ShoulderCenter -0,0407892726361752 0,529292941093445 2,6336076259613
Head -0,0375415794551373 0,707127511501312 2,68545389175415
ShoulderLeft -0,148527830839157 0,439068913459778 2,60843253135681
ElbowLeft -0,0181964486837387 0,357160627841949 2,49229454994202
WristLeft 0,0997183322906494 0,507727801799774 2,48143672943115
HandLeft 0,139023259282112 0,557916879653931 2,4822211265564
ShoulderRight 0,00596261583268642 0,471345007419586 2,50765419006348
ElbowRight 0,201366171240807 0,524075031280518 2,60778617858887
WristRight 0,0809031054377556 0,522271335124969 2,46297860145569
HandRight 0,0407487526535988 0,52167010307312 2,41911292076111
HipLeft -0,0753927156329155 0,0261723436415195 2,53816080093384
KneeLeft -0,123445712029934 -0,441949486732483 2,59689736366272
AnkleLeft -0,109081782400608 -0,826961159706116 2,58950209617615
FootLeft -0,097095713019371 -0,914817094802856 2,52703452110291
HipRight -0,00494892289862037 0,0301254149526358 2,53043723106384
KneeRight 0,0455655604600906 -0,426892787218094 2,5783326625824
AnkleRight 0,0372275300323963 -0,815683126449585 2,57928228378296
FootRight 0,0168578997254372 -0,912373483181 2,52088189125061

