HipCenter -0,0361851863563061 0,0599572323262692 2,53906512260437
Spine -0,00607882626354694 0,130333468317986 2,58889126777649
ShoulderCenter -0,0439240969717503 0,524179220199585 2,6262104511261
Head -0,0331626646220684 0,697865307331085 2,67955017089844
ShoulderLeft -0,147594600915909 0,41612583398819 2,60336327552795
ElbowLeft -0,0074751079082489 0,33887043595314 2,49248003959656
WristLeft 0,100451178848743 0,483878374099731 2,47425723075867
HandLeft 0,136426612734795 0,532214343547821 2,47260427474976
ShoulderRight -0,00625196006149054 0,472594797611237 2,49950051307678
ElbowRight 0,205901503562927 0,510224938392639 2,5893542766571
WristRight 0,0784581750631332 0,552705943584442 2,45503854751587
HandRight 0,0359770655632019 0,566866278648376 2,41468787193298
HipLeft -0,0680047199130058 0,0228876974433661 2,53478002548218
KneeLeft -0,125801354646683 -0,384120553731918 2,58336472511292
AnkleLeft -0,101212300360203 -0,808758497238159 2,55798244476318
FootLeft -0,163943469524384 -0,847056984901428 2,47920989990234
HipRight -0,00423988467082381 0,0327850691974163 2,52733635902405
KneeRight 0,0875088050961494 -0,324867635965347 2,55215978622437
AnkleRight 0,0545410066843033 -0,748214423656464 2,55088329315186
FootRight -0,00278246402740479 -0,856588125228882 2,53300809860229

