HipCenter -0,0310752727091312 0,0589063614606857 2,54302287101746
Spine -0,00179987400770187 0,128137931227684 2,59260487556458
ShoulderCenter -0,0409151911735535 0,528032064437866 2,63593339920044
Head -0,0282001961022615 0,698701322078705 2,68566179275513
ShoulderLeft -0,141414389014244 0,419085085391998 2,60294914245605
ElbowLeft 0,0387855246663094 0,326230227947235 2,46401214599609
WristLeft 0,107584066689014 0,515892624855042 2,48793745040894
HandLeft 0,130516916513443 0,57911342382431 2,50024247169495
ShoulderRight -0,00770231941714883 0,483410537242889 2,50230121612549
ElbowRight 0,190282881259918 0,478957831859589 2,61287212371826
WristRight 0,33160924911499 0,445272654294968 2,70202159881592
HandRight 0,377200305461884 0,409696608781815 2,72275996208191
HipLeft -0,0625958517193794 0,0218991637229919 2,53851914405823
KneeLeft -0,119200155138969 -0,425739645957947 2,59394645690918
AnkleLeft -0,109787434339523 -0,823736846446991 2,59083414077759
FootLeft -0,0896811336278915 -0,906287670135498 2,52599406242371
HipRight 0,00145741843152791 0,0305637679994106 2,53294634819031
KneeRight 0,0452693551778793 -0,423978000879288 2,5859956741333
AnkleRight 0,0333695411682129 -0,823468565940857 2,57933354377747
FootRight 0,0102472882717848 -0,905650019645691 2,5241527557373

