HipCenter -0,0414915010333061 0,0663406550884247 2,54061532020569
Spine -0,0162669438868761 0,140065640211105 2,5922429561615
ShoulderCenter -0,0535363480448723 0,528449416160584 2,6271550655365
Head -0,0513261891901493 0,698340713977814 2,67704272270203
ShoulderLeft -0,15036678314209 0,442222476005554 2,60447144508362
ElbowLeft 0,0365089327096939 0,381991803646088 2,44318270683289
WristLeft 0,102349124848843 0,53780460357666 2,48079395294189
HandLeft 0,124295860528946 0,589742183685303 2,49762773513794
ShoulderRight 0,00707478262484074 0,47700959444046 2,50048756599426
ElbowRight 0,202207371592522 0,513002276420593 2,58863592147827
WristRight 0,296204805374146 0,420731127262115 2,69327640533447
HandRight 0,327537298202515 0,38997408747673 2,73245334625244
HipLeft -0,0772137120366097 0,0279331970959902 2,53645706176758
KneeLeft -0,122988365590572 -0,441194742918015 2,59741401672363
AnkleLeft -0,110419847071171 -0,827163279056549 2,58801984786987
FootLeft -0,0888775736093521 -0,915866374969482 2,51808571815491
HipRight -0,00472398567944765 0,0332461707293987 2,53029775619507
KneeRight 0,036295086145401 -0,428775012493134 2,58423042297363
AnkleRight 0,035748764872551 -0,819793581962585 2,57525157928467
FootRight 0,0149012058973312 -0,920257925987244 2,52317571640015

