HipCenter -0,0459448620676994 0,0601268410682678 2,53659081459045
Spine -0,0130969397723675 0,1318169683218 2,5818498134613
ShoulderCenter -0,0553711913526058 0,53097003698349 2,62811851501465
Head -0,0500283017754555 0,700054168701172 2,67904305458069
ShoulderLeft -0,158314764499664 0,427905708551407 2,5995306968689
ElbowLeft 0,0370069891214371 0,367208421230316 2,45095753669739
WristLeft 0,0889252871274948 0,532551169395447 2,4718542098999
HandLeft 0,106231391429901 0,587665438652039 2,48309755325317
ShoulderRight -0,0552739053964615 0,492499470710754 2,50423145294189
ElbowRight 0,162058874964714 0,508215487003326 2,57690334320068
WristRight 0,0509919747710228 0,522599935531616 2,42758274078369
HandRight 0,013969674706459 0,527394771575928 2,38208699226379
HipLeft -0,0692860037088394 0,0311571564525366 2,53326082229614
KneeLeft -0,126975178718567 -0,388820439577103 2,58102321624756
AnkleLeft -0,112193949520588 -0,801217794418335 2,58835005760193
FootLeft -0,0886784046888351 -0,896591544151306 2,52497363090515
HipRight -0,0202039331197739 0,0340444147586823 2,52707719802856
KneeRight 0,0483770854771137 -0,390557885169983 2,55080604553223
AnkleRight 0,0334241464734077 -0,801280796527863 2,57491564750671
FootRight -0,00529850833117962 -0,8775994181633 2,53244042396545

