HipCenter -0,0489903390407562 0,0587742924690247 2,53614449501038
Spine -0,0160800144076347 0,133444055914879 2,58082389831543
ShoulderCenter -0,0625292584300041 0,52992582321167 2,6315495967865
Head -0,0469570569694042 0,697524726390839 2,68415570259094
ShoulderLeft -0,158162117004395 0,417450845241547 2,59646487236023
ElbowLeft -0,0166954696178436 0,418380200862885 2,46801853179932
WristLeft 0,118421956896782 0,520881772041321 2,50021767616272
HandLeft 0,163461104035378 0,555048942565918 2,51515054702759
ShoulderRight -0,0523306950926781 0,507419943809509 2,49458384513855
ElbowRight 0,0773235410451889 0,400577992200851 2,54530644416809
WristRight 0,234785526990891 0,463404268026352 2,63634586334229
HandRight 0,265688419342041 0,413419932126999 2,62536883354187
HipLeft -0,0750996917486191 0,025143027305603 2,53079438209534
KneeLeft -0,123540729284286 -0,449011534452438 2,60056662559509
AnkleLeft -0,109689474105835 -0,856967687606812 2,56648349761963
FootLeft -0,0670443624258041 -0,919856250286102 2,52216053009033
HipRight -0,0188156552612782 0,0307205896824598 2,52821826934814
KneeRight 0,0357178412377834 -0,43217596411705 2,58059120178223
AnkleRight 0,0201215893030167 -0,139807254076004 2,48270201683044
FootRight 0,0143741630017757 -0,25853356719017 2,48863625526428

