HipCenter -0,0468631908297539 0,0542194917798042 2,53586792945862
Spine -0,0218566842377186 0,124906666576862 2,58695960044861
ShoulderCenter -0,0569672808051109 0,527859449386597 2,63061285018921
Head -0,0387948080897331 0,693509459495544 2,68338322639465
ShoulderLeft -0,157795384526253 0,413092881441116 2,59548354148865
ElbowLeft -0,0180009305477142 0,422766387462616 2,46576499938965
WristLeft 0,114757165312767 0,533339560031891 2,481929063797
HandLeft 0,159009873867035 0,570197284221649 2,49150252342224
ShoulderRight 0,00136532145552337 0,500918805599213 2,50295972824097
ElbowRight 0,093036100268364 0,379998922348022 2,56578135490417
WristRight 0,235515221953392 0,465012758970261 2,62872099876404
HandRight 0,284894526004791 0,453645586967468 2,66007328033447
HipLeft -0,0745635330677032 0,0172549337148666 2,5279552936554
KneeLeft -0,122626647353172 -0,464299261569977 2,60217142105103
AnkleLeft -0,11104254424572 -0,82837176322937 2,59204959869385
FootLeft -0,0952619016170502 -0,909786999225616 2,52200937271118
HipRight -0,017374949529767 0,0255627389997244 2,52802896499634
KneeRight 0,0217554047703743 -0,434724360704422 2,57549691200256
AnkleRight 0,0301936343312263 -0,822277009487152 2,57211828231812
FootRight 0,00765513256192207 -0,909136354923248 2,52272248268127

