HipCenter -0,0439090356230736 0,0629219189286232 2,52687621116638
Spine -0,0213617738336325 0,134029000997543 2,57964110374451
ShoulderCenter -0,0524939149618149 0,540558457374573 2,62370657920837
Head -0,0510247424244881 0,702678799629211 2,67724466323853
ShoulderLeft -0,162757396697998 0,426297068595886 2,59306502342224
ElbowLeft 0,028112605214119 0,386886328458786 2,43612933158875
WristLeft 0,0906452164053917 0,548263788223267 2,44339179992676
HandLeft 0,111489422619343 0,602056264877319 2,44996333122253
ShoulderRight -0,00230585574172437 0,448991119861603 2,50183796882629
ElbowRight 0,199158787727356 0,510646402835846 2,58298635482788
WristRight 0,281019866466522 0,409249305725098 2,68611550331116
HandRight 0,335798621177673 0,39991420507431 2,70635986328125
HipLeft -0,0700534135103226 0,0355824790894985 2,51805996894836
KneeLeft -0,149837046861649 -0,315446615219116 2,553542137146
AnkleLeft -0,132150277495384 -0,716403424739838 2,57889151573181
FootLeft -0,181130945682526 -0,751960694789886 2,49595427513123
HipRight -0,0167128406465054 0,0277043469250202 2,52022242546082
KneeRight -0,00459835911169648 -0,421357035636902 2,58282589912415
AnkleRight 0,016807546839118 -0,825150728225708 2,55124497413635
FootRight -0,012106591835618 -0,896405339241028 2,5099732875824

