HipCenter 0,109931416809559 0,276787489652634 2,40443420410156
Spine 0,105941846966743 0,34457865357399 2,46006369590759
ShoulderCenter 0,112746134400368 0,720674455165863 2,44725704193115
Head 0,0949311032891274 0,897386491298676 2,4199640750885
ShoulderLeft -0,0598365478217602 0,612828433513641 2,41534519195557
ElbowLeft -0,261697709560394 0,518991887569427 2,30260872840881
WristLeft -0,44045701622963 0,480626404285431 2,15463209152222
HandLeft -0,489670693874359 0,491371780633926 2,09982681274414
ShoulderRight 0,267014473676682 0,600088119506836 2,44231796264648
ElbowRight 0,333370476961136 0,336236834526062 2,45347452163696
WristRight 0,333795219659805 0,114139750599861 2,39418792724609
HandRight 0,330713123083115 0,0559896789491177 2,38212370872498
HipLeft 0,0356506705284119 0,204064443707466 2,38867688179016
KneeLeft 0,0151715688407421 -0,315047234296799 2,46542167663574
AnkleLeft 0,0184868052601814 -0,658524572849274 2,46074461936951
FootLeft -0,0073848869651556 -0,735973238945007 2,39719533920288
HipRight 0,18280516564846 0,202462986111641 2,40139770507813
KneeRight 0,21003232896328 -0,314874082803726 2,46848106384277
AnkleRight 0,208604797720909 -0,660304307937622 2,47174739837646
FootRight 0,21793295443058 -0,740564346313477 2,4143922328949

