HipCenter 0,112995624542236 0,283318310976028 2,40381002426147
Spine 0,108351401984692 0,349203050136566 2,45932841300964
ShoulderCenter 0,114752322435379 0,720023989677429 2,44858980178833
Head 0,099711075425148 0,899471580982208 2,42474889755249
ShoulderLeft -0,0694911628961563 0,62180894613266 2,41113042831421
ElbowLeft -0,289555102586746 0,683409929275513 2,27002453804016
WristLeft -0,461154282093048 0,782315075397491 2,14462614059448
HandLeft -0,503930032253265 0,81325227022171 2,10467624664307
ShoulderRight 0,270947992801666 0,600979089736938 2,44154834747314
ElbowRight 0,339030802249908 0,343154489994049 2,45099139213562
WristRight 0,334104627370834 0,120351776480675 2,39251327514648
HandRight 0,333881795406342 0,0616904534399509 2,37889051437378
HipLeft 0,0375579372048378 0,207340374588966 2,38653063774109
KneeLeft 0,0174724515527487 -0,318008810281754 2,46248459815979
AnkleLeft 0,0188144315034151 -0,659541070461273 2,4613561630249
FootLeft -0,00774577725678682 -0,737879753112793 2,39890265464783
HipRight 0,187681630253792 0,206534042954445 2,40095067024231
KneeRight 0,213180169463158 -0,314004778862 2,46812462806702
AnkleRight 0,207992270588875 -0,659417867660522 2,47135019302368
FootRight 0,216777220368385 -0,738891899585724 2,41240811347961

