HipCenter 0,21859347820282 0,406020373106003 2,68577671051025
Spine 0,225084468722343 0,478509545326233 2,74957466125488
ShoulderCenter 0,229476749897003 0,894888699054718 2,74947381019592
Head 0,204482793807983 1,12678372859955 2,71614527702332
ShoulderLeft 0,0588796138763428 0,756573081016541 2,74532437324524
ElbowLeft -0,00339247821830213 0,480544686317444 2,76594185829163
WristLeft -0,0212402082979679 0,23041757941246 2,71233558654785
HandLeft -0,0207324530929327 0,115806668996811 2,67007207870483
ShoulderRight 0,402072250843048 0,767869353294373 2,7208092212677
ElbowRight 0,48167285323143 0,492218881845474 2,71518778800964
WristRight 0,471409797668457 0,250227630138397 2,62070035934448
HandRight 0,453235685825348 0,129014998674393 2,58024287223816
HipLeft 0,139293745160103 0,329069137573242 2,67941641807556
KneeLeft 0,0973244160413742 -0,254843682050705 2,76014757156372
AnkleLeft 0,100043669342995 -0,659380733966827 2,79056310653687
FootLeft 0,0848217383027077 -0,729942798614502 2,73775863647461
HipRight 0,29365074634552 0,330050617456436 2,66744136810303
KneeRight 0,347625136375427 -0,258861005306244 2,72159743309021
AnkleRight 0,350713163614273 -0,639897465705872 2,76873636245728
FootRight 0,355600386857986 -0,733410179615021 2,70210552215576

