HipCenter 0,220088884234428 0,410460531711578 2,68817329406738
Spine 0,220918968319893 0,482660621404648 2,75184965133667
ShoulderCenter 0,219593584537506 0,899148106575012 2,7516782283783
Head 0,202007830142975 1,13179683685303 2,71796298027039
ShoulderLeft 0,0381922498345375 0,76442551612854 2,7281289100647
ElbowLeft -0,163053259253502 0,653278827667236 2,60778546333313
WristLeft -0,36597204208374 0,579800188541412 2,4325122833252
HandLeft -0,46191218495369 0,604360222816467 2,31216979026794
ShoulderRight 0,397045731544495 0,771052896976471 2,72318625450134
ElbowRight 0,484533607959747 0,489473074674606 2,71823859214783
WristRight 0,47690287232399 0,249335795640945 2,62614631652832
HandRight 0,463240593671799 0,134803578257561 2,58821249008179
HipLeft 0,140966042876244 0,330123037099838 2,67784261703491
KneeLeft 0,0953895449638367 -0,245431959629059 2,76443433761597
AnkleLeft 0,0980521366000175 -0,658551394939423 2,78626346588135
FootLeft 0,0827650055289268 -0,733353495597839 2,72866368293762
HipRight 0,299466162919998 0,333212673664093 2,67306518554688
KneeRight 0,345923632383347 -0,256560385227203 2,72647452354431
AnkleRight 0,349804520606995 -0,645586252212524 2,76952528953552
FootRight 0,35734885931015 -0,737986445426941 2,70362687110901

