HipCenter -0,0518256984651089 -0,209278732538223 2,18410229682922
Spine -0,0718519166111946 -0,19490385055542 2,18144917488098
ShoulderCenter -0,169106677174568 -0,119662158191204 2,17974638938904
Head -0,0751480683684349 -0,0780621320009232 2,000648021698
ShoulderLeft -0,206898361444473 0,0505318976938725 2,08214354515076
ElbowLeft -0,344039678573608 -0,0244628749787807 2,05579662322998
WristLeft -0,204501375555992 -0,0175270065665245 1,88625717163086
HandLeft -0,215262830257416 -0,0690306797623634 1,86577522754669
ShoulderRight 0,00403424212709069 -0,0471237562596798 2,29834365844727
ElbowRight 0,199703186750412 -0,0265032835304737 2,19963192939758
WristRight 0,153939977288246 -0,146038770675659 2,27954030036926
HandRight 0,138685569167137 -0,185883939266205 2,30971360206604
HipLeft -0,0497986823320389 -0,237884163856506 2,19169878959656
KneeLeft -0,159388512372971 -0,355499863624573 1,8963987827301
AnkleLeft -0,133634865283966 -0,67394495010376 1,93621039390564
FootLeft -0,108611769974232 -0,743927180767059 1,92624449729919
HipRight 0,0348907336592674 -0,249378144741058 2,16829752922058
KneeRight 0,157245755195618 -0,37945830821991 1,88382601737976
AnkleRight 0,121840737760067 -0,689892053604126 1,9516795873642
FootRight 0,122941382229328 -0,74565201997757 1,91014301776886

