HipCenter 0,0425212755799294 -0,195890918374062 2,18726873397827
Spine 0,0520413182675838 -0,188375383615494 2,18493151664734
ShoulderCenter 0,0983132421970367 -0,149014726281166 2,18513083457947
Head 0,0543261431157589 -0,123738117516041 1,98696148395538
ShoulderLeft 0,0605215430259705 0,0211792290210724 2,08752799034119
ElbowLeft -0,153398007154465 0,0110933035612106 2,05665183067322
WristLeft -0,0855868980288506 -0,00783314369618893 1,84351468086243
HandLeft -0,0708986818790436 -0,0623700171709061 1,83333134651184
ShoulderRight 0,167675241827965 0,0610488466918468 2,02360343933105
ElbowRight 0,216489285230637 -0,100749924778938 2,13463997840881
WristRight 0,124619841575623 -0,162213057279587 2,23754978179932
HandRight 0,0939966887235641 -0,182700768113136 2,27539849281311
HipLeft -0,0204793810844421 -0,240287810564041 2,2287700176239
KneeLeft -0,147547364234924 -0,353045374155045 1,92128777503967
AnkleLeft -0,131533041596413 -0,675730764865875 1,93651485443115
FootLeft -0,164863362908363 -0,736499965190887 1,90928685665131
HipRight 0,00338071584701538 -0,237312629818916 2,13020873069763
KneeRight 0,168768614530563 -0,394030600786209 1,88627243041992
AnkleRight 0,121529504656792 -0,684299290180206 1,94658386707306
FootRight 0,119195580482483 -0,744571566581726 1,91482484340668

