HipCenter -0,041406624019146 -0,0639232099056244 2,29628992080688
Spine -0,0439453236758709 -0,0149901453405619 2,32879018783569
ShoulderCenter -0,0538743250072002 0,236885815858841 2,30017328262329
Head -0,0682191550731659 0,41958475112915 2,22261190414429
ShoulderLeft -0,219753459095955 0,148717075586319 2,30133891105652
ElbowLeft -0,329318404197693 0,053314283490181 2,22419881820679
WristLeft -0,339696556329727 -0,0579613447189331 2,35275983810425
HandLeft -0,343155950307846 -0,0950532257556915 2,39916110038757
ShoulderRight 0,108700066804886 0,157917484641075 2,30485486984253
ElbowRight 0,19280007481575 -0,0333235710859299 2,31187582015991
WristRight 0,184797793626785 -0,13429157435894 2,16332197189331
HandRight 0,17266172170639 -0,156134948134422 2,11306548118591
HipLeft -0,112217105925083 -0,141034349799156 2,28863430023193
KneeLeft -0,161766871809959 -0,312544077634811 1,94025719165802
AnkleLeft -0,138782158493996 -0,680109918117523 1,93446230888367
FootLeft -0,149508833885193 -0,740678131580353 1,90364122390747
HipRight 0,0369337424635887 -0,131818130612373 2,28934478759766
KneeRight 0,13044972717762 -0,316520392894745 1,9565966129303
AnkleRight 0,129747003316879 -0,666287481784821 1,94014143943787
FootRight 0,123696058988571 -0,743499934673309 1,90380454063416

