HipCenter 0,043449230492115 -0,184232905507088 2,17814159393311
Spine 0,0513450913131237 -0,174313142895699 2,1715886592865
ShoulderCenter 0,0908690094947815 -0,124782726168633 2,1517276763916
Head 0,0910634621977806 -0,0899048447608948 1,95092439651489
ShoulderLeft 0,0530773550271988 0,0454111844301224 2,05412483215332
ElbowLeft -0,162103205919266 0,0178194940090179 2,04413342475891
WristLeft -0,0843877196311951 -0,00564539805054665 1,83199644088745
HandLeft -0,0803131237626076 -0,0624962113797665 1,82056176662445
ShoulderRight 0,27164763212204 -0,229111582040787 2,28441214561462
ElbowRight 0,219991371035576 -0,111056208610535 2,15161609649658
WristRight 0,173889398574829 -0,235317587852478 1,96886003017426
HandRight 0,159485161304474 -0,256685703992844 1,91675162315369
HipLeft -0,0517516881227493 -0,178998440504074 2,20881390571594
KneeLeft -0,148797690868378 -0,355316609144211 1,92171275615692
AnkleLeft -0,133001506328583 -0,675480008125305 1,93616580963135
FootLeft -0,114680208265781 -0,725071609020233 1,88459968566895
HipRight 0,040005449205637 -0,312446087598801 2,18010902404785
KneeRight 0,158888190984726 -0,369926124811172 1,87234973907471
AnkleRight 0,122091442346573 -0,693150520324707 1,95408356189728
FootRight 0,12187298387289 -0,745804667472839 1,91587173938751

