HipCenter -0,0280819237232208 -0,124205969274044 2,21693921089172
Spine -0,02579066157341 -0,10230315476656 2,1978588104248
ShoulderCenter -0,0108147608116269 -0,00548659125342965 2,10855937004089
Head -0,0374545753002167 0,127833396196365 1,9494411945343
ShoulderLeft -0,19332492351532 0,0700852200388908 2,10234761238098
ElbowLeft -0,339904457330704 0,053146593272686 2,13156509399414
WristLeft -0,198692515492439 0,0390279963612556 2,05664610862732
HandLeft -0,151621863245964 0,0343217961490154 2,0352087020874
ShoulderRight 0,126137062907219 0,0749106705188751 2,11241173744202
ElbowRight 0,227067336440086 -0,0655106902122498 2,2121376991272
WristRight 0,15279483795166 -0,168732136487961 2,07299828529358
HandRight 0,138929128646851 -0,189301401376724 2,02283787727356
HipLeft -0,115760408341885 -0,180090144276619 2,25481796264648
KneeLeft -0,160782992839813 -0,321176499128342 1,93482398986816
AnkleLeft -0,137579083442688 -0,679432511329651 1,94091212749481
FootLeft -0,149601250886917 -0,7420334815979 1,90642380714417
HipRight 0,0484320446848869 -0,180578023195267 2,26476740837097
KneeRight 0,135541528463364 -0,328183889389038 1,95075464248657
AnkleRight 0,128037124872208 -0,672400236129761 1,948526263237
FootRight 0,122122406959534 -0,742882907390594 1,90420925617218

