HipCenter -0,0408712737262249 -0,11828126013279 2,1198046207428
Spine -0,0537214837968349 -0,0810437425971031 2,09956502914429
ShoulderCenter -0,114132553339005 0,0908209159970284 2,00115442276001
Head -0,128247484564781 0,0148828476667404 1,87603950500488
ShoulderLeft -0,151924207806587 0,26101490855217 1,90355145931244
ElbowLeft -0,24013377726078 0,0923821479082108 1,9915999174118
WristLeft -0,121663190424442 0,0169656574726105 1,8124703168869
HandLeft -0,104415327310562 -0,038930382579565 1,80993950366974
ShoulderRight 0,174396693706512 0,0557383932173252 2,02695155143738
ElbowRight 0,167243540287018 -0,0941385626792908 1,94465029239655
WristRight 0,143924370408058 -0,296052217483521 1,87816953659058
HandRight 0,129416286945343 -0,31757441163063 1,82568550109863
HipLeft -0,0643616020679474 -0,159576654434204 2,17824053764343
KneeLeft -0,149449035525322 -0,355975955724716 1,92142152786255
AnkleLeft -0,133833140134811 -0,675335228443146 1,93742954730988
FootLeft -0,143556103110313 -0,738879024982452 1,91586220264435
HipRight 0,0428327210247517 -0,234873563051224 2,14478230476379
KneeRight 0,161564111709595 -0,395431905984879 1,87812292575836
AnkleRight 0,120512403547764 -0,692327737808228 1,95504987239838
FootRight 0,11970916390419 -0,747022867202759 1,91523611545563

