HipCenter 0,0192448422312737 -0,203323721885681 2,14489674568176
Spine 0,0278079751878977 -0,181479230523109 2,12166547775269
ShoulderCenter 0,0772805735468864 -0,0826661810278893 2,00894594192505
Head -0,052774079144001 0,0227739065885544 1,99045062065125
ShoulderLeft 0,0394889302551746 0,0875277817249298 1,91134297847748
ElbowLeft -0,152619495987892 0,0382697880268097 1,98422050476074
WristLeft -0,0711162313818932 -0,0146887302398682 1,77684700489044
HandLeft -0,0295735746622086 -0,0663840100169182 1,68210828304291
ShoulderRight 0,261107563972473 -0,00335799646563828 2,13310933113098
ElbowRight 0,169020339846611 -0,0228059217333794 1,97481894493103
WristRight 0,152500465512276 -0,23173862695694 1,89924800395966
HandRight 0,137988045811653 -0,25326731801033 1,84674847126007
HipLeft -0,0503936260938644 -0,209859117865562 2,18734264373779
KneeLeft -0,15412899851799 -0,362497568130493 1,90955948829651
AnkleLeft -0,133715942502022 -0,676155686378479 1,93717241287231
FootLeft -0,144748225808144 -0,738214135169983 1,91812384128571
HipRight 0,063364252448082 -0,272742867469788 2,17321944236755
KneeRight 0,155895948410034 -0,384876936674118 1,87225103378296
AnkleRight 0,120947569608688 -0,688484191894531 1,95150756835938
FootRight 0,120885610580444 -0,746260404586792 1,91383826732635

