HipCenter 0,0202197469770908 -0,10420086979866 2,15223002433777
Spine 0,0221237167716026 -0,0654312521219254 2,13102149963379
ShoulderCenter 0,0578100979328156 0,137649148702621 2,02333283424377
Head -0,00863690674304962 0,0684769824147224 1,84123682975769
ShoulderLeft -0,131395310163498 0,101517207920551 1,98985779285431
ElbowLeft -0,279764831066132 0,0229745991528034 2,05998539924622
WristLeft -0,157538861036301 0,013402103446424 1,87823486328125
HandLeft -0,115150466561317 0,049733966588974 1,87519407272339
ShoulderRight 0,262666314840317 0,00484932539984584 2,15261697769165
ElbowRight 0,232328027486801 -0,131378456950188 2,20062899589539
WristRight 0,1184471398592 -0,131730198860168 2,29607391357422
HandRight 0,0804868414998055 -0,131847441196442 2,3314220905304
HipLeft -0,0743513032793999 -0,174196839332581 2,2409565448761
KneeLeft -0,161425441503525 -0,326553851366043 1,92528629302979
AnkleLeft -0,133299022912979 -0,675111830234528 1,93881297111511
FootLeft -0,148442640900612 -0,743834972381592 1,91578388214111
HipRight 0,103493347764015 -0,209397956728935 2,14685750007629
KneeRight 0,148921310901642 -0,379837960004807 1,86062157154083
AnkleRight 0,12346950173378 -0,681581616401672 1,94718539714813
FootRight 0,12281608581543 -0,74650102853775 1,91252958774567

