HipCenter -0,0369134470820427 -0,104460462927818 2,17256665229797
Spine -0,0202346500009298 -0,0667066648602486 2,14455580711365
ShoulderCenter 0,0609656423330307 0,119713991880417 2,01250243186951
Head -0,0581488236784935 0,0547434464097023 1,8734005689621
ShoulderLeft 0,0231739282608032 0,289908051490784 1,91489946842194
ElbowLeft -0,122553765773773 0,157812997698784 1,96978056430817
WristLeft -0,0589718818664551 0,0536505132913589 1,78735601902008
HandLeft -0,108897730708122 0,0344827100634575 1,77055394649506
ShoulderRight 0,118883654475212 0,0461888164281845 1,98797607421875
ElbowRight 0,204060763120651 -0,076403796672821 2,11592864990234
WristRight 0,146401107311249 -0,155112504959106 2,27033805847168
HandRight 0,127181217074394 -0,181348741054535 2,32534217834473
HipLeft -0,0814630761742592 -0,0902708172798157 2,20964670181274
KneeLeft -0,154104232788086 -0,339248985052109 1,91937232017517
AnkleLeft -0,13332487642765 -0,673722505569458 1,93663287162781
FootLeft -0,143808513879776 -0,739449083805084 1,91587090492249
HipRight -0,0309519078582525 -0,205407246947289 2,19582986831665
KneeRight 0,13348063826561 -0,342511892318726 1,93707978725433
AnkleRight 0,122282743453979 -0,68895560503006 1,95243358612061
FootRight 0,122676312923431 -0,744794547557831 1,91329729557037

