HipCenter -0,00452428497374058 -0,151745051145554 2,04297780990601
Spine -0,0148649020120502 -0,104493699967861 2,02134275436401
ShoulderCenter -0,067863255739212 0,129655003547668 1,92562079429626
Head -0,00951503589749336 0,044103816151619 1,73695862293243
ShoulderLeft -0,153881475329399 0,0464652739465237 1,90783154964447
ElbowLeft -0,288858473300934 0,0232396628707647 1,99223446846008
WristLeft -0,301901400089264 -0,113848306238651 2,17059993743896
HandLeft -0,302295804023743 -0,199995949864388 2,17021036148071
ShoulderRight 0,194038599729538 -0,0154962120577693 1,91231656074524
ElbowRight 0,316793233156204 -0,117217399179935 2,03249025344849
WristRight 0,259984493255615 -0,310927659273148 1,90340209007263
HandRight 0,212784767150879 -0,392888605594635 1,9180611371994
HipLeft -0,063833512365818 -0,222545176744461 2,05938076972961
KneeLeft -0,101176559925079 -0,349598824977875 1,79346799850464
AnkleLeft 0,000109894608613104 -0,663743317127228 2,01614713668823
FootLeft -0,0502219349145889 -0,737865388393402 1,99064743518829
HipRight 0,0849804729223251 -0,228688269853592 2,08086395263672
KneeRight 0,263300061225891 -0,324437946081162 1,86596989631653
AnkleRight 0,151667341589928 -0,668956637382507 2,03796100616455
FootRight 0,207596510648727 -0,736211955547333 2,00471448898315

