HipCenter 0,000824609538540244 -0,152748227119446 2,04347515106201
Spine -0,0110435495153069 -0,105503536760807 2,02177619934082
ShoulderCenter -0,0677755028009415 0,129455491900444 1,92612969875336
Head -0,00994566082954407 0,0438939854502678 1,73668837547302
ShoulderLeft -0,157495886087418 0,0453666374087334 1,90957534313202
ElbowLeft -0,290182173252106 0,0249073840677738 1,99732875823975
WristLeft -0,302391231060028 -0,137581318616867 2,15435385704041
HandLeft -0,30149832367897 -0,223854690790176 2,15549039840698
ShoulderRight 0,183128207921982 -0,00968784932047129 1,90257263183594
ElbowRight 0,314132183790207 -0,118776008486748 2,03268027305603
WristRight 0,259671092033386 -0,311540484428406 1,90110337734222
HandRight 0,213494807481766 -0,39147737622261 1,91636109352112
HipLeft -0,0587210766971111 -0,223488882184029 2,06009268760681
KneeLeft -0,102234125137329 -0,349780023097992 1,79427766799927
AnkleLeft -0,00016423974011559 -0,665609002113342 2,01699113845825
FootLeft -0,0501373484730721 -0,738161325454712 1,99188756942749
HipRight 0,0966245457530022 -0,227564290165901 2,08089804649353
KneeRight 0,261272877454758 -0,39078277349472 1,89942932128906
AnkleRight 0,152083873748779 -0,66879791021347 2,03757381439209
FootRight 0,206055358052254 -0,735964596271515 2,00413990020752

