HipCenter 0,00241806032136083 -0,153705567121506 2,03831195831299
Spine -0,00738001195713878 -0,107192128896713 2,01733756065369
ShoulderCenter -0,0560555309057236 0,125193774700165 1,92595851421356
Head -0,00730892270803452 0,0368114039301872 1,73268461227417
ShoulderLeft -0,14029549062252 0,0455562099814415 1,90438544750214
ElbowLeft -0,291216880083084 0,0389929562807083 2,00652623176575
WristLeft -0,303321331739426 -0,114775881171227 2,17119598388672
HandLeft -0,302967548370361 -0,201383456587791 2,17054486274719
ShoulderRight 0,208279296755791 -0,0166189316660166 1,92078495025635
ElbowRight 0,319902747869492 -0,115419365465641 2,02498531341553
WristRight 0,263210117816925 -0,310753673315048 1,89933395385742
HandRight 0,21665595471859 -0,390929341316223 1,91598975658417
HipLeft -0,0482272058725357 -0,221006363630295 2,0428786277771
KneeLeft -0,11584298312664 -0,358579963445663 1,78561794757843
AnkleLeft -0,00252724136225879 -0,658000528812408 2,01295161247253
FootLeft -0,0503022409975529 -0,738417983055115 1,99379324913025
HipRight 0,0959767028689384 -0,238727048039436 2,0815691947937
KneeRight 0,265800595283508 -0,427602231502533 1,93028843402863
AnkleRight 0,148403778672218 -0,698366403579712 2,04575061798096
FootRight 0,20664469897747 -0,735974073410034 2,00306344032288

