HipCenter 0,0239699948579073 -0,0507068634033203 2,22777199745178
Spine 0,0219143629074097 -0,00145878503099084 2,2420711517334
ShoulderCenter 0,0176522023975849 0,240100532770157 2,21217823028564
Head 0,0426206067204475 0,43367862701416 2,12659645080566
ShoulderLeft -0,156587690114975 0,177421152591705 2,21873188018799
ElbowLeft -0,308623492717743 0,0848080739378929 2,16967487335205
WristLeft -0,309770047664642 -0,116659291088581 2,2797966003418
HandLeft -0,310152232646942 -0,183815091848373 2,32012629508972
ShoulderRight 0,198252394795418 0,15372608602047 2,24167704582214
ElbowRight 0,266715586185455 -0,0470726042985916 2,20258212089539
WristRight 0,295241296291351 -0,144887432456017 2,05103468894959
HandRight 0,304749876260757 -0,177492380142212 2,00414133071899
HipLeft -0,055907666683197 -0,129311978816986 2,21932315826416
KneeLeft -0,097517341375351 -0,306006282567978 1,93377649784088
AnkleLeft 0,000116221606731415 -0,667531251907349 2,02107930183411
FootLeft -0,0465812832117081 -0,738731503486633 1,99179303646088
HipRight 0,106921747326851 -0,131371378898621 2,23391699790955
KneeRight 0,228480622172356 -0,285943478345871 1,95637845993042
AnkleRight 0,143746986985207 -0,677932143211365 2,04559254646301
FootRight 0,201123863458633 -0,738240122795105 2,00588750839233

