HipCenter 0,00221276050433517 -0,163920611143112 2,03294634819031
Spine -0,00825376808643341 -0,116194427013397 2,01281523704529
ShoulderCenter -0,0564549081027508 0,122633621096611 1,92328333854675
Head 0,000729802995920181 0,0309367850422859 1,71544945240021
ShoulderLeft -0,142212569713593 0,0391720980405808 1,90279030799866
ElbowLeft -0,295887649059296 0,0344295278191566 2,01749920845032
WristLeft -0,302657157182693 -0,162024438381195 2,1325306892395
HandLeft -0,298258066177368 -0,227765172719955 2,13487553596497
ShoulderRight 0,21769106388092 0,00296551268547773 1,91649162769318
ElbowRight 0,319564521312714 -0,121282272040844 2,03231954574585
WristRight 0,263174653053284 -0,312157183885574 1,89991164207458
HandRight 0,217090830206871 -0,390033155679703 1,91603314876556
HipLeft -0,0547619797289371 -0,238184988498688 2,04498648643494
KneeLeft -0,0399218052625656 -0,369592785835266 1,76271736621857
AnkleLeft -0,00070887862239033 -0,657414793968201 2,01388454437256
FootLeft -0,0495354495942593 -0,737162590026855 1,9891642332077
HipRight 0,0929683372378349 -0,232708424329758 2,07062435150146
KneeRight 0,27635994553566 -0,404596537351608 1,89238464832306
AnkleRight 0,153033077716827 -0,671366631984711 2,03819036483765
FootRight 0,205698430538177 -0,735074102878571 2,00446581840515

