HipCenter 0,00349004380404949 -0,160888671875 2,0328631401062
Spine -0,00752263236790895 -0,113535732030869 2,01216101646423
ShoulderCenter -0,059466902166605 0,123494170606136 1,92171967029572
Head 0,00332180038094521 0,0266017764806747 1,71470236778259
ShoulderLeft -0,143454819917679 0,0362880304455757 1,90575456619263
ElbowLeft -0,298367351293564 0,0455908998847008 2,02703237533569
WristLeft -0,303506076335907 -0,158161967992783 2,13119506835938
HandLeft -0,304984986782074 -0,248126238584518 2,13296389579773
ShoulderRight 0,19159272313118 0,0214615389704704 1,89631307125092
ElbowRight 0,325007259845734 -0,106515102088451 2,01876664161682
WristRight 0,266189724206924 -0,302402555942535 1,8946076631546
HandRight 0,218334063887596 -0,38556832075119 1,90987706184387
HipLeft -0,0509050153195858 -0,238371416926384 2,04259371757507
KneeLeft -0,0728371813893318 -0,456910014152527 1,82162117958069
AnkleLeft -0,00195138237904757 -0,657136917114258 2,01334023475647
FootLeft -0,047904696315527 -0,7400803565979 1,99783372879028
HipRight 0,0909102857112885 -0,22390004992485 2,07296919822693
KneeRight 0,269402235746384 -0,402594208717346 1,89294946193695
AnkleRight 0,154325664043427 -0,669958651065826 2,03743815422058
FootRight 0,20622131228447 -0,73535943031311 2,00488138198853

