HipCenter 0,0176661983132362 -0,15989838540554 2,03105401992798
Spine 0,00471165357157588 -0,112170644104481 2,00984144210815
ShoulderCenter -0,0581660307943821 0,124089017510414 1,91761660575867
Head 0,00838096812367439 0,00636006146669388 1,71451604366302
ShoulderLeft -0,152657061815262 0,037777055054903 1,90501952171326
ElbowLeft -0,290303170681 0,0146833844482899 1,98713231086731
WristLeft -0,299568593502045 -0,178930133581161 2,10866904258728
HandLeft -0,281836807727814 -0,24245248734951 2,12096381187439
ShoulderRight 0,103536404669285 0,0806703492999077 1,87579262256622
ElbowRight 0,264604330062866 -0,041664257645607 1,97385227680206
WristRight 0,25636014342308 -0,267461448907852 1,90025544166565
HandRight 0,221238017082214 -0,307665228843689 1,94088506698608
HipLeft -0,02149648219347 -0,226518094539642 2,07274150848389
KneeLeft -0,142095953226089 -0,339875370264053 1,80024790763855
AnkleLeft -0,00212699268013239 -0,660271167755127 2,01370310783386
FootLeft -0,0482589825987816 -0,739129483699799 1,99675691127777
HipRight 0,0915088281035423 -0,208986222743988 2,03037071228027
KneeRight 0,279308378696442 -0,428980529308319 1,90875315666199
AnkleRight 0,153019890189171 -0,668712079524994 2,03706836700439
FootRight 0,204263657331467 -0,734297156333923 2,0079243183136

