HipCenter 0,0261626951396465 -0,167639523744583 2,01856517791748
Spine 0,0125869736075401 -0,117607533931732 1,99985826015472
ShoulderCenter -0,0571527704596519 0,123500473797321 1,91718435287476
Head 0,0119001567363739 -0,00626838952302933 1,72115063667297
ShoulderLeft -0,151542082428932 0,0362946391105652 1,90498673915863
ElbowLeft -0,200977981090546 -0,100732266902924 1,97840011119843
WristLeft -0,261436522006989 -0,224335178732872 2,15793085098267
HandLeft -0,260020762681961 -0,315107762813568 2,16073870658875
ShoulderRight 0,128423750400543 0,0380226150155067 1,87467730045319
ElbowRight 0,289975374937058 -0,0606028437614441 1,99265849590302
WristRight 0,262778431177139 -0,279715359210968 1,90259408950806
HandRight 0,227632164955139 -0,319946736097336 1,94325149059296
HipLeft -0,0141583094373345 -0,234833344817162 2,04187631607056
KneeLeft -0,110242575407028 -0,368076264858246 1,76816892623901
AnkleLeft -0,00289337104186416 -0,660474181175232 2,01263833045959
FootLeft -0,050708957016468 -0,739028334617615 1,99547755718231
HipRight 0,0975567996501923 -0,221373081207275 2,03118968009949
KneeRight 0,286594569683075 -0,414362490177155 1,86814773082733
AnkleRight 0,153100654482841 -0,668697834014893 2,0376296043396
FootRight 0,208661690354347 -0,736191928386688 2,0056836605072

