HipCenter -0,00685248058289289 -0,169222503900528 2,06170701980591
Spine -0,0152924368157983 -0,159688904881477 2,04662013053894
ShoulderCenter -0,0478078797459602 -0,112320877611637 1,9802314043045
Head -0,000287868082523346 0,0137179270386696 1,81237995624542
ShoulderLeft -0,153543144464493 0,0483882240951061 1,94155085086823
ElbowLeft -0,293335497379303 0,0323659218847752 2,0210747718811
WristLeft -0,301129728555679 -0,154490366578102 2,15112590789795
HandLeft -0,313924193382263 -0,327358722686768 2,32791471481323
ShoulderRight 0,185164481401443 -0,00255112512968481 1,95015776157379
ElbowRight 0,316114902496338 -0,124826192855835 2,05648827552795
WristRight 0,25624406337738 -0,311846882104874 1,91817736625671
HandRight 0,215461909770966 -0,373741894960403 1,96156525611877
HipLeft -0,0733581259846687 -0,210984155535698 2,11415410041809
KneeLeft -0,0822597667574883 -0,356130421161652 1,85914266109467
AnkleLeft 0,0104095591232181 -0,668075740337372 2,01989960670471
FootLeft -0,0446491092443466 -0,739721417427063 1,99475646018982
HipRight 0,104345642030239 -0,220714882016182 2,1218581199646
KneeRight 0,245585769414902 -0,374602049589157 1,91830217838287
AnkleRight 0,14934204518795 -0,67334508895874 2,04038691520691
FootRight 0,208502113819122 -0,739314556121826 2,00876402854919

