HipCenter 0,0173050891608 -0,159714832901955 2,02134203910828
Spine 0,00498433643952012 -0,113007441163063 2,00144052505493
ShoulderCenter -0,0570123270153999 0,122371062636375 1,91585564613342
Head 0,00905966013669968 -0,00874283909797668 1,71966004371643
ShoulderLeft -0,151401549577713 0,0350826904177666 1,9036967754364
ElbowLeft -0,288478791713715 0,00572668202221394 1,98665082454681
WristLeft -0,30036985874176 -0,152457103133202 2,15065550804138
HandLeft -0,299953132867813 -0,242922723293304 2,15084934234619
ShoulderRight 0,145056247711182 0,0413385033607483 1,87711620330811
ElbowRight 0,309908300638199 -0,0573762133717537 1,99321508407593
WristRight 0,26954597234726 -0,275956481695175 1,90383160114288
HandRight 0,251818507909775 -0,358038663864136 1,93748414516449
HipLeft -0,0256718993186951 -0,227257072925568 2,0675208568573
KneeLeft -0,19169157743454 -0,311187833547592 1,8058032989502
AnkleLeft -0,0429705381393433 -0,677942752838135 1,95152938365936
FootLeft -0,0504778921604156 -0,743985831737518 1,99731576442719
HipRight 0,0935787111520767 -0,220156043767929 2,01747632026672
KneeRight 0,289536744356155 -0,439006239175797 1,90013802051544
AnkleRight 0,15320548415184 -0,669652223587036 2,03780722618103
FootRight 0,205567330121994 -0,733957827091217 2,00367403030396

