HipCenter -0,297166734933853 0,225341871380806 2,16889977455139
Spine -0,246410548686981 0,206035763025284 2,17586493492126
ShoulderCenter -0,166631162166595 0,323695003986359 2,24112725257874
Head -0,214873999357224 0,482973396778107 2,22995948791504
ShoulderLeft -0,0913668274879456 0,189387694001198 2,31488633155823
ElbowLeft -0,261498510837555 0,358320415019989 2,19178509712219
WristLeft -0,312432020902634 0,52005660533905 2,09012746810913
HandLeft -0,329409867525101 0,573968648910522 2,06050229072571
ShoulderRight 0,0427128151059151 0,303159594535828 2,2018928527832
ElbowRight -0,20477619767189 0,373681008815765 2,14739179611206
WristRight -0,369977384805679 0,348408550024033 2,22799897193909
HandRight -0,431602478027344 0,348075270652771 2,23456883430481
HipLeft -0,42401397228241 0,188036069273949 2,11044812202454
KneeLeft -0,83759868144989 -0,0531811565160751 2,29158926010132
AnkleLeft -0,474884837865829 -0,228790521621704 2,3079822063446
FootLeft -0,509684920310974 -0,303641557693481 2,31042957305908
HipRight -0,263020873069763 0,194258630275726 2,16763401031494
KneeRight 0,0877644717693329 -0,183643609285355 2,18621921539307
AnkleRight 0,0509264729917049 -0,473962724208832 2,22452592849731
FootRight 0,0161264203488827 -0,548813760280609 2,22697329521179

