HipCenter -0,297650068998337 0,220805138349533 2,16875076293945
Spine -0,2454544454813 0,200817003846169 2,17668700218201
ShoulderCenter -0,151945471763611 0,329490214586258 2,223717212677
Head -0,210678517818451 0,488475859165192 2,22739839553833
ShoulderLeft -0,0935123264789581 0,193250745534897 2,30667185783386
ElbowLeft -0,264577686786652 0,361952751874924 2,18739771842957
WristLeft -0,313646614551544 0,524693012237549 2,08806777000427
HandLeft -0,330002933740616 0,57893979549408 2,05920338630676
ShoulderRight 0,0519289746880531 0,299747109413147 2,2030234336853
ElbowRight -0,194820076227188 0,369030565023422 2,14759564399719
WristRight -0,370811104774475 0,361329793930054 2,20805978775024
HandRight -0,432328909635544 0,360997170209885 2,21461844444275
HipLeft -0,429269880056381 0,184364318847656 2,11447858810425
KneeLeft -0,842026829719543 -0,0564090311527252 2,2937285900116
AnkleLeft -0,478130042552948 -0,226167902350426 2,31250476837158
FootLeft -0,508125126361847 -0,303102970123291 2,31187200546265
HipRight -0,266923993825912 0,191320508718491 2,17227983474731
KneeRight 0,0855867266654968 -0,183062314987183 2,18733811378479
AnkleRight 0,0460464432835579 -0,47042328119278 2,23300719261169
FootRight 0,0160513836890459 -0,547358334064484 2,23237442970276

