HipCenter -0,305671989917755 0,22577291727066 2,17247319221497
Spine -0,253448456525803 0,208206385374069 2,17867517471313
ShoulderCenter -0,175029128789902 0,336374461650848 2,22221565246582
Head -0,21858885884285 0,497744143009186 2,22051787376404
ShoulderLeft -0,0899010598659515 0,182741388678551 2,30759000778198
ElbowLeft -0,257365345954895 0,352289080619812 2,18943238258362
WristLeft -0,310098111629486 0,51298576593399 2,09204578399658
HandLeft -0,327675700187683 0,566551327705383 2,06379365921021
ShoulderRight 0,04732396453619 0,300115793943405 2,19983267784119
ElbowRight -0,196583956480026 0,37085223197937 2,14321255683899
WristRight -0,367547214031219 0,355289816856384 2,2100625038147
HandRight -0,428791403770447 0,354958653450012 2,21659159660339
HipLeft -0,438879698514938 0,18270842730999 2,12192749977112
KneeLeft -0,848590493202209 -0,0566472858190537 2,29961848258972
AnkleLeft -0,480983108282089 -0,213663190603256 2,30817532539368
FootLeft -0,520399868488312 -0,28626212477684 2,30828857421875
HipRight -0,268702507019043 0,19491970539093 2,17650103569031
KneeRight 0,107371121644974 -0,150525838136673 2,18861627578735
AnkleRight 0,257620811462402 -0,663119196891785 2,2372784614563
FootRight 0,199148774147034 -0,731342673301697 2,26812839508057

