HipCenter -0,298224866390228 0,222038313746452 2,16221213340759
Spine -0,24243375658989 0,197602063417435 2,16721749305725
ShoulderCenter -0,119031727313995 0,324076980352402 2,2352294921875
Head -0,207182288169861 0,476610392332077 2,24773263931274
ShoulderLeft -0,103588871657848 0,215632259845734 2,31296181678772
ElbowLeft -0,282105773687363 0,385086059570313 2,18392729759216
WristLeft -0,314943730831146 0,554531574249268 2,07524108886719
HandLeft -0,325889706611633 0,611013412475586 2,04340481758118
ShoulderRight 0,049487441778183 0,323400765657425 2,19906210899353
ElbowRight -0,210632383823395 0,381890177726746 2,16122627258301
WristRight -0,377353936433792 0,362248480319977 2,25163578987122
HandRight -0,439822375774384 0,361910730600357 2,25829577445984
HipLeft -0,442014992237091 0,1999232172966 2,11241936683655
KneeLeft -0,856694459915161 -0,0612227022647858 2,30090308189392
AnkleLeft -0,491419851779938 -0,257048308849335 2,25409150123596
FootLeft -0,512082099914551 -0,337043255567551 2,25724959373474
HipRight -0,278278529644012 0,20302502810955 2,16529774665833
KneeRight 0,0810767710208893 -0,185134515166283 2,18404698371887
AnkleRight 0,0541315153241158 -0,480074763298035 2,23796796798706
FootRight 0,0334692969918251 -0,560069680213928 2,24112606048584

