HipCenter 0,0651228204369545 0,301784932613373 2,32943654060364
Spine 0,0625239908695221 0,370590031147003 2,38917398452759
ShoulderCenter 0,0694293901324272 0,760694980621338 2,38265419006348
Head 0,0809557661414146 0,959335207939148 2,30739808082581
ShoulderLeft -0,0930051803588867 0,66687685251236 2,35469436645508
ElbowLeft -0,172375708818436 0,425784736871719 2,28366851806641
WristLeft -0,114591091871262 0,440789937973022 2,05801296234131
HandLeft -0,100086644291878 0,472648978233337 1,99802112579346
ShoulderRight 0,248383969068527 0,656689703464508 2,37383627891541
ElbowRight 0,29191267490387 0,383819580078125 2,33978176116943
WristRight 0,291518807411194 0,165197759866714 2,30869936943054
HandRight 0,29359558224678 0,0662578269839287 2,31634759902954
HipLeft -0,0121196834370494 0,227542132139206 2,31355404853821
KneeLeft -0,0449181087315083 -0,286779940128326 2,37431669235229
AnkleLeft -0,0259816087782383 -0,652124583721161 2,408766746521
FootLeft -0,0420468151569366 -0,730539977550507 2,34172821044922
HipRight 0,140969187021255 0,22250908613205 2,32290005683899
KneeRight 0,154953509569168 -0,302573978900909 2,37046551704407
AnkleRight 0,15233439207077 -0,67654287815094 2,40161204338074
FootRight 0,162744000554085 -0,73669707775116 2,33713603019714

