HipCenter 0,0741280987858772 0,311482489109039 2,32743430137634
Spine 0,0679245740175247 0,377559244632721 2,38576698303223
ShoulderCenter 0,0810297876596451 0,755174100399017 2,37670421600342
Head 0,095859982073307 0,956663012504578 2,30610466003418
ShoulderLeft -0,0886402428150177 0,65379124879837 2,33791375160217
ElbowLeft -0,201695561408997 0,439254105091095 2,31744837760925
WristLeft 0,0487468838691711 0,442529261112213 2,14004993438721
HandLeft 0,114752098917961 0,450925707817078 2,10245513916016
ShoulderRight 0,256531774997711 0,662468910217285 2,38708209991455
ElbowRight 0,303817003965378 0,388549447059631 2,36197948455811
WristRight 0,300947308540344 0,169313937425613 2,32137441635132
HandRight 0,296182304620743 0,0626654848456383 2,32628130912781
HipLeft -0,00118863489478827 0,235325321555138 2,30546998977661
KneeLeft -0,042293056845665 -0,289000988006592 2,37057256698608
AnkleLeft -0,0250549837946892 -0,653547525405884 2,40683054924011
FootLeft -0,0427533388137817 -0,732185184955597 2,34079051017761
HipRight 0,147192418575287 0,231041669845581 2,32690382003784
KneeRight 0,159504801034927 -0,301900655031204 2,3709352016449
AnkleRight 0,152451172471046 -0,676144361495972 2,40146851539612
FootRight 0,164408266544342 -0,736346781253815 2,33569741249084

