HipCenter 0,0719030946493149 0,299959301948547 2,32961440086365
Spine 0,0634195283055305 0,369158357381821 2,38892030715942
ShoulderCenter 0,0749633237719536 0,763090908527374 2,3877387046814
Head 0,0952882096171379 0,965899050235748 2,32048559188843
ShoulderLeft -0,0899002552032471 0,64567631483078 2,3329336643219
ElbowLeft -0,167882144451141 0,440383464097977 2,29046607017517
WristLeft 0,0597771815955639 0,461288422346115 2,19942402839661
HandLeft 0,122596085071564 0,482958257198334 2,15992999076843
ShoulderRight 0,254554867744446 0,66205245256424 2,39494943618774
ElbowRight 0,294337868690491 0,38711416721344 2,36640596389771
WristRight 0,295381456613541 0,168800964951515 2,32432341575623
HandRight 0,294068664312363 0,0645332038402557 2,33235549926758
HipLeft -0,00509205274283886 0,223851338028908 2,3040406703949
KneeLeft -0,0447912663221359 -0,288297563791275 2,37184119224548
AnkleLeft -0,027089599519968 -0,654457628726959 2,40813422203064
FootLeft -0,0411613695323467 -0,731403470039368 2,340167760849
HipRight 0,147890731692314 0,220484092831612 2,331050157547
KneeRight 0,154247924685478 -0,303296595811844 2,37008571624756
AnkleRight 0,151930332183838 -0,67719167470932 2,40158748626709
FootRight 0,163751423358917 -0,736046671867371 2,33420300483704

