HipCenter 0,0717850476503372 0,299433469772339 2,32976937294006
Spine 0,0636222511529922 0,368669539690018 2,38921737670898
ShoulderCenter 0,0747492238879204 0,763147175312042 2,38794493675232
Head 0,0934214740991592 0,965961754322052 2,32041835784912
ShoulderLeft -0,089764840900898 0,646162331104279 2,33488440513611
ElbowLeft -0,172376736998558 0,442766487598419 2,29268312454224
WristLeft 0,0570432804524899 0,462492376565933 2,20232152938843
HandLeft 0,119513258337975 0,48404198884964 2,16304683685303
ShoulderRight 0,254258960485458 0,66154009103775 2,39435434341431
ElbowRight 0,294003397226334 0,384019017219543 2,36374282836914
WristRight 0,294220983982086 0,165564209222794 2,32354307174683
HandRight 0,293270498514175 0,0619454458355904 2,33243680000305
HipLeft -0,00539024826139212 0,223211854696274 2,3045666217804
KneeLeft -0,0447256080806255 -0,28787562251091 2,37271809577942
AnkleLeft -0,0271326545625925 -0,652511954307556 2,40870642662048
FootLeft -0,0411240383982658 -0,730198621749878 2,34273886680603
HipRight 0,14789953827858 0,220041960477829 2,33084559440613
KneeRight 0,1542928814888 -0,302567422389984 2,37031030654907
AnkleRight 0,152972638607025 -0,675888359546661 2,40132403373718
FootRight 0,1637222468853 -0,736111044883728 2,33599019050598

