HipCenter 0,0693489238619804 0,298246949911118 2,33003997802734
Spine 0,0615740977227688 0,36745473742485 2,38980007171631
ShoulderCenter 0,0708063691854477 0,763492941856384 2,38893556594849
Head 0,0899821445345879 0,965235829353333 2,31976962089539
ShoulderLeft -0,0941618978977203 0,64861935377121 2,3377513885498
ElbowLeft -0,192004144191742 0,44267937541008 2,30961132049561
WristLeft 0,0525671690702438 0,461439371109009 2,20492935180664
HandLeft 0,114390812814236 0,482766151428223 2,16606187820435
ShoulderRight 0,252205967903137 0,660192012786865 2,39285683631897
ElbowRight 0,293588727712631 0,381970226764679 2,36234569549561
WristRight 0,292903929948807 0,163863256573677 2,32311797142029
HandRight 0,294551551342011 0,0613026544451714 2,33164191246033
HipLeft -0,0081279156729579 0,222359597682953 2,30576658248901
KneeLeft -0,0458491742610931 -0,288240611553192 2,37421727180481
AnkleLeft -0,0267537087202072 -0,653455138206482 2,40906715393066
FootLeft -0,0419297590851784 -0,72935938835144 2,34400296211243
HipRight 0,14607398211956 0,218793705105782 2,33009481430054
KneeRight 0,153518617153168 -0,302211672067642 2,37021136283875
AnkleRight 0,151565611362457 -0,676146328449249 2,39981317520142
FootRight 0,163652837276459 -0,73644495010376 2,33522081375122

