HipCenter 0,0235814228653908 0,093962661921978 2,41698002815247
Spine 0,0219981241971254 0,152968809008598 2,47687101364136
ShoulderCenter 0,0145335216075182 0,515007853507996 2,49574565887451
Head 0,0130250621587038 0,69243985414505 2,49790716171265
ShoulderLeft -0,157670691609383 0,405996888875961 2,48599123954773
ElbowLeft -0,387208461761475 0,430082380771637 2,46518707275391
WristLeft -0,625046193599701 0,464175850152969 2,40384769439697
HandLeft -0,714642286300659 0,484550565481186 2,36552691459656
ShoulderRight 0,172626346349716 0,369958996772766 2,47919869422913
ElbowRight 0,220974430441856 0,0917274206876755 2,44665145874023
WristRight 0,232390537858009 -0,130673959851265 2,37205123901367
HandRight 0,236710354685783 -0,232530534267426 2,34822773933411
HipLeft -0,0473815687000752 0,0221914555877447 2,39829182624817
KneeLeft -0,0566994845867157 -0,429364800453186 2,44775176048279
AnkleLeft -0,0375581122934818 -0,806007087230682 2,45956754684448
FootLeft -0,0275808591395617 -0,906758785247803 2,40076112747192
HipRight 0,0968479812145233 0,0203606244176626 2,40376353263855
KneeRight 0,108573772013187 -0,386714428663254 2,43073272705078
AnkleRight 0,112062819302082 -0,83008086681366 2,43882274627686
FootRight 0,0915007144212723 -0,910847127437592 2,37876439094543

