HipCenter 0,0195440798997879 0,0946210622787476 2,41462326049805
Spine 0,0181982889771461 0,155383422970772 2,47376585006714
ShoulderCenter 0,00810363329946995 0,51973158121109 2,48836636543274
Head 0,0137482676655054 0,693510711193085 2,49434185028076
ShoulderLeft -0,158543050289154 0,414894610643387 2,48187851905823
ElbowLeft -0,386845022439957 0,421527445316315 2,45532917976379
WristLeft -0,633969247341156 0,446715533733368 2,40352153778076
HandLeft -0,720281720161438 0,444518506526947 2,38222026824951
ShoulderRight 0,167862713336945 0,38244840502739 2,470858335495
ElbowRight 0,220472797751427 0,0907282084226608 2,4423565864563
WristRight 0,240986779332161 -0,129788279533386 2,37283134460449
HandRight 0,243638694286346 -0,232196837663651 2,35032534599304
HipLeft -0,0509991459548473 0,0226018540561199 2,39700937271118
KneeLeft -0,0538246780633926 -0,45777291059494 2,45597457885742
AnkleLeft -0,0354967899620533 -0,813023626804352 2,44752812385559
FootLeft -0,0306170247495174 -0,915156722068787 2,39772129058838
HipRight 0,0938028618693352 0,0216787196695805 2,4023003578186
KneeRight 0,093522921204567 -0,444542288780212 2,43726968765259
AnkleRight 0,108798637986183 -0,83875185251236 2,44262981414795
FootRight 0,107513144612312 -0,906810224056244 2,38260769844055

