HipCenter 0,0342183746397495 0,0784826055169106 2,41667246818542
Spine 0,0316249467432499 0,13968425989151 2,4762282371521
ShoulderCenter 0,0192725621163845 0,506994724273682 2,49216604232788
Head 0,0150201488286257 0,685545802116394 2,48547649383545
ShoulderLeft -0,136125966906548 0,3815598487854 2,48904395103455
ElbowLeft -0,246836706995964 0,162922516465187 2,4672703742981
WristLeft -0,374251008033752 -0,0345913469791412 2,44315671920776
HandLeft -0,409966260194778 -0,124891810119152 2,40646767616272
ShoulderRight 0,16963267326355 0,375143319368362 2,4866054058075
ElbowRight 0,223323166370392 0,100460134446621 2,46217203140259
WristRight 0,240231066942215 -0,126388818025589 2,38844704627991
HandRight 0,237570762634277 -0,20250591635704 2,3682062625885
HipLeft -0,0323135182261467 0,0117082670331001 2,3983678817749
KneeLeft -0,0539762787520885 -0,363977551460266 2,40732026100159
AnkleLeft -0,0466219037771225 -0,802098155021667 2,44628667831421
FootLeft 0,00717311212792993 -0,888347387313843 2,3927640914917
HipRight 0,106372773647308 0,0113169020041823 2,40619778633118
KneeRight 0,105695009231567 -0,387724637985229 2,43061375617981
AnkleRight 0,105348087847233 -0,830348372459412 2,42411136627197
FootRight 0,0523958206176758 -0,916320860385895 2,38070440292358

