HipCenter 0,0365765243768692 0,0848044902086258 2,41652345657349
Spine 0,033314723521471 0,145568400621414 2,47545027732849
ShoulderCenter 0,0223504938185215 0,510660529136658 2,48891758918762
Head 0,0216040592640638 0,688633024692535 2,48981928825378
ShoulderLeft -0,138185426592827 0,394645154476166 2,4898726940155
ElbowLeft -0,30901226401329 0,233779743313789 2,4736156463623
WristLeft -0,499161839485168 0,0979785472154617 2,43606233596802
HandLeft -0,573697149753571 0,0288220420479774 2,41353964805603
ShoulderRight 0,19048473238945 0,375204116106033 2,49090695381165
ElbowRight 0,225588738918304 0,0935075581073761 2,4575617313385
WristRight 0,248855084180832 -0,132814392447472 2,38554239273071
HandRight 0,250677078962326 -0,208644405007362 2,36831402778625
HipLeft -0,0325432196259499 0,0138811273500323 2,39749431610107
KneeLeft -0,0482795462012291 -0,447125732898712 2,45469784736633
AnkleLeft -0,0357534624636173 -0,825029075145721 2,45540595054626
FootLeft -0,0371218025684357 -0,912747442722321 2,40143132209778
HipRight 0,111716151237488 0,0127452313899994 2,40658807754517
KneeRight 0,108392089605331 -0,45187121629715 2,44782423973084
AnkleRight 0,112526342272758 -0,83711850643158 2,44604349136353
FootRight 0,1126404479146 -0,911340117454529 2,37420606613159

