HipCenter 0,026662053540349 0,0911728143692017 2,41711115837097
Spine 0,0233719106763601 0,151647686958313 2,47620439529419
ShoulderCenter 0,0106255430728197 0,516218066215515 2,49251437187195
Head 0,0177459325641394 0,690870583057404 2,49787998199463
ShoulderLeft -0,160891562700272 0,405610889196396 2,48467946052551
ElbowLeft -0,392193675041199 0,430940300226212 2,46151995658875
WristLeft -0,625618159770966 0,465583652257919 2,41456127166748
HandLeft -0,720682442188263 0,480619788169861 2,37392807006836
ShoulderRight 0,176488757133484 0,372039794921875 2,4805428981781
ElbowRight 0,22032655775547 0,0912811383605003 2,44716858863831
WristRight 0,237675219774246 -0,149390533566475 2,36918306350708
HandRight 0,237429246306419 -0,225196436047554 2,35448408126831
HipLeft -0,0438977815210819 0,0171524938195944 2,39876008033752
KneeLeft -0,0503208115696907 -0,453898012638092 2,45392370223999
AnkleLeft -0,035545390099287 -0,820425152778625 2,45460534095764
FootLeft -0,0354392938315868 -0,911726474761963 2,40018272399902
HipRight 0,103328354656696 0,0168118216097355 2,40513873100281
KneeRight 0,101744867861271 -0,454958736896515 2,44161772727966
AnkleRight 0,11431809514761 -0,832037210464478 2,44418334960938
FootRight 0,112519547343254 -0,91057962179184 2,37254452705383

