HipCenter 0,0540685765445232 0,395027101039886 2,29413294792175
Spine 0,0570556558668613 0,453735798597336 2,33644986152649
ShoulderCenter 0,052334051579237 0,774551451206207 2,31542658805847
Head 0,0767194628715515 0,986062407493591 2,29148435592651
ShoulderLeft -0,111493572592735 0,690243244171143 2,30097842216492
ElbowLeft -0,310745716094971 0,689475893974304 2,1058132648468
WristLeft -0,461111575365067 0,714584827423096 1,94543242454529
HandLeft -0,529077649116516 0,725442409515381 1,89375138282776
ShoulderRight 0,19854947924614 0,666454136371613 2,26784014701843
ElbowRight 0,2197495251894 0,50720226764679 2,10398268699646
WristRight 0,10938136279583 0,379185795783997 1,96294283866882
HandRight 0,036177970468998 0,319693595170975 1,89946627616882
HipLeft -0,0135549269616604 0,327130317687988 2,29152750968933
KneeLeft -0,0499441251158714 -0,288892090320587 2,35128664970398
AnkleLeft -0,0284226685762405 -0,66804450750351 2,36922216415405
FootLeft -0,0653282031416893 -0,741308271884918 2,29900145530701
HipRight 0,125197976827621 0,326119661331177 2,28617787361145
KneeRight 0,155113518238068 -0,25500026345253 2,36116027832031
AnkleRight 0,127032846212387 -0,677584886550903 2,39355516433716
FootRight 0,100888267159462 -0,752781093120575 2,36656856536865

