HipCenter 0,36742490530014 0,0129160135984421 2,48133826255798
Spine 0,354621767997742 0,0926260203123093 2,50343775749207
ShoulderCenter 0,155408918857574 0,423542022705078 2,48372507095337
Head 0,03867132589221 0,603457450866699 2,51957011222839
ShoulderLeft 0,0634676143527031 0,322700142860413 2,61762070655823
ElbowLeft -0,141196101903915 0,336965769529343 2,65141344070435
WristLeft -0,152738809585571 0,254474818706512 2,44068384170532
HandLeft -0,15658637881279 0,226977840065956 2,37499952316284
ShoulderRight 0,23973836004734 0,484265625476837 2,3700122833252
ElbowRight 0,059753343462944 0,390421688556671 2,27558922767639
WristRight -0,151795417070389 0,358567982912064 2,26248407363892
HandRight -0,211830273270607 0,350899070501328 2,26374554634094
HipLeft 0,355789542198181 -0,0578338392078877 2,50233197212219
KneeLeft 0,404284566640854 -0,536746799945831 2,53070521354675
AnkleLeft 0,417592644691467 -0,854095637798309 2,44526386260986
FootLeft 0,342809557914734 -0,917341351509094 2,44554448127747
HipRight 0,434646189212799 -0,0195869747549295 2,45543670654297
KneeRight 0,612707614898682 -0,495430469512939 2,36433911323547
AnkleRight 0,788913667201996 -0,831331789493561 2,32697582244873
FootRight 0,726751327514648 -0,898023664951324 2,28916883468628

