HipCenter 0,525890469551086 -0,141827583312988 2,45538306236267
Spine 0,482777804136276 -0,0834785029292107 2,43654537200928
ShoulderCenter 0,266927003860474 0,202976375818253 2,35336780548096
Head 0,167314678430557 0,393156588077545 2,34826922416687
ShoulderLeft 0,205614402890205 0,124428823590279 2,43254590034485
ElbowLeft -0,0191147234290838 0,230419158935547 2,36777973175049
WristLeft -0,185039669275284 0,311343044042587 2,22329783439636
HandLeft -0,252698600292206 0,331715285778046 2,23387694358826
ShoulderRight 0,43392026424408 0,195639759302139 2,33647322654724
ElbowRight 0,169883608818054 0,285936594009399 2,24340438842773
WristRight -0,115867257118225 0,309653878211975 2,22261524200439
HandRight -0,235954821109772 0,313553512096405 2,22615337371826
HipLeft 0,508310079574585 -0,212627097964287 2,49287915229797
KneeLeft 0,471520483493805 -0,543319344520569 2,51966619491577
AnkleLeft 0,380050122737885 -1,04309010505676 2,34973382949829
FootLeft 0,358447045087814 -1,10712993144989 2,27253198623657
HipRight 0,612513244152069 -0,166280567646027 2,44322037696838
KneeRight 0,755637407302856 -0,529926955699921 2,36952900886536
AnkleRight 0,869845271110535 -0,999983072280884 2,36123728752136
FootRight 0,848242223262787 -1,06402289867401 2,28403544425964

