HipCenter 0,217758774757385 0,230257719755173 2,48801040649414
Spine 0,221317455172539 0,299584746360779 2,54970479011536
ShoulderCenter 0,223165974020958 0,700092792510986 2,55965662002563
Head 0,211333766579628 0,871811330318451 2,5356240272522
ShoulderLeft 0,0866291522979736 0,579063594341278 2,53625416755676
ElbowLeft 0,0467826165258884 0,277166396379471 2,45307159423828
WristLeft -0,057459618896246 0,353803098201752 2,19966506958008
HandLeft -0,0662726536393166 0,370826542377472 2,19552874565125
ShoulderRight 0,364947497844696 0,563813924789429 2,51999616622925
ElbowRight 0,409239172935486 0,28021502494812 2,47121453285217
WristRight 0,413861125707626 0,0556249022483826 2,41391038894653
HandRight 0,403581142425537 -0,00899853929877281 2,40839099884033
HipLeft 0,152526006102562 0,169443503022194 2,47831535339355
KneeLeft 0,166452258825302 -0,323306351900101 2,58855056762695
AnkleLeft 0,191820561885834 -0,620874166488647 2,57068085670471
FootLeft 0,210149869322777 -0,726617693901062 2,51787614822388
HipRight 0,281692296266556 0,167509496212006 2,47525072097778
KneeRight 0,286175727844238 -0,259190529584885 2,55603075027466
AnkleRight 0,304424315690994 -0,535128057003021 2,56077575683594
FootRight 0,267580687999725 -0,64630925655365 2,53654170036316

