HipCenter 0,218787238001823 0,230603709816933 2,48644089698792
Spine 0,22251570224762 0,299295693635941 2,54850101470947
ShoulderCenter 0,223422154784203 0,700034081935883 2,5594482421875
Head 0,212497293949127 0,872045159339905 2,53528070449829
ShoulderLeft 0,0845614969730377 0,576267719268799 2,537278175354
ElbowLeft 0,0355206355452538 0,315989196300507 2,44479513168335
WristLeft -0,0108150914311409 0,347525238990784 2,19874119758606
HandLeft -0,0227693542838097 0,369537591934204 2,1812436580658
ShoulderRight 0,363482922315598 0,562585473060608 2,51917171478271
ElbowRight 0,411926478147507 0,277475953102112 2,47159719467163
WristRight 0,414399743080139 0,0535140633583069 2,41302609443665
HandRight 0,405140399932861 -0,00868695229291916 2,41080927848816
HipLeft 0,15295247733593 0,168811231851578 2,47696089744568
KneeLeft 0,16708692908287 -0,285063832998276 2,58406925201416
AnkleLeft 0,176275700330734 -0,610180497169495 2,56551885604858
FootLeft 0,169660493731499 -0,651589393615723 2,47052407264709
HipRight 0,283577680587769 0,168435111641884 2,4730179309845
KneeRight 0,278045326471329 -0,286371529102325 2,56870126724243
AnkleRight 0,26236167550087 -0,627226054668427 2,57419657707214
FootRight 0,259814709424973 -0,720243215560913 2,53300666809082

