HipCenter 0,22009314596653 0,227300569415092 2,4925684928894
Spine 0,223787948489189 0,296849071979523 2,55361676216125
ShoulderCenter 0,226226761937141 0,699517607688904 2,56016159057617
Head 0,213922455906868 0,874446570873261 2,53291583061218
ShoulderLeft 0,0785893499851227 0,571061074733734 2,53895354270935
ElbowLeft 0,017870245501399 0,29921492934227 2,47938346862793
WristLeft 0,0791165828704834 0,328992426395416 2,19289946556091
HandLeft 0,0624293014407158 0,344903469085693 2,17566013336182
ShoulderRight 0,367254674434662 0,558234632015228 2,52149629592896
ElbowRight 0,410664021968842 0,287008851766586 2,47434687614441
WristRight 0,422077775001526 0,0605382174253464 2,42613244056702
HandRight 0,414231181144714 -0,0186229199171066 2,41746354103088
HipLeft 0,153837725520134 0,163352698087692 2,48426532745361
KneeLeft 0,17154760658741 -0,293742418289185 2,58546662330627
AnkleLeft 0,179123803973198 -0,620285034179688 2,56983804702759
FootLeft 0,217814475297928 -0,723161995410919 2,52186369895935
HipRight 0,284695357084274 0,16337738931179 2,47920727729797
KneeRight 0,280738443136215 -0,300447225570679 2,56959176063538
AnkleRight 0,29028058052063 -0,592392802238464 2,56737995147705
FootRight 0,263302743434906 -0,70280534029007 2,52912497520447

