HipCenter -0,100253738462925 0,00332666281610727 2,506422996521
Spine -0,103119127452374 0,0666123256087303 2,56755137443542
ShoulderCenter -0,105755060911179 0,448300927877426 2,59048628807068
Head -0,0956502929329872 0,636545300483704 2,57558727264404
ShoulderLeft -0,258350729942322 0,319206684827805 2,52369618415833
ElbowLeft -0,311285436153412 0,0545701757073402 2,49347138404846
WristLeft -0,336641371250153 -0,144562602043152 2,42828464508057
HandLeft -0,365373075008392 -0,177260175347328 2,40798139572144
ShoulderRight 0,0540204271674156 0,312214314937592 2,53325653076172
ElbowRight 0,109088189899921 0,0477761961519718 2,50492835044861
WristRight 0,140833914279938 -0,149937137961388 2,43784356117249
HandRight 0,140633761882782 -0,199170529842377 2,41756319999695
HipLeft -0,169193491339684 -0,0658377110958099 2,48837018013
KneeLeft -0,258976757526398 -0,491969734430313 2,52104067802429
AnkleLeft -0,344895750284195 -0,836333274841309 2,51382517814636
FootLeft -0,388833403587341 -0,902610242366791 2,44790554046631
HipRight -0,029694939032197 -0,0643926784396172 2,49504995346069
KneeRight 0,0514453873038292 -0,51679927110672 2,52538728713989
AnkleRight 0,132264286279678 -0,836771011352539 2,50907635688782
FootRight 0,165438339114189 -0,909495294094086 2,44147181510925

