HipCenter -0,0999902635812759 0,0728210210800171 2,53509879112244
Spine -0,101819790899754 0,123064368963242 2,5953414440155
ShoulderCenter -0,110065497457981 0,450155079364777 2,61211681365967
Head -0,112387709319592 0,623449921607971 2,58988666534424
ShoulderLeft -0,26088285446167 0,401196986436844 2,59100413322449
ElbowLeft -0,347773969173431 0,605818033218384 2,48925495147705
WristLeft -0,357040971517563 0,850615501403809 2,45050477981567
HandLeft -0,338729083538055 0,912337899208069 2,4458384513855
ShoulderRight 0,0524520352482796 0,413455277681351 2,59555649757385
ElbowRight 0,135467648506165 0,619145691394806 2,51321077346802
WristRight 0,13984914124012 0,872860133647919 2,48739433288574
HandRight 0,127026110887527 0,933565616607666 2,48057222366333
HipLeft -0,167704328894615 0,00519799720495939 2,51544094085693
KneeLeft -0,258214980363846 -0,475730121135712 2,52250814437866
AnkleLeft -0,343782722949982 -0,831919193267822 2,51803064346313
FootLeft -0,384402394294739 -0,898480832576752 2,45513916015625
HipRight -0,0283259656280279 0,00308119412511587 2,52204656600952
KneeRight 0,0513890944421291 -0,504516959190369 2,53365039825439
AnkleRight 0,134196862578392 -0,837301075458527 2,50710964202881
FootRight 0,166736915707588 -0,908939957618713 2,44127345085144

