HipCenter 0,542863249778748 -0,0428288280963898 2,43146109580994
Spine 0,48943755030632 0,0128091778606176 2,41546964645386
ShoulderCenter 0,218574866652489 0,306265473365784 2,34788131713867
Head 0,141332134604454 0,499831974506378 2,363929271698
ShoulderLeft 0,17649482190609 0,251039683818817 2,41431045532227
ElbowLeft -0,038389578461647 0,363042265176773 2,43459892272949
WristLeft -0,100822702050209 0,358619570732117 2,61607527732849
HandLeft -0,121633745729923 0,357145339250565 2,68152856826782
ShoulderRight 0,386548608541489 0,311094462871552 2,3354709148407
ElbowRight 0,472265094518662 0,127953767776489 2,2664213180542
WristRight 0,213659018278122 0,232073351740837 2,24609684944153
HandRight 0,127456992864609 0,266779869794846 2,2442831993103
HipLeft 0,535948872566223 -0,114178135991096 2,4634153842926
KneeLeft 0,483891814947128 -0,523605167865753 2,5129702091217
AnkleLeft 0,410347104072571 -1,00116109848022 2,42360711097717
FootLeft 0,391952693462372 -1,05959093570709 2,35001349449158
HipRight 0,622079968452454 -0,0565873011946678 2,41739988327026
KneeRight 0,774988174438477 -0,463701099157333 2,3030571937561
AnkleRight 0,91495144367218 -0,829000949859619 2,25671124458313
FootRight 0,862141072750092 -0,894716262817383 2,24449777603149

