HipCenter 0,218505084514618 0,225361466407776 2,34398984909058
Spine 0,207008376717567 0,322806686162949 2,35214853286743
ShoulderCenter 0,150149166584015 0,811463356018066 2,40901851654053
Head 0,112521976232529 1,0022439956665 2,42925357818604
ShoulderLeft 0,017138009890914 0,716913342475891 2,55223083496094
ElbowLeft -0,0821212232112885 0,499282479286194 2,62054324150085
WristLeft -0,279502123594284 0,433666586875916 2,60097217559814
HandLeft -0,346557945013046 0,413470089435577 2,59828424453735
ShoulderRight 0,21856527030468 0,628621935844421 2,27096772193909
ElbowRight -0,0507535487413406 0,550043165683746 2,21861290931702
WristRight -0,255229651927948 0,517505943775177 2,22401762008667
HandRight -0,323388338088989 0,506660223007202 2,23081970214844
HipLeft 0,185073778033257 0,159132987260818 2,33816242218018
KneeLeft 0,395669341087341 -0,378608554601669 2,49012351036072
AnkleLeft 0,458903342485428 -0,861357569694519 2,44652962684631
FootLeft 0,389451682567596 -0,902287364006042 2,39477372169495
HipRight 0,263232529163361 0,194237023591995 2,33588480949402
KneeRight 0,291262686252594 -0,405655711889267 2,2937548160553
AnkleRight 0,323912143707275 -0,842393279075623 2,29947233200073
FootRight 0,256703197956085 -0,89920836687088 2,26743912696838

