HipCenter 0,322930753231049 0,104096293449402 2,46840858459473
Spine 0,324134260416031 0,194365054368973 2,50693392753601
ShoulderCenter 0,11071366071701 0,559440672397614 2,51576709747314
Head -0,0199430305510759 0,766030490398407 2,57910799980164
ShoulderLeft 0,0258427560329437 0,40318638086319 2,63342952728271
ElbowLeft -0,183972522616386 0,419395089149475 2,68537640571594
WristLeft 0,0158673971891403 0,499978184700012 2,65489745140076
HandLeft 0,0824807062745094 0,526839196681976 2,64983034133911
ShoulderRight 0,20249979197979 0,564249455928802 2,37819933891296
ElbowRight -0,0802157670259476 0,510317862033844 2,29748153686523
WristRight -0,352450877428055 0,4599769115448 2,29411292076111
HandRight -0,42344132065773 0,43900141119957 2,30474138259888
HipLeft 0,30518451333046 -0,00982537865638733 2,48671746253967
KneeLeft 0,380943834781647 -0,558887004852295 2,51680421829224
AnkleLeft 0,427394926548004 -0,888667702674866 2,44408249855042
FootLeft 0,351306676864624 -0,927512943744659 2,45377898216248
HipRight 0,387970387935638 0,11269024014473 2,44264960289001
KneeRight 0,503834784030914 -0,463841438293457 2,33091711997986
AnkleRight 0,681717336177826 -0,837356686592102 2,26560163497925
FootRight 0,614029288291931 -0,880151987075806 2,23430824279785

