HipCenter 0,247547015547752 0,204223230481148 2,2304413318634
Spine 0,251711577177048 0,266001433134079 2,28325057029724
ShoulderCenter 0,258501470088959 0,615673780441284 2,27654528617859
Head 0,24467459321022 0,78497588634491 2,24154114723206
ShoulderLeft 0,0900409072637558 0,495727777481079 2,28415989875793
ElbowLeft 0,0136481793597341 0,307473063468933 2,26161217689514
WristLeft -0,170989766716957 0,35712468624115 2,28152322769165
HandLeft -0,231216117739677 0,388393014669418 2,27269053459167
ShoulderRight 0,404980778694153 0,502130329608917 2,27087354660034
ElbowRight 0,441228598356247 0,279338926076889 2,2590491771698
WristRight 0,444978594779968 0,0602457113564014 2,20015549659729
HandRight 0,44662868976593 -0,00643557123839855 2,17950010299683
HipLeft 0,174328953027725 0,133350655436516 2,22021842002869
KneeLeft 0,154346078634262 -0,319919139146805 2,1987190246582
AnkleLeft 0,214210540056229 -0,64473694562912 2,31475329399109
FootLeft 0,190411150455475 -0,724697351455688 2,3141610622406
HipRight 0,316716492176056 0,134862825274467 2,22035717964172
KneeRight 0,30406653881073 -0,322421818971634 2,20276665687561
AnkleRight 0,306664794683456 -0,653010964393616 2,3261079788208
FootRight 0,323333978652954 -0,733815968036652 2,31373381614685

