HipCenter 0,0880634486675262 0,300512164831162 2,55976963043213
Spine 0,0882280766963959 0,368496358394623 2,61379814147949
ShoulderCenter 0,0874196067452431 0,745633184909821 2,60300898551941
Head 0,0734416916966438 0,919820964336395 2,56201815605164
ShoulderLeft -0,0814010128378868 0,62748110294342 2,60285210609436
ElbowLeft -0,114367425441742 0,3623948097229 2,57513976097107
WristLeft -0,11986543238163 0,147000834345818 2,51232647895813
HandLeft -0,142331898212433 0,0630696639418602 2,47514891624451
ShoulderRight 0,254680544137955 0,63484525680542 2,60108351707459
ElbowRight 0,318889051675797 0,364326924085617 2,57271313667297
WristRight 0,318818092346191 0,151361525058746 2,50910997390747
HandRight 0,314809620380402 0,0585574805736542 2,49171161651611
HipLeft 0,0140226921066642 0,224076241254807 2,55209136009216
KneeLeft -0,021904768422246 -0,29402694106102 2,64480543136597
AnkleLeft -0,045534536242485 -0,660242795944214 2,67757105827332
FootLeft -0,07491834461689 -0,738528192043304 2,61216115951538
HipRight 0,16259491443634 0,227520570158958 2,54629635810852
KneeRight 0,200309574604034 -0,290608614683151 2,64868307113647
AnkleRight 0,232428252696991 -0,661761879920959 2,65971636772156
FootRight 0,255130648612976 -0,739624381065369 2,60291838645935

