HipCenter 0,0860482528805733 0,374377697706223 2,53568911552429
Spine 0,0872827172279358 0,434695601463318 2,5739061832428
ShoulderCenter 0,0891294404864311 0,756745398044586 2,55684566497803
Head 0,0711314678192139 0,932241261005402 2,54834675788879
ShoulderLeft -0,0704316347837448 0,740475118160248 2,60815858840942
ElbowLeft -0,148395761847496 0,984496891498566 2,59467124938965
WristLeft -0,10067580640316 0,773415148258209 2,59934091567993
HandLeft -0,0847691521048546 0,703054547309875 2,60531687736511
ShoulderRight 0,236420080065727 0,740801155567169 2,60452890396118
ElbowRight 0,313190460205078 0,975219488143921 2,60548901557922
WristRight 0,380372852087021 1,18036079406738 2,61584544181824
HandRight 0,401895493268967 1,24608016014099 2,62341070175171
HipLeft 0,0212041139602661 0,305184811353683 2,52901339530945
KneeLeft -0,0301971547305584 -0,282338917255402 2,63245439529419
AnkleLeft -0,0451130419969559 -0,659491360187531 2,67764401435852
FootLeft -0,075718566775322 -0,738641798496246 2,60919070243835
HipRight 0,148807033896446 0,306203037500381 2,5298171043396
KneeRight 0,201100662350655 -0,282579183578491 2,63733100891113
AnkleRight 0,230994984507561 -0,664430260658264 2,65736937522888
FootRight 0,254680722951889 -0,740335583686829 2,60130715370178

