HipCenter 0,0788657441735268 0,320716887712479 2,79100370407104
Spine 0,0782692059874535 0,383614242076874 2,85429263114929
ShoulderCenter 0,0804699584841728 0,763687670230865 2,86940169334412
Head 0,074038565158844 0,938183605670929 2,90944242477417
ShoulderLeft -0,0919305086135864 0,691636204719543 2,86044764518738
ElbowLeft -0,163120001554489 0,869135022163391 2,72650504112244
WristLeft -0,178105250000954 1,06028056144714 2,60760235786438
HandLeft -0,191523835062981 1,12914407253265 2,57378005981445
ShoulderRight 0,245627030730247 0,702706336975098 2,86757969856262
ElbowRight 0,318797469139099 0,872320890426636 2,72256231307983
WristRight 0,304149329662323 1,06281495094299 2,60242605209351
HandRight 0,303022265434265 1,13360095024109 2,5699565410614
HipLeft 0,00714088371023536 0,245293095707893 2,7700412273407
KneeLeft -0,0587397813796997 -0,417362749576569 2,79453039169312
AnkleLeft -0,0683414712548256 -0,848141431808472 2,80177807807922
FootLeft -0,0959748327732086 -0,919177412986755 2,73539590835571
HipRight 0,149964839220047 0,246940419077873 2,78052043914795
KneeRight 0,207410663366318 -0,417639255523682 2,7704861164093
AnkleRight 0,215905636548996 -0,858915567398071 2,77042102813721
FootRight 0,245606988668442 -0,939450979232788 2,6996009349823

