HipCenter 0,0786021649837494 0,209902241826057 2,77224397659302
Spine 0,0765704140067101 0,291358083486557 2,83779406547546
ShoulderCenter 0,0744153782725334 0,749488949775696 2,85652685165405
Head 0,0648518055677414 0,924330353736877 2,88153171539307
ShoulderLeft -0,0474836602807045 0,560653507709503 2,77988886833191
ElbowLeft -0,15829399228096 0,514474511146545 2,53334999084473
WristLeft -0,171631127595901 0,509895026683807 2,22545790672302
HandLeft -0,151169195771217 0,528250455856323 2,04315829277039
ShoulderRight 0,197446912527084 0,583975315093994 2,78837823867798
ElbowRight 0,30154886841774 0,507461071014404 2,53408241271973
WristRight 0,298360586166382 0,512362957000732 2,22590970993042
HandRight 0,271288871765137 0,531205058097839 2,16858005523682
HipLeft 0,0182376429438591 0,157372400164604 2,75901961326599
KneeLeft -0,0617732405662537 -0,435217887163162 2,7959418296814
AnkleLeft -0,0678818374872208 -0,837163031101227 2,80620503425598
FootLeft -0,0938727334141731 -0,914256632328033 2,73934268951416
HipRight 0,140382841229439 0,159309685230255 2,76461386680603
KneeRight 0,208239942789078 -0,442075282335281 2,77311229705811
AnkleRight 0,215990483760834 -0,856021225452423 2,77046012878418
FootRight 0,236038953065872 -0,932649850845337 2,70352792739868

