HipCenter 0,0816363245248795 0,233894646167755 2,76965856552124
Spine 0,0827697440981865 0,306774377822876 2,83383274078369
ShoulderCenter 0,0844884961843491 0,732289254665375 2,84871983528137
Head 0,0745646059513092 0,919754445552826 2,86149072647095
ShoulderLeft -0,0884856432676315 0,588524997234344 2,80164504051209
ElbowLeft -0,138697862625122 0,346291542053223 2,7101902961731
WristLeft -0,158873096108437 0,115034952759743 2,58610939979553
HandLeft -0,159142926335335 0,0371013954281807 2,51587629318237
ShoulderRight 0,231274634599686 0,591628134250641 2,79764437675476
ElbowRight 0,315409600734711 0,330281436443329 2,70944809913635
WristRight 0,30509427189827 0,102733135223389 2,59033989906311
HandRight 0,288579165935516 0,0175057947635651 2,53143358230591
HipLeft 0,0104872845113277 0,163812026381493 2,75674200057983
KneeLeft -0,0591697096824646 -0,441157042980194 2,79549670219421
AnkleLeft -0,0668791085481644 -0,84489244222641 2,80374908447266
FootLeft -0,0969374626874924 -0,922362565994263 2,73633527755737
HipRight 0,15272743999958 0,163402438163757 2,75667929649353
KneeRight 0,210803389549255 -0,446171492338181 2,76839327812195
AnkleRight 0,216052323579788 -0,856691837310791 2,76726889610291
FootRight 0,238951086997986 -0,93783712387085 2,68934679031372

