HipCenter 0,076388031244278 0,293750435113907 2,78534126281738
Spine 0,0759498625993729 0,358344584703445 2,85071539878845
ShoulderCenter 0,075288712978363 0,752862572669983 2,86550807952881
Head 0,0658398568630219 0,942627191543579 2,90016317367554
ShoulderLeft -0,0937415286898613 0,663286447525024 2,83652234077454
ElbowLeft -0,172474190592766 0,839307427406311 2,67442679405212
WristLeft -0,180992901325226 1,03422546386719 2,53036999702454
HandLeft -0,183823883533478 1,11331009864807 2,4949836730957
ShoulderRight 0,235652685165405 0,669048964977264 2,83898615837097
ElbowRight 0,321603149175644 0,840363502502441 2,6752142906189
WristRight 0,303543627262115 1,03493630886078 2,53162050247192
HandRight 0,303835302591324 1,10657644271851 2,48281288146973
HipLeft 0,00454083597287536 0,219613552093506 2,76735997200012
KneeLeft -0,0615719333291054 -0,436506122350693 2,80017352104187
AnkleLeft -0,0673842504620552 -0,845694541931152 2,80416631698608
FootLeft -0,0946796536445618 -0,921783208847046 2,74046301841736
HipRight 0,148626253008842 0,22133632004261 2,77374172210693
KneeRight 0,209919169545174 -0,438645035028458 2,77746510505676
AnkleRight 0,214041173458099 -0,858950972557068 2,77272701263428
FootRight 0,238570481538773 -0,937346041202545 2,7084755897522

