HipCenter 0,0967364385724068 0,265966951847076 2,21552014350891
Spine 0,101081110537052 0,34169939160347 2,27661490440369
ShoulderCenter 0,106070429086685 0,763494372367859 2,26492643356323
Head 0,059157881885767 0,972446203231812 2,22196125984192
ShoulderLeft -0,0823899060487747 0,607990920543671 2,25678586959839
ElbowLeft -0,181671231985092 0,409071087837219 2,27202844619751
WristLeft -0,348620057106018 0,460587441921234 2,06340885162354
HandLeft -0,415367245674133 0,475118845701218 2,0120325088501
ShoulderRight 0,254455387592316 0,648707449436188 2,24604105949402
ElbowRight 0,354016780853271 0,375550866127014 2,25527882575989
WristRight 0,349449425935745 0,157225161790848 2,17855405807495
HandRight 0,343614727258682 0,0741386264562607 2,1545238494873
HipLeft 0,0168717708438635 0,186902612447739 2,21211647987366
KneeLeft -0,0277895238250494 -0,285426408052444 2,29014587402344
AnkleLeft -0,0239633619785309 -0,660018086433411 2,32208442687988
FootLeft -0,0553126558661461 -0,731676459312439 2,26329064369202
HipRight 0,173344448208809 0,192631840705872 2,19933867454529
KneeRight 0,213486865162849 -0,28428441286087 2,3062117099762
AnkleRight 0,213953092694283 -0,68351149559021 2,36545658111572
FootRight 0,26601853966713 -0,744627892971039 2,31302952766418

