HipCenter 0,100883401930332 0,260473787784576 2,20677733421326
Spine 0,0912691205739975 0,336500316858292 2,26721262931824
ShoulderCenter 0,0816963613033295 0,758697092533112 2,25324892997742
Head 0,0838989615440369 0,962211191654205 2,1874885559082
ShoulderLeft -0,0650967955589294 0,644497156143188 2,21854305267334
ElbowLeft -0,155354723334312 0,402614593505859 2,06655550003052
WristLeft -0,0614302754402161 0,428388178348541 1,84454500675201
HandLeft -0,0993575900793076 0,457986563444138 1,82301104068756
ShoulderRight 0,252693444490433 0,64688628911972 2,25639963150024
ElbowRight 0,354620814323425 0,378231287002563 2,28908944129944
WristRight 0,357873857021332 0,152457609772682 2,21875977516174
HandRight 0,360202014446259 0,0699456557631493 2,1915123462677
HipLeft 0,0295379180461168 0,187985315918922 2,18534207344055
KneeLeft -0,0244635865092278 -0,283181041479111 2,27740979194641
AnkleLeft -0,0233140382915735 -0,661133766174316 2,31816601753235
FootLeft -0,0511178746819496 -0,727860987186432 2,26623392105103
HipRight 0,178669452667236 0,188971608877182 2,20867538452148
KneeRight 0,216494351625443 -0,278358697891235 2,30544781684875
AnkleRight 0,213371604681015 -0,683830142021179 2,36335277557373
FootRight 0,265362411737442 -0,743481576442719 2,31244659423828

