HipCenter 0,102328680455685 0,261910706758499 2,22026705741882
Spine 0,0977617204189301 0,337171137332916 2,28341436386108
ShoulderCenter 0,100445948541164 0,763891041278839 2,28188419342041
Head 0,0807354375720024 0,973982751369476 2,23367595672607
ShoulderLeft -0,074774444103241 0,621429920196533 2,24734950065613
ElbowLeft -0,250469505786896 0,390265494585037 2,13807034492493
WristLeft -0,300308734178543 0,469693064689636 1,91288912296295
HandLeft -0,316297233104706 0,476417481899261 1,9115332365036
ShoulderRight 0,262916624546051 0,643599212169647 2,27535796165466
ElbowRight 0,357373297214508 0,372635036706924 2,27387309074402
WristRight 0,352566599845886 0,146736279129982 2,19113159179688
HandRight 0,349007248878479 0,0635724440217018 2,16658234596252
HipLeft 0,023229356855154 0,186193749308586 2,20240521430969
KneeLeft -0,0242735147476196 -0,284284651279449 2,28586912155151
AnkleLeft -0,0239125732332468 -0,660746574401855 2,31992530822754
FootLeft -0,0527767576277256 -0,729225039482117 2,26411247253418
HipRight 0,179738610982895 0,18813456594944 2,21350359916687
KneeRight 0,216991722583771 -0,284642040729523 2,30976462364197
AnkleRight 0,216379687190056 -0,685476005077362 2,36807918548584
FootRight 0,265298843383789 -0,744841814041138 2,31603264808655

