HipCenter 0,382871925830841 0,308166593313217 2,69135880470276
Spine 0,340866506099701 0,372242540121078 2,66468095779419
ShoulderCenter 0,130139604210854 0,691589415073395 2,55036067962646
Head 0,0250298455357552 0,839410066604614 2,50869512557983
ShoulderLeft 0,0232434663921595 0,619912266731262 2,59316039085388
ElbowLeft 0,112724453210831 0,443526208400726 2,64217233657837
WristLeft 0,0668950527906418 0,674511313438416 2,46036553382874
HandLeft 0,0149399861693382 0,712334930896759 2,45281982421875
ShoulderRight 0,322445929050446 0,684564352035522 2,56546115875244
ElbowRight 0,496563017368317 0,51465231180191 2,55817794799805
WristRight 0,609357893466949 0,249403238296509 2,53574633598328
HandRight 0,649296045303345 0,171504080295563 2,53649687767029
HipLeft 0,359037131071091 0,232097879052162 2,71416234970093
KneeLeft 0,401212275028229 -0,291906416416168 2,67465829849243
AnkleLeft 0,455461859703064 -0,662816524505615 2,77632117271423
FootLeft 0,438405126333237 -0,742852866649628 2,72982144355774
HipRight 0,479085475206375 0,27259561419487 2,70458459854126
KneeRight 0,680877983570099 -0,292895972728729 2,78640842437744
AnkleRight 0,718679904937744 -0,661106169223785 2,80233788490295
FootRight 0,740714907646179 -0,743346810340881 2,73245358467102

