HipCenter 0,442052602767944 0,349388360977173 2,68710613250732
Spine 0,408202737569809 0,41543573141098 2,66463708877563
ShoulderCenter 0,240251123905182 0,745856463909149 2,57163739204407
Head 0,15418741106987 0,900921046733856 2,53219938278198
ShoulderLeft 0,110550582408905 0,660641014575958 2,59946346282959
ElbowLeft -0,0900515913963318 0,613315105438232 2,57022356987
WristLeft 0,11321334540844 0,606821417808533 2,58854699134827
HandLeft 0,180968329310417 0,604656875133514 2,59971475601196
ShoulderRight 0,43811908364296 0,724255263805389 2,58815813064575
ElbowRight 0,622255563735962 0,518653869628906 2,59813117980957
WristRight 0,736474275588989 0,264691859483719 2,56821155548096
HandRight 0,774918556213379 0,133253812789917 2,56042671203613
HipLeft 0,410338789224625 0,264261543750763 2,70437812805176
KneeLeft 0,429856836795807 -0,289806187152863 2,69289946556091
AnkleLeft 0,460148870944977 -0,668089807033539 2,77698373794556
FootLeft 0,442707240581512 -0,741114854812622 2,72857236862183
HipRight 0,540242671966553 0,304794728755951 2,70281434059143
KneeRight 0,705045759677887 -0,283826529979706 2,78215646743774
AnkleRight 0,721089124679565 -0,656210839748383 2,80366158485413
FootRight 0,73902153968811 -0,745672404766083 2,7348165512085

