HipCenter 0,549474120140076 0,412978708744049 2,67827486991882
Spine 0,553860247135162 0,488065421581268 2,74010300636292
ShoulderCenter 0,550060927867889 0,906797170639038 2,72477245330811
Head 0,501062095165253 1,12802147865295 2,69069862365723
ShoulderLeft 0,363386362791061 0,793223738670349 2,72222876548767
ElbowLeft 0,165827080607414 0,690782964229584 2,67440629005432
WristLeft -0,0375620722770691 0,654230713844299 2,57774901390076
HandLeft 0,00301718711853027 0,66736114025116 2,59486436843872
ShoulderRight 0,719638109207153 0,778808891773224 2,69330453872681
ElbowRight 0,813169598579407 0,494555950164795 2,68776249885559
WristRight 0,810232937335968 0,225622862577438 2,60037279129028
HandRight 0,805244326591492 0,139801055192947 2,57353329658508
HipLeft 0,468766897916794 0,331774145364761 2,67145204544067
KneeLeft 0,451132953166962 -0,266538172960281 2,76206684112549
AnkleLeft 0,46573281288147 -0,66194748878479 2,80273103713989
FootLeft 0,445842444896698 -0,740134239196777 2,74433708190918
HipRight 0,630079090595245 0,335059404373169 2,66526699066162
KneeRight 0,699888586997986 -0,265616297721863 2,73076868057251
AnkleRight 0,71910035610199 -0,666785180568695 2,80178236961365
FootRight 0,734857439994812 -0,751362562179565 2,74099826812744

