HipCenter 0,0048921275883913 0,205120354890823 1,80607938766479
Spine 0,00816298369318247 0,257194519042969 1,80058753490448
ShoulderCenter 0,0233012996613979 0,525381684303284 1,77863001823425
Head -0,0805472880601883 0,658992648124695 1,7687178850174
ShoulderLeft -0,132199719548225 0,473890453577042 1,8351958990097
ElbowLeft 0,0325579941272736 0,426028698682785 1,71681368350983
WristLeft 0,232383519411087 0,414227426052094 1,70179116725922
HandLeft 0,296085089445114 0,408197462558746 1,69196701049805
ShoulderRight 0,0167916882783175 0,396866202354431 1,67771315574646
ElbowRight 0,219557389616966 0,400366842746735 1,67657220363617
WristRight 0,316754639148712 0,289482146501541 1,69740355014801
HandRight 0,349153727293015 0,252520591020584 1,70713818073273
HipLeft -0,0302659850567579 0,165043637156487 1,82946586608887
KneeLeft -0,0301643591374159 -0,220896378159523 1,80563938617706
AnkleLeft -0,0384957306087017 -0,53487241268158 1,8081568479538
FootLeft -0,000527516007423401 -0,616016149520874 1,81256568431854
HipRight 0,0326842479407787 0,167077675461769 1,79226505756378
KneeRight -0,0193567425012589 -0,215464308857918 1,79580676555634
AnkleRight 0,0095454528927803 -0,527748644351959 1,80491971969604
FootRight -0,0415213406085968 -0,562287926673889 1,75714266300201

