HipCenter 0,277017325162888 0,0751893594861031 2,43859457969666
Spine 0,290401667356491 0,134220331907272 2,48712992668152
ShoulderCenter 0,263632446527481 0,456809610128403 2,49595141410828
Head 0,205277875065804 0,664534509181976 2,51844143867493
ShoulderLeft 0,105896838009357 0,427547782659531 2,5562596321106
ElbowLeft -0,0776064917445183 0,370688289403915 2,55654239654541
WristLeft -0,339891254901886 0,362421125173569 2,54023766517639
HandLeft -0,406094133853912 0,350743681192398 2,54817700386047
ShoulderRight 0,353457421064377 0,378852963447571 2,44293069839478
ElbowRight 0,524073481559753 0,18107695877552 2,44180297851563
WristRight 0,613876760005951 -0,0501224473118782 2,38465929031372
HandRight 0,614334762096405 -0,129919588565826 2,36330533027649
HipLeft 0,226903080940247 0,0115755535662174 2,44353485107422
KneeLeft 0,309619665145874 -0,453417122364044 2,46176075935364
AnkleLeft 0,16330386698246 -0,16361528635025 2,40877890586853
FootLeft 0,192865803837776 -0,272079825401306 2,40184712409973
HipRight 0,333082020282745 0,0220549665391445 2,40895438194275
KneeRight 0,414333760738373 -0,462550222873688 2,4476912021637
AnkleRight 0,41949063539505 -0,844403147697449 2,42073440551758
FootRight 0,39484691619873 -0,908534049987793 2,35777139663696

