HipCenter 0,293366491794586 -0,0225109197199345 2,48882794380188
Spine 0,250312030315399 0,0332346335053444 2,49214196205139
ShoulderCenter 0,017404867336154 0,292298495769501 2,48012161254883
Head -0,0625826269388199 0,459334522485733 2,46835088729858
ShoulderLeft -0,0808160826563835 0,215869933366776 2,51857328414917
ElbowLeft -0,322810769081116 0,304027885198593 2,54273653030396
WristLeft -0,576760590076447 0,365381717681885 2,55573534965515
HandLeft -0,621251106262207 0,419372171163559 2,5636990070343
ShoulderRight 0,197211608290672 0,233539149165154 2,41435861587524
ElbowRight 0,44664853811264 0,155456870794296 2,41282844543457
WristRight 0,579125285148621 -0,0133850052952766 2,425208568573
HandRight 0,647965669631958 -0,0754850953817368 2,40330958366394
HipLeft 0,276870667934418 -0,0981494039297104 2,50707960128784
KneeLeft 0,306044578552246 -0,461346745491028 2,37914228439331
AnkleLeft 0,330159991979599 -0,8307746052742 2,42918682098389
FootLeft 0,331566870212555 -0,908928871154785 2,3968653678894
HipRight 0,39340403676033 -0,0445720441639423 2,4705924987793
KneeRight 0,65139776468277 -0,415821433067322 2,53953170776367
AnkleRight 0,817119598388672 -0,825242161750793 2,5688636302948
FootRight 0,789558351039886 -0,878561794757843 2,49126219749451

