HipCenter 0,0530251897871494 0,0984833911061287 2,40371608734131
Spine 0,0516846589744091 0,158438384532928 2,46298623085022
ShoulderCenter 0,0463902652263641 0,520769238471985 2,47889804840088
Head 0,0515839569270611 0,692471385002136 2,48514127731323
ShoulderLeft -0,123622991144657 0,425467401742935 2,47862410545349
ElbowLeft -0,331577062606812 0,429300636053085 2,47360277175903
WristLeft -0,535243988037109 0,471964478492737 2,43895769119263
HandLeft -0,625815272331238 0,483244359493256 2,41538500785828
ShoulderRight 0,213882163167 0,380564987659454 2,46976327896118
ElbowRight 0,262693166732788 0,10187616944313 2,43945336341858
WristRight 0,297483056783676 -0,113312646746635 2,38919758796692
HandRight 0,308301419019699 -0,205568924546242 2,37314105033875
HipLeft -0,0190503224730492 0,0286255832761526 2,38313031196594
KneeLeft -0,0395625568926334 -0,419404655694962 2,43797492980957
AnkleLeft -0,0354652293026447 -0,821650505065918 2,45729899406433
FootLeft -0,0388032123446465 -0,910953998565674 2,39877605438232
HipRight 0,129315257072449 0,0170095507055521 2,39413690567017
KneeRight 0,145184531807899 -0,43826162815094 2,44661450386047
AnkleRight 0,156086027622223 -0,837844371795654 2,45682835578918
FootRight 0,161169022321701 -0,918684840202332 2,38898611068726

