HipCenter 0,0552889406681061 0,0949090123176575 2,40544176101685
Spine 0,0546905621886253 0,155557125806808 2,46492099761963
ShoulderCenter 0,0470054410398006 0,519702672958374 2,48116636276245
Head 0,0497046187520027 0,692048251628876 2,48513770103455
ShoulderLeft -0,122625850141048 0,421381235122681 2,48163533210754
ElbowLeft -0,337976336479187 0,405445456504822 2,47242474555969
WristLeft -0,545515418052673 0,417040377855301 2,43530535697937
HandLeft -0,638070046901703 0,422871798276901 2,41771864891052
ShoulderRight 0,204559624195099 0,377675116062164 2,46533513069153
ElbowRight 0,262962847948074 0,100770473480225 2,44034337997437
WristRight 0,297788381576538 -0,116595849394798 2,39112615585327
HandRight 0,309717416763306 -0,208708971738815 2,37431764602661
HipLeft -0,0149097116664052 0,0281537026166916 2,38335490226746
KneeLeft -0,0375723317265511 -0,419455200433731 2,44051098823547
AnkleLeft -0,0338170491158962 -0,823767483234406 2,45529818534851
FootLeft -0,0387148596346378 -0,910640001296997 2,39795708656311
HipRight 0,128809496760368 0,0177237614989281 2,39663529396057
KneeRight 0,146855041384697 -0,441300958395004 2,44747805595398
AnkleRight 0,158231034874916 -0,837112069129944 2,45402312278748
FootRight 0,153952345252037 -0,920924186706543 2,38947510719299

