HipCenter 0,0464127883315086 0,0824731290340424 2,40450286865234
Spine 0,0421858429908752 0,143661245703697 2,46360182762146
ShoulderCenter 0,0340271815657616 0,510434091091156 2,47937893867493
Head 0,0329805873334408 0,687568187713623 2,47614741325378
ShoulderLeft -0,115506455302238 0,3876993060112 2,47290396690369
ElbowLeft -0,173895537853241 0,114325851202011 2,4297456741333
WristLeft -0,173384293913841 -0,119417116045952 2,35686254501343
HandLeft -0,18396469950676 -0,18517242372036 2,34159445762634
ShoulderRight 0,187872350215912 0,389102160930634 2,48744797706604
ElbowRight 0,237059235572815 0,118128575384617 2,4547164440155
WristRight 0,265091389417648 -0,086762934923172 2,39186978340149
HandRight 0,259120255708694 -0,174961715936661 2,36482620239258
HipLeft -0,0208584237843752 0,0148443365469575 2,38021874427795
KneeLeft -0,0535710379481316 -0,385005563497543 2,42809176445007
AnkleLeft -0,0289161670953035 -0,817244231700897 2,45628261566162
FootLeft -0,0439224131405354 -0,889748990535736 2,40197920799255
HipRight 0,116560824215412 0,0144230360165238 2,40049481391907
KneeRight 0,138653680682182 -0,413333266973495 2,43776488304138
AnkleRight 0,151407435536385 -0,84738564491272 2,44868755340576
FootRight 0,137538462877274 -0,924805641174316 2,39185476303101

