HipCenter 0,054335318505764 0,0971322953701019 2,40494418144226
Spine 0,0511940158903599 0,156548500061035 2,46416234970093
ShoulderCenter 0,040932085365057 0,518167436122894 2,480797290802
Head 0,0408453419804573 0,69334089756012 2,48476314544678
ShoulderLeft -0,130902171134949 0,413604021072388 2,4755711555481
ElbowLeft -0,337198913097382 0,426182746887207 2,4746208190918
WristLeft -0,550607979297638 0,479243606328964 2,43915224075317
HandLeft -0,641810536384583 0,486770778894424 2,41980910301209
ShoulderRight 0,204467207193375 0,378240406513214 2,47547721862793
ElbowRight 0,253429293632507 0,100749284029007 2,44503426551819
WristRight 0,276392191648483 -0,112794548273087 2,37794518470764
HandRight 0,285502374172211 -0,203063249588013 2,35520148277283
HipLeft -0,0173067152500153 0,0266551282256842 2,37984657287598
KneeLeft -0,0399857051670551 -0,419254124164581 2,43726897239685
AnkleLeft -0,0322389081120491 -0,821768701076508 2,4553747177124
FootLeft -0,0419371537864208 -0,909822106361389 2,3995316028595
HipRight 0,129717871546745 0,0192556791007519 2,39920949935913
KneeRight 0,141519486904144 -0,43484103679657 2,44570112228394
AnkleRight 0,154559940099716 -0,833872318267822 2,45403075218201
FootRight 0,157656982541084 -0,922781646251678 2,38659358024597

