HipCenter 0,0194264575839043 -0,140525937080383 2,11378264427185
Spine 0,0156622733920813 -0,0979533493518829 2,07916593551636
ShoulderCenter 0,000351932365447283 0,103296011686325 1,91569399833679
Head -0,0220353379845619 -0,0081329345703125 1,72113180160522
ShoulderLeft -0,164472788572311 0,0654912814497948 1,94551253318787
ElbowLeft -0,280065596103668 -0,00187409669160843 2,0505645275116
WristLeft -0,322657883167267 -0,085258424282074 2,26953196525574
HandLeft -0,313779145479202 -0,173790991306305 2,27269530296326
ShoulderRight 0,137268766760826 0,0544663742184639 1,95011508464813
ElbowRight 0,257768750190735 -0,0143661964684725 2,06980967521667
WristRight 0,198374003171921 -0,206237524747849 1,91556882858276
HandRight 0,18496373295784 -0,293306648731232 1,92845237255096
HipLeft -0,0386418998241425 -0,196120321750641 2,13923263549805
KneeLeft -0,144573569297791 -0,361182510852814 1,86210870742798
AnkleLeft -0,0754036605358124 -0,675385713577271 1,93791782855988
FootLeft -0,092096246778965 -0,739731848239899 1,89853513240814
HipRight 0,0823624283075333 -0,206107571721077 2,18019104003906
KneeRight 0,164027258753777 -0,336342632770538 1,87661182880402
AnkleRight 0,0985778495669365 -0,673606693744659 1,94630885124207
FootRight 0,0914721190929413 -0,736928284168243 1,8993147611618

