HipCenter 0,0118553880602121 -0,139759391546249 2,10935807228088
Spine 0,00535489898175001 -0,099023848772049 2,07821798324585
ShoulderCenter -0,037229809910059 0,093525618314743 1,93059909343719
Head -0,0262799002230167 -0,00902118533849716 1,720210313797
ShoulderLeft -0,163575708866119 0,0624160096049309 1,94410920143127
ElbowLeft -0,282377690076828 -0,000222966074943542 2,04900860786438
WristLeft -0,322931408882141 -0,0846157297492027 2,26839923858643
HandLeft -0,315991997718811 -0,173724517226219 2,2740797996521
ShoulderRight 0,13467638194561 0,0543278306722641 1,94839549064636
ElbowRight 0,2188421189785 -0,0812843143939972 2,11829829216003
WristRight 0,182243600487709 -0,239688828587532 1,92141568660736
HandRight 0,17086073756218 -0,327562689781189 1,93443167209625
HipLeft -0,0438901521265507 -0,194421246647835 2,12087750434875
KneeLeft -0,150837659835815 -0,373364716768265 1,84986698627472
AnkleLeft -0,0720346793532372 -0,677516639232636 1,93947196006775
FootLeft -0,0934241935610771 -0,738900721073151 1,89765298366547
HipRight 0,0635603368282318 -0,203446462750435 2,18123507499695
KneeRight 0,163788974285126 -0,336540937423706 1,88171291351318
AnkleRight 0,0974561721086502 -0,674696862697601 1,94491231441498
FootRight 0,090810164809227 -0,736355543136597 1,8998486995697

