HipCenter 0,00617245212197304 -0,142266318202019 2,10217189788818
Spine 0,00729222176596522 -0,0975538268685341 2,0703387260437
ShoulderCenter 0,00539132533594966 0,122564345598221 1,91469883918762
Head -0,033849373459816 -0,0250261425971985 1,72909557819366
ShoulderLeft -0,158983886241913 0,0647627934813499 1,93794906139374
ElbowLeft -0,276999741792679 0,000177770853042603 2,04321622848511
WristLeft -0,320825397968292 -0,0834096148610115 2,26291370391846
HandLeft -0,314853489398956 -0,172729387879372 2,27245235443115
ShoulderRight 0,137464553117752 0,0543158203363419 1,9454288482666
ElbowRight 0,231098502874374 -0,0857145339250565 2,10828471183777
WristRight 0,184315010905266 -0,244938001036644 1,91362285614014
HandRight 0,174186646938324 -0,333233535289764 1,92797517776489
HipLeft -0,0390715152025223 -0,194762200117111 2,12179684638977
KneeLeft -0,150109261274338 -0,377598881721497 1,85133111476898
AnkleLeft -0,0742043107748032 -0,678073108196259 1,93677139282227
FootLeft -0,0922843888401985 -0,739308655261993 1,89556312561035
HipRight 0,0637147426605225 -0,210090488195419 2,16804003715515
KneeRight 0,16975736618042 -0,34339052438736 1,86720490455627
AnkleRight 0,0978545174002647 -0,672793626785278 1,94438886642456
FootRight 0,0875413194298744 -0,737045288085938 1,90029418468475

