HipCenter 0,0141020221635699 -0,132333979010582 2,10985636711121
Spine 0,00837588310241699 -0,0935586094856262 2,08191919326782
ShoulderCenter -0,033250480890274 0,107899963855743 1,96763670444489
Head -0,0216483473777771 0,00771047174930573 1,75276780128479
ShoulderLeft -0,157973289489746 0,0650882795453072 1,93800723552704
ElbowLeft -0,281823635101318 -0,00257945712655783 2,05124950408936
WristLeft -0,322813361883163 -0,0867183282971382 2,27137279510498
HandLeft -0,316945225000381 -0,176098480820656 2,28138542175293
ShoulderRight 0,14977553486824 0,0441238693892956 1,9526674747467
ElbowRight 0,229605197906494 -0,103250995278358 2,11642789840698
WristRight 0,184196174144745 -0,250545769929886 1,91166400909424
HandRight 0,171525463461876 -0,33850023150444 1,92672944068909
HipLeft -0,0315407030284405 -0,19200687110424 2,12654685974121
KneeLeft -0,149239212274551 -0,372378170490265 1,85646069049835
AnkleLeft -0,0734188854694366 -0,677967607975006 1,9391747713089
FootLeft -0,0940974056720734 -0,738417446613312 1,8957267999649
HipRight 0,0809285640716553 -0,204751074314117 2,17893815040588
KneeRight 0,16289010643959 -0,342580795288086 1,87176036834717
AnkleRight 0,0975487008690834 -0,673456966876984 1,94468832015991
FootRight 0,0645835846662521 -0,737571358680725 1,89796769618988

