HipCenter 0,00352129829116166 -0,122983604669571 2,10847043991089
Spine -0,00552538176998496 -0,0799382477998734 2,0874445438385
ShoulderCenter -0,0533697828650475 0,11383792757988 1,96195161342621
Head -0,0291076749563217 0,0250002294778824 1,74187314510345
ShoulderLeft -0,209698528051376 0,0285476446151733 1,97391498088837
ElbowLeft -0,311471462249756 -0,0243332050740719 2,09792447090149
WristLeft -0,33804714679718 -0,107438296079636 2,3208634853363
HandLeft -0,332513421773911 -0,197666823863983 2,33075189590454
ShoulderRight 0,150949969887733 0,0450691692531109 1,95099139213562
ElbowRight 0,244942978024483 -0,0645770579576492 2,09563612937927
WristRight 0,191439673304558 -0,253736525774002 1,93309462070465
HandRight 0,148449614644051 -0,430563867092133 1,86068153381348
HipLeft -0,0434838682413101 -0,195339560508728 2,12492537498474
KneeLeft -0,153104618191719 -0,370176017284393 1,84474229812622
AnkleLeft -0,0774974897503853 -0,673677921295166 1,93825960159302
FootLeft -0,0904074311256409 -0,739245891571045 1,89530456066132
HipRight 0,0859744101762772 -0,19521164894104 2,17266750335693
KneeRight 0,165167272090912 -0,341665953397751 1,86624586582184
AnkleRight 0,0977886170148849 -0,673987090587616 1,94668138027191
FootRight 0,0882252603769302 -0,736608386039734 1,89927518367767

