HipCenter 0,00808577425777912 -0,114377386868 2,10701394081116
Spine -0,00139755383133888 -0,0729033574461937 2,08769488334656
ShoulderCenter -0,0545465238392353 0,110217720270157 1,96487426757813
Head -0,0289627350866795 0,0250097364187241 1,74359619617462
ShoulderLeft -0,248752430081367 0,0585568659007549 1,9986115694046
ElbowLeft -0,291191458702087 -0,0697339028120041 2,10364627838135
WristLeft -0,333021253347397 -0,124627515673637 2,33266568183899
HandLeft -0,328064352273941 -0,214949905872345 2,34220004081726
ShoulderRight 0,159000515937805 0,0445921272039413 1,94671535491943
ElbowRight 0,244529843330383 -0,0657178536057472 2,09452962875366
WristRight 0,190769329667091 -0,235990405082703 1,91116690635681
HandRight 0,176658779382706 -0,324612975120544 1,9260174036026
HipLeft -0,0610171556472778 -0,193784549832344 2,12484431266785
KneeLeft -0,148613303899765 -0,373730719089508 1,83990859985352
AnkleLeft -0,0775982663035393 -0,673808455467224 1,93781518936157
FootLeft -0,0914069414138794 -0,7391716837883 1,89549589157104
HipRight 0,130515769124031 -0,19656839966774 2,16929459571838
KneeRight 0,155378669500351 -0,347009807825089 1,85532808303833
AnkleRight 0,0977556779980659 -0,674386978149414 1,94616413116455
FootRight 0,0924107208848 -0,734372794628143 1,89584040641785

