HipCenter 0,000280726992059499 -0,129212528467178 2,11420178413391
Spine -0,0071868016384542 -0,0862613022327423 2,09074401855469
ShoulderCenter -0,0440028421580791 0,119815051555634 1,96545720100403
Head -0,0262672901153564 0,0231757313013077 1,74408435821533
ShoulderLeft -0,188564330339432 0,0754280313849449 1,95200395584106
ElbowLeft -0,283526629209518 -0,0184726268053055 2,05939030647278
WristLeft -0,324645429849625 -0,0955922082066536 2,28309535980225
HandLeft -0,31986391544342 -0,187412470579147 2,29226565361023
ShoulderRight 0,149127766489983 0,0465396568179131 1,95076525211334
ElbowRight 0,264452904462814 -0,0141525901854038 2,06145262718201
WristRight 0,194626554846764 -0,207962676882744 1,91020512580872
HandRight 0,187659740447998 -0,29964280128479 1,91937792301178
HipLeft -0,0491216368973255 -0,191485613584518 2,12341904640198
KneeLeft -0,153420120477676 -0,375724792480469 1,84164917469025
AnkleLeft -0,0754912123084068 -0,675987780094147 1,9384458065033
FootLeft -0,093447133898735 -0,739776611328125 1,89563477039337
HipRight 0,0744995474815369 -0,207847088575363 2,17784667015076
KneeRight 0,168452441692352 -0,338641166687012 1,86328387260437
AnkleRight 0,0977024361491203 -0,674323260784149 1,94505310058594
FootRight 0,0885259509086609 -0,736313283443451 1,89693605899811

