HipCenter -0,000588181603234261 -0,0141341704875231 2,25967311859131
Spine -0,00612958241254091 0,0288990065455437 2,28199625015259
ShoulderCenter -0,0258072167634964 0,256889432668686 2,28052830696106
Head -0,017221299931407 0,487416714429855 2,22121357917786
ShoulderLeft -0,18859389424324 0,190937757492065 2,25840950012207
ElbowLeft -0,317126840353012 0,0354395285248756 2,23169755935669
WristLeft -0,336183845996857 -0,180495917797089 2,34305953979492
HandLeft -0,34171000123024 -0,272871255874634 2,34567642211914
ShoulderRight 0,155610591173172 0,207442462444305 2,28208255767822
ElbowRight 0,23776251077652 -0,0142624033614993 2,25468158721924
WristRight 0,206403732299805 -0,149151712656021 2,12364172935486
HandRight 0,1959508061409 -0,194114819169044 2,08339357376099
HipLeft -0,0673623606562614 -0,0960511565208435 2,24564576148987
KneeLeft -0,126036927103996 -0,329751521348953 1,91347563266754
AnkleLeft -0,073799267411232 -0,666642427444458 1,9404444694519
FootLeft -0,0870837420225143 -0,735887408256531 1,89553940296173
HipRight 0,080391600728035 -0,0866976454854012 2,25687503814697
KneeRight 0,149362981319427 -0,325997710227966 1,92630851268768
AnkleRight 0,0895214527845383 -0,670531570911407 1,94758772850037
FootRight 0,0860116630792618 -0,732903599739075 1,90707182884216

