HipCenter 0,0487148799002171 -0,0823191702365875 2,48683905601501
Spine 0,00373853044584394 -0,0755558907985687 2,54500198364258
ShoulderCenter -0,214389339089394 0,103355459868908 2,55871629714966
Head -0,431501805782318 0,297565460205078 2,59504771232605
ShoulderLeft -0,428710490465164 0,0256031230092049 2,41715478897095
ElbowLeft -0,647347331047058 0,182715535163879 2,32412075996399
WristLeft -0,742479681968689 0,38119837641716 2,35260605812073
HandLeft -0,774190485477448 0,447359323501587 2,36700534820557
ShoulderRight -0,107030846178532 0,15572789311409 2,48516201972961
ElbowRight -0,330256760120392 0,220558270812035 2,45001792907715
WristRight -0,376257240772247 0,153915792703629 2,69754576683044
HandRight -0,438190519809723 0,142476916313171 2,72574234008789
HipLeft 0,0656990632414818 -0,183818906545639 2,48219609260559
KneeLeft 0,362432450056076 -0,505629003047943 2,61661696434021
AnkleLeft 0,544092655181885 -0,860118985176086 2,59431028366089
FootLeft 0,481502175331116 -0,917560458183289 2,61493897438049
HipRight 0,162237226963043 -0,0709028691053391 2,44789576530457
KneeRight 0,0670717880129814 -0,479322910308838 2,43512868881226
AnkleRight 0,0819734632968903 -0,80426698923111 2,4123055934906
FootRight 0,0244941599667072 -0,877726078033447 2,40801405906677

