HipCenter -0,159587398171425 0,205091178417206 1,96307122707367
Spine -0,189328968524933 0,28147679567337 2,01853156089783
ShoulderCenter -0,198954224586487 0,723022639751434 2,04432201385498
Head -0,247189372777939 0,927051782608032 2,1006441116333
ShoulderLeft -0,214707657694817 0,563809096813202 1,92028951644897
ElbowLeft -0,118785500526428 0,353108823299408 1,83896565437317
WristLeft 0,109246492385864 0,34434974193573 1,8513320684433
HandLeft 0,172613233327866 0,345325201749802 1,85875129699707
ShoulderRight -0,0876620411872864 0,534736573696136 1,9788293838501
ElbowRight -0,0170696116983891 0,286027580499649 1,96244072914124
WristRight 0,0052986741065979 0,0958276689052582 1,89551067352295
HandRight 0,0334562063217163 0,0598755106329918 1,93965029716492
HipLeft -0,189361095428467 0,185404971241951 1,95111346244812
KneeLeft -0,174155533313751 -0,253788113594055 1,97234714031219
AnkleLeft -0,178068950772285 -0,647946715354919 2,00078248977661
FootLeft -0,112127631902695 -0,738776862621307 2,01765370368958
HipRight -0,122725665569305 0,163178324699402 1,96301138401031
KneeRight -0,212336272001266 -0,366880416870117 1,98458313941956
AnkleRight -0,167720153927803 -0,715421557426453 2,00431823730469
FootRight -0,0780923143029213 -0,770169317722321 2,04735946655273

