HipCenter -0,157738223671913 0,204081624746323 1,9626053571701
Spine -0,188147634267807 0,280643790960312 2,01765918731689
ShoulderCenter -0,197762250900269 0,722794413566589 2,04371023178101
Head -0,24922713637352 0,925994873046875 2,10118126869202
ShoulderLeft -0,213448569178581 0,563276767730713 1,91971170902252
ElbowLeft -0,116434633731842 0,353002995252609 1,84047698974609
WristLeft 0,109738163650036 0,344017654657364 1,85226905345917
HandLeft 0,174916192889214 0,344463706016541 1,86000263690948
ShoulderRight -0,098662257194519 0,546476244926453 1,97696399688721
ElbowRight -0,0331982672214508 0,28617125749588 1,93215584754944
WristRight 0,0112818628549576 0,0932728499174118 1,8998636007309
HandRight 0,0381502062082291 0,0466388985514641 1,93365609645844
HipLeft -0,185604900121689 0,18607996404171 1,95176339149475
KneeLeft -0,178392559289932 -0,269522488117218 1,97498023509979
AnkleLeft -0,178077980875969 -0,664076685905457 2,00276112556458
FootLeft -0,119187541306019 -0,738555073738098 2,01461791992188
HipRight -0,123056337237358 0,164593711495399 1,96267557144165
KneeRight -0,220636606216431 -0,364229559898376 1,98699808120728
AnkleRight -0,170342966914177 -0,717767596244812 2,00398087501526
FootRight -0,097541056573391 -0,757079780101776 2,0177915096283

