HipCenter -0,181269556283951 0,20618624985218 1,96650457382202
Spine -0,209886893630028 0,282895982265472 2,02189111709595
ShoulderCenter -0,218312904238701 0,726533830165863 2,04914021492004
Head -0,261472344398499 0,930653095245361 2,09732532501221
ShoulderLeft -0,233957096934319 0,571343660354614 1,92968702316284
ElbowLeft -0,231659933924675 0,353478282690048 1,8613612651825
WristLeft 0,0348285883665085 0,338197618722916 1,85197305679321
HandLeft 0,0972953885793686 0,346748948097229 1,85038697719574
ShoulderRight -0,126451045274734 0,561624050140381 1,98206841945648
ElbowRight -0,0548385977745056 0,310358464717865 1,90039443969727
WristRight -0,0232300795614719 0,117862462997437 1,91639471054077
HandRight -0,00676652044057846 0,066997304558754 1,94985258579254
HipLeft -0,210403233766556 0,188780680298805 1,95156586170197
KneeLeft -0,190408736467361 -0,269773215055466 1,97949886322021
AnkleLeft -0,176509290933609 -0,658248364925385 2,00222516059875
FootLeft -0,129918336868286 -0,730857789516449 2,01025629043579
HipRight -0,146492883563042 0,164814457297325 1,96933448314667
KneeRight -0,228148370981216 -0,357910215854645 1,98441123962402
AnkleRight -0,149464085698128 -0,702739894390106 2,00481152534485
FootRight -0,109246090054512 -0,742842435836792 1,92386937141418

