HipCenter 0,0951439663767815 0,279745399951935 2,39812231063843
Spine 0,0892382264137268 0,347750663757324 2,45061612129211
ShoulderCenter 0,0885968580842018 0,721949934959412 2,43386316299438
Head 0,0761693492531776 0,898687779903412 2,41208600997925
ShoulderLeft -0,087443009018898 0,621106863021851 2,39283347129822
ElbowLeft -0,297830134630203 0,673062801361084 2,2257034778595
WristLeft -0,45236200094223 0,759349167346954 2,07002854347229
HandLeft -0,491845697164536 0,785069286823273 2,03306722640991
ShoulderRight 0,24705708026886 0,598673641681671 2,42353200912476
ElbowRight 0,321898311376572 0,334362298250198 2,44693541526794
WristRight 0,325839310884476 0,109327912330627 2,40544033050537
HandRight 0,329464048147202 0,0419998243451118 2,3980975151062
HipLeft 0,021861907094717 0,204645544290543 2,38572955131531
KneeLeft -6,07490073889494E-05 -0,308884590864182 2,46137619018555
AnkleLeft 0,00482603861019015 -0,663611590862274 2,46320581436157
FootLeft -0,0160245932638645 -0,734748959541321 2,39975047111511
HipRight 0,170518860220909 0,205049410462379 2,39348006248474
KneeRight 0,198725968599319 -0,313035070896149 2,46030306816101
AnkleRight 0,202225789427757 -0,65106463432312 2,46717572212219
FootRight 0,217571139335632 -0,737630307674408 2,40485239028931

