HipCenter 0,0965374559164047 0,275464296340942 2,39768552780151
Spine 0,0925214067101479 0,344236522912979 2,45031261444092
ShoulderCenter 0,0880355834960938 0,721028685569763 2,43428134918213
Head 0,0780326500535011 0,896979689598084 2,41145300865173
ShoulderLeft -0,0778913795948029 0,60799640417099 2,40963697433472
ElbowLeft -0,242540955543518 0,444587886333466 2,31246423721313
WristLeft -0,375056445598602 0,323906242847443 2,15996551513672
HandLeft -0,411560952663422 0,301759541034698 2,09801173210144
ShoulderRight 0,249438494443893 0,59782463312149 2,42561101913452
ElbowRight 0,321951419115067 0,333231419324875 2,44844770431519
WristRight 0,326956212520599 0,108715802431107 2,40474843978882
HandRight 0,329816401004791 0,0418835058808327 2,40255403518677
HipLeft 0,024010194465518 0,201358482241631 2,38637590408325
KneeLeft 0,000550316879525781 -0,312621206045151 2,46212983131409
AnkleLeft 0,00408684648573399 -0,66328889131546 2,46314263343811
FootLeft -0,0181109197437763 -0,734737157821655 2,39665937423706
HipRight 0,171557530760765 0,201982438564301 2,39210653305054
KneeRight 0,197726860642433 -0,312671601772308 2,45965528488159
AnkleRight 0,201039910316467 -0,651663184165955 2,46699190139771
FootRight 0,216835618019104 -0,736092269420624 2,40398359298706

