HipCenter 0,100504092872143 0,277116924524307 2,39607930183411
Spine 0,0946966260671616 0,344718754291534 2,45033955574036
ShoulderCenter 0,0951841473579407 0,7210373878479 2,43718957901001
Head 0,0825596153736115 0,898866713047028 2,41482639312744
ShoulderLeft -0,0788522362709045 0,6121706366539 2,39732885360718
ElbowLeft -0,298180639743805 0,62903881072998 2,2244884967804
WristLeft -0,449163854122162 0,720283985137939 2,05685973167419
HandLeft -0,492674827575684 0,754679024219513 2,01447534561157
ShoulderRight 0,255596816539764 0,601398468017578 2,42829561233521
ElbowRight 0,323855459690094 0,336511731147766 2,44526958465576
WristRight 0,330283343791962 0,112194702029228 2,39869976043701
HandRight 0,331584721803665 0,0437763929367065 2,3849196434021
HipLeft 0,0266970209777355 0,201402857899666 2,38378477096558
KneeLeft 0,00114335305988789 -0,312573492527008 2,45882558822632
AnkleLeft 0,00360793573781848 -0,664812803268433 2,46191573143005
FootLeft -0,0181415900588036 -0,736546576023102 2,4010751247406
HipRight 0,176089599728584 0,203365013003349 2,39041066169739
KneeRight 0,202332153916359 -0,308166146278381 2,45833086967468
AnkleRight 0,201620995998383 -0,646324515342712 2,46677088737488
FootRight 0,219120666384697 -0,735891819000244 2,4031925201416

