HipCenter 0,10769497603178 0,0829175561666489 2,50170183181763
Spine 0,114560149610043 0,143506735563278 2,56338596343994
ShoulderCenter 0,124779298901558 0,515820145606995 2,58033776283264
Head 0,135899677872658 0,693652629852295 2,58573150634766
ShoulderLeft -0,0225265026092529 0,431039422750473 2,53478693962097
ElbowLeft -0,217338591814041 0,458566606044769 2,34473466873169
WristLeft -0,446881830692291 0,475507318973541 2,189208984375
HandLeft -0,485934287309647 0,48676586151123 2,16860699653625
ShoulderRight 0,256689459085464 0,392555236816406 2,50381994247437
ElbowRight 0,159161642193794 0,270284354686737 2,32221722602844
WristRight 0,000787809491157532 0,198128551244736 2,17749214172363
HandRight -0,0635230466723442 0,159830987453461 2,13471961021423
HipLeft 0,0458310134708881 0,0249328762292862 2,49187135696411
KneeLeft 0,0040290099568665 -0,492867797613144 2,45638012886047
AnkleLeft -0,0067903520539403 -0,814471960067749 2,4684145450592
FootLeft -0,0157451927661896 -0,905227303504944 2,41902661323547
HipRight 0,164996162056923 0,0179564692080021 2,48470401763916
KneeRight 0,204232513904572 -0,505802512168884 2,47033095359802
AnkleRight 0,23372957110405 -0,841685771942139 2,47227072715759
FootRight 0,231083154678345 -0,918274521827698 2,43096446990967

