HipCenter 0,110739096999168 0,341276854276657 2,64214181900024
Spine 0,107641734182835 0,408526390790939 2,69995498657227
ShoulderCenter 0,132376566529274 0,786667823791504 2,68993210792542
Head 0,138948917388916 0,964248180389404 2,64298367500305
ShoulderLeft -0,061966635286808 0,708469033241272 2,65712666511536
ElbowLeft -0,303983747959137 0,678323268890381 2,59657430648804
WristLeft -0,521498501300812 0,693325161933899 2,51891040802002
HandLeft -0,629910111427307 0,681740999221802 2,48812890052795
ShoulderRight 0,296620845794678 0,670438826084137 2,69700050354004
ElbowRight 0,333949625492096 0,398965358734131 2,67558646202087
WristRight 0,326319843530655 0,175927594304085 2,61957144737244
HandRight 0,316884964704514 0,0649478435516357 2,59885287284851
HipLeft 0,0279463976621628 0,263539552688599 2,62072491645813
KneeLeft -0,000456949666840956 -0,291796952486038 2,67278456687927
AnkleLeft 0,0367103107273579 -0,671161293983459 2,71335816383362
FootLeft 0,021320179104805 -0,744855523109436 2,64347124099731
HipRight 0,185584500432014 0,256872445344925 2,64091348648071
KneeRight 0,185892462730408 -0,297045856714249 2,68452715873718
AnkleRight 0,168268740177155 -0,671651363372803 2,71377348899841
FootRight 0,191829055547714 -0,748505115509033 2,64157009124756

