HipCenter 0,11263307929039 0,320763796567917 2,64575266838074
Spine 0,106738187372684 0,389089822769165 2,70285367965698
ShoulderCenter 0,124972186982632 0,769749999046326 2,68987035751343
Head 0,135066166520119 0,927028298377991 2,58454704284668
ShoulderLeft -0,0415858998894691 0,672608971595764 2,65130162239075
ElbowLeft -0,138082534074783 0,41255995631218 2,64044880867004
WristLeft -0,207143068313599 0,198037683963776 2,59710192680359
HandLeft -0,2214674949646 0,130459681153297 2,58191084861755
ShoulderRight 0,296057164669037 0,666065216064453 2,70172953605652
ElbowRight 0,328320533037186 0,396973013877869 2,68053436279297
WristRight 0,326827496290207 0,173178911209106 2,62685108184814
HandRight 0,318112164735794 0,0620087161660194 2,6091787815094
HipLeft 0,0354684665799141 0,24705970287323 2,62259960174561
KneeLeft 0,00110106670763344 -0,296000391244888 2,67574048042297
AnkleLeft 0,0361977554857731 -0,671290397644043 2,71449375152588
FootLeft 0,019549123942852 -0,743477046489716 2,64383006095886
HipRight 0,185540691018105 0,241158172488213 2,64877605438232
KneeRight 0,187684059143066 -0,298656642436981 2,68748044967651
AnkleRight 0,16856724023819 -0,670231640338898 2,71476054191589
FootRight 0,190974622964859 -0,748258054256439 2,64157581329346

