HipCenter 0,111143417656422 0,322018206119537 2,63978314399719
Spine 0,106122247874737 0,390924841165543 2,69768166542053
ShoulderCenter 0,12203973531723 0,779755115509033 2,69066166877747
Head 0,123862445354462 0,956174969673157 2,63502073287964
ShoulderLeft -0,0533135756850243 0,672605991363525 2,65583825111389
ElbowLeft -0,297635078430176 0,543171525001526 2,6114706993103
WristLeft -0,50351619720459 0,446989148855209 2,56501889228821
HandLeft -0,556185960769653 0,428906261920929 2,54898524284363
ShoulderRight 0,286663115024567 0,6673663854599 2,69839119911194
ElbowRight 0,331648141145706 0,397569060325623 2,6796395778656
WristRight 0,327995330095291 0,172065541148186 2,62279582023621
HandRight 0,316725105047226 0,0612711533904076 2,59780335426331
HipLeft 0,0338102355599403 0,246861889958382 2,61767840385437
KneeLeft 0,00119252456352115 -0,296067923307419 2,67167282104492
AnkleLeft 0,0405390821397305 -0,675946176052094 2,71362829208374
FootLeft 0,0172978173941374 -0,74424409866333 2,641437292099
HipRight 0,184961467981339 0,244070470333099 2,64031529426575
KneeRight 0,186375021934509 -0,298091143369675 2,68420743942261
AnkleRight 0,168037325143814 -0,672850906848907 2,71555185317993
FootRight 0,190362706780434 -0,747083067893982 2,64377784729004

