HipCenter 0,108961269259453 0,332171320915222 2,64101314544678
Spine 0,104528240859509 0,399523735046387 2,69875836372375
ShoulderCenter 0,122213788330555 0,781435191631317 2,68986296653748
Head 0,122056536376476 0,958905279636383 2,63968181610107
ShoulderLeft -0,0704080611467361 0,689265787601471 2,65490055084229
ElbowLeft -0,310953736305237 0,66107964515686 2,59520292282104
WristLeft -0,543650984764099 0,666017770767212 2,52757692337036
HandLeft -0,632698833942413 0,662246227264404 2,50535988807678
ShoulderRight 0,288013488054276 0,66773521900177 2,69765901565552
ElbowRight 0,330282479524612 0,398505300283432 2,679767370224
WristRight 0,326527208089828 0,173613503575325 2,62031316757202
HandRight 0,316133081912994 0,0622001811861992 2,59737014770508
HipLeft 0,0285322368144989 0,253825336694717 2,61901307106018
KneeLeft 0,00115354522131383 -0,293769508600235 2,67121028900146
AnkleLeft 0,0381128862500191 -0,672031044960022 2,71123480796814
FootLeft 0,0167138483375311 -0,744139552116394 2,64275550842285
HipRight 0,184852257370949 0,249100312590599 2,6403431892395
KneeRight 0,186207562685013 -0,297333776950836 2,68407106399536
AnkleRight 0,168296471238136 -0,671767175197601 2,71440005302429
FootRight 0,191370010375977 -0,747713983058929 2,64138197898865

