HipCenter 0,109704241156578 0,34274822473526 2,64086198806763
Spine 0,106306374073029 0,409538924694061 2,69856834411621
ShoulderCenter 0,132529929280281 0,786592066287994 2,68935751914978
Head 0,135607287287712 0,959842801094055 2,64491891860962
ShoulderLeft -0,0680994912981987 0,71452009677887 2,65432333946228
ElbowLeft -0,310141652822495 0,750025928020477 2,59208130836487
WristLeft -0,525984168052673 0,808067440986633 2,53145956993103
HandLeft -0,637859463691711 0,824681878089905 2,51832294464111
ShoulderRight 0,294051557779312 0,667077660560608 2,69676876068115
ElbowRight 0,331251233816147 0,400126844644547 2,6769597530365
WristRight 0,325210750102997 0,176200032234192 2,61882019042969
HandRight 0,316094964742661 0,0645648017525673 2,59834671020508
HipLeft 0,0263491366058588 0,264493465423584 2,6188952922821
KneeLeft -0,000924180436413735 -0,28987380862236 2,67114067077637
AnkleLeft 0,0363635085523129 -0,670310080051422 2,7125096321106
FootLeft 0,0192113779485226 -0,743689298629761 2,64104247093201
HipRight 0,184908956289291 0,257305383682251 2,63979983329773
KneeRight 0,185534760355949 -0,295455455780029 2,6838321685791
AnkleRight 0,169364273548126 -0,671138286590576 2,71511554718018
FootRight 0,193249225616455 -0,746675610542297 2,64167141914368

