HipCenter 0,106088481843472 0,150503426790237 2,67436957359314
Spine 0,115724101662636 0,223590210080147 2,71002316474915
ShoulderCenter 0,165468662977219 0,604557037353516 2,69559931755066
Head 0,175617769360542 0,778748512268066 2,72627925872803
ShoulderLeft -0,0146962301805615 0,617398619651794 2,73069596290588
ElbowLeft -0,134145617485046 0,78453803062439 2,64604473114014
WristLeft -0,206442654132843 0,998212814331055 2,61806344985962
HandLeft -0,238720744848251 1,05440008640289 2,59810042381287
ShoulderRight 0,295438021421433 0,435423761606216 2,71863102912903
ElbowRight 0,0671805292367935 0,467558473348618 2,51762175559998
WristRight -0,134544253349304 0,526583671569824 2,43134737014771
HandRight -0,19359427690506 0,537708461284637 2,39993476867676
HipLeft 0,0236827563494444 0,084726370871067 2,67058873176575
KneeLeft 0,00763261131942272 -0,465260714292526 2,69493436813354
AnkleLeft 0,0262245815247297 -0,82585871219635 2,6614875793457
FootLeft 0,00178504968062043 -0,904353022575378 2,5998272895813
HipRight 0,168322667479515 0,0666544660925865 2,66564130783081
KneeRight 0,22521285712719 -0,481788009405136 2,68716502189636
AnkleRight 0,232304036617279 -0,840693473815918 2,65653228759766
FootRight 0,234836965799332 -0,919101417064667 2,5785014629364

