HipCenter 0,104965373873711 0,141458123922348 2,67749691009521
Spine 0,12634864449501 0,214412167668343 2,71135902404785
ShoulderCenter 0,166433691978455 0,60230678319931 2,69897294044495
Head 0,169475585222244 0,777488946914673 2,73228144645691
ShoulderLeft -0,0146214384585619 0,614101767539978 2,738440990448
ElbowLeft -0,135018318891525 0,782203912734985 2,65794539451599
WristLeft -0,205611109733582 0,99243152141571 2,62608575820923
HandLeft -0,237000033259392 1,04990351200104 2,60855078697205
ShoulderRight 0,239993721246719 0,465814888477325 2,63669300079346
ElbowRight -0,00777755677700043 0,47844722867012 2,46135115623474
WristRight -0,207706168293953 0,547375857830048 2,41846752166748
HandRight -0,251988470554352 0,555096745491028 2,36772084236145
HipLeft 0,0273602940142155 0,0797789767384529 2,67410373687744
KneeLeft 0,00724857300519943 -0,464967310428619 2,69605708122253
AnkleLeft 0,0265750512480736 -0,825097143650055 2,66168808937073
FootLeft 0,00229827617295086 -0,903392910957336 2,60126757621765
HipRight 0,163119673728943 0,0634559988975525 2,6690559387207
KneeRight 0,225274503231049 -0,480720609426498 2,68734622001648
AnkleRight 0,230528518557549 -0,843327760696411 2,65676069259644
FootRight 0,234941095113754 -0,918986618518829 2,5819718837738

