HipCenter 0,12433622777462 0,0818115919828415 2,65364575386047
Spine 0,125878155231476 0,148808881640434 2,71155452728271
ShoulderCenter 0,127259805798531 0,532382667064667 2,71063041687012
Head 0,117417119443417 0,721266746520996 2,69800806045532
ShoulderLeft -0,0357151702046394 0,406923711299896 2,6971743106842
ElbowLeft -0,128685593605042 0,188059508800507 2,6502993106842
WristLeft -0,268129527568817 0,0126740597188473 2,51491117477417
HandLeft -0,353281557559967 -0,0276732966303825 2,47389483451843
ShoulderRight 0,289033532142639 0,407453924417496 2,68902969360352
ElbowRight 0,356419891119003 0,151729643344879 2,64207696914673
WristRight 0,343902736902237 -0,0505064129829407 2,55881524085999
HandRight 0,321841835975647 -0,129162162542343 2,51696419715881
HipLeft 0,050744641572237 0,00964024104177952 2,64091610908508
KneeLeft 0,0211935937404633 -0,483624041080475 2,68185496330261
AnkleLeft 0,0268903356045485 -0,83100152015686 2,65792036056519
FootLeft 0,000135850292281248 -0,9043949842453 2,59847378730774
HipRight 0,197763130068779 0,00901126302778721 2,64311456680298
KneeRight 0,23286160826683 -0,500682294368744 2,66822791099548
AnkleRight 0,232172578573227 -0,836426317691803 2,65853548049927
FootRight 0,230313643813133 -0,921854138374329 2,57781577110291

