HipCenter -0,0882780253887177 0,283806830644608 2,34258222579956
Spine -0,0700165033340454 0,384924203157425 2,40503001213074
ShoulderCenter -0,0737161040306091 0,934071063995361 2,41175413131714
Head 0,145490735769272 1,01016283035278 2,51969361305237
ShoulderLeft -0,139187172055244 0,732273101806641 2,25700449943542
ElbowLeft 0,0970825850963593 0,515610337257385 2,16536116600037
WristLeft 0,332605481147766 0,483531713485718 2,20525932312012
HandLeft 0,402784466743469 0,486895442008972 2,22054028511047
ShoulderRight -0,00898978020995855 0,617443144321442 2,20325446128845
ElbowRight 0,126612082123756 0,53579980134964 2,45864057540894
WristRight 0,375495553016663 0,470174521207809 2,56557846069336
HandRight 0,458456724882126 0,448299437761307 2,60633516311646
HipLeft -0,125390231609344 0,256269693374634 2,33992028236389
KneeLeft -0,0893467515707016 -0,277352452278137 2,29646301269531
AnkleLeft -0,112870782613754 -0,690944612026215 2,30758929252625
FootLeft -0,0264862924814224 -0,741610884666443 2,30306935310364
HipRight -0,0548804141581059 0,233352214097977 2,33219456672668
KneeRight 0,0097710257396102 -0,281242698431015 2,56139874458313
AnkleRight -0,0273033156991005 -0,598418176174164 2,56032013893127
FootRight 0,0339122340083122 -0,714391231536865 2,52570033073425

