HipCenter -0,0885360687971115 0,285310983657837 2,34200835227966
Spine -0,0721346065402031 0,385921984910965 2,40507125854492
ShoulderCenter -0,0737017914652824 0,934115648269653 2,41164541244507
Head 0,148845136165619 1,00661098957062 2,51225900650024
ShoulderLeft -0,133334189653397 0,739044606685638 2,25186014175415
ElbowLeft 0,100237250328064 0,517274439334869 2,16514706611633
WristLeft 0,345042407512665 0,484619498252869 2,20785284042358
HandLeft 0,415327548980713 0,488978624343872 2,22261166572571
ShoulderRight -0,00844327826052904 0,619163513183594 2,2037205696106
ElbowRight 0,127941235899925 0,53771299123764 2,45945715904236
WristRight 0,393574565649033 0,504692256450653 2,56598711013794
HandRight 0,482119023799896 0,493685334920883 2,60660982131958
HipLeft -0,125416368246078 0,258004933595657 2,33911371231079
KneeLeft -0,0896842405200005 -0,276946246623993 2,29605412483215
AnkleLeft -0,112697668373585 -0,690784335136414 2,30764484405518
FootLeft -0,0265943706035614 -0,741946876049042 2,30273938179016
HipRight -0,0550609230995178 0,235253766179085 2,33233261108398
KneeRight 0,00981989502906799 -0,281301409006119 2,56183910369873
AnkleRight -0,0272861011326313 -0,598392367362976 2,56032586097717
FootRight 0,0321167558431625 -0,715396165847778 2,52586722373962

