HipCenter -0,226458936929703 0,136794149875641 1,98863363265991
Spine -0,264922767877579 0,21489180624485 2,00980162620544
ShoulderCenter -0,287351191043854 0,629513442516327 2,00018739700317
Head -0,297893851995468 0,793340086936951 2,05404257774353
ShoulderLeft -0,307331204414368 0,492406785488129 1,92672944068909
ElbowLeft -0,353582441806793 0,337207496166229 1,8661036491394
WristLeft -0,131943330168724 0,32794776558876 1,89576613903046
HandLeft -0,0841260999441147 0,344171196222305 1,90172302722931
ShoulderRight -0,17566591501236 0,571179211139679 2,1231906414032
ElbowRight -0,27437624335289 0,429742097854614 1,95671355724335
WristRight -0,146606653928757 0,355004161596298 2,11601161956787
HandRight -0,144268661737442 0,30881005525589 2,18205499649048
HipLeft -0,253282248973846 0,103596523404121 1,98349928855896
KneeLeft -0,18797492980957 -0,343157887458801 1,95565724372864
AnkleLeft -0,25327742099762 -0,621423482894897 2,01466941833496
FootLeft -0,2205511033535 -0,700216352939606 2,04090046882629
HipRight -0,191814079880714 0,100166745483875 1,98984003067017
KneeRight -0,226324826478958 -0,276235371828079 1,95461785793304
AnkleRight -0,125817835330963 -0,491332978010178 1,94135868549347
FootRight -0,0651903077960014 -0,526141881942749 1,89675521850586

