HipCenter -0,211709067225456 0,150268688797951 1,99183189868927
Spine -0,252953618764877 0,223209947347641 2,0149142742157
ShoulderCenter -0,295405924320221 0,635931313037872 2,00272536277771
Head -0,222454085946083 0,779309570789337 2,0749146938324
ShoulderLeft -0,335613965988159 0,48681628704071 1,93048369884491
ElbowLeft -0,396809875965118 0,331169724464417 1,89766597747803
WristLeft -0,170253440737724 0,328096479177475 1,89683365821838
HandLeft -0,127236947417259 0,352597445249558 1,90694451332092
ShoulderRight -0,183720663189888 0,577597141265869 2,125727891922
ElbowRight -0,289414525032043 0,423921644687653 1,97530543804169
WristRight -0,16046042740345 0,355630338191986 2,13803720474243
HandRight -0,163680240511894 0,315657764673233 2,19748830795288
HipLeft -0,241748332977295 0,109363690018654 1,98744285106659
KneeLeft -0,192436903715134 -0,332616090774536 1,95562148094177
AnkleLeft -0,252860575914383 -0,62463241815567 2,01585149765015
FootLeft -0,221891477704048 -0,699826955795288 2,04025936126709
HipRight -0,165508732199669 0,118374928832054 1,9929963350296
KneeRight -0,222253441810608 -0,276416689157486 1,95604372024536
AnkleRight -0,122179590165615 -0,487338721752167 1,94451820850372
FootRight -0,0654407888650894 -0,521717846393585 1,89454293251038

