HipCenter 0,105044655501842 0,085443988442421 2,39463448524475
Spine 0,0996176227927208 0,145628958940506 2,45534634590149
ShoulderCenter 0,107087761163712 0,515648424625397 2,48232507705688
Head 0,111233666539192 0,68861186504364 2,48131084442139
ShoulderLeft -0,0418224222958088 0,402511090040207 2,44142031669617
ElbowLeft -0,231767773628235 0,436788558959961 2,22950148582459
WristLeft -0,365006685256958 0,490551292896271 2,04248070716858
HandLeft -0,402638018131256 0,50875848531723 1,99179697036743
ShoulderRight 0,266551941633224 0,370635062456131 2,47013092041016
ElbowRight 0,295613825321198 0,117369435727596 2,43431687355042
WristRight 0,318650007247925 -0,0990153327584267 2,36282777786255
HandRight 0,313279271125793 -0,195058926939964 2,33243274688721
HipLeft 0,0335529185831547 0,0215700380504131 2,36733341217041
KneeLeft -0,00165619479957968 -0,407036364078522 2,418297290802
AnkleLeft 0,0123426131904125 -0,812952995300293 2,41100072860718
FootLeft 0,0149997286498547 -0,912305235862732 2,34516453742981
HipRight 0,175994321703911 0,0121791968122125 2,39054226875305
KneeRight 0,183537438511848 -0,43583932518959 2,41433668136597
AnkleRight 0,206019505858421 -0,824347734451294 2,40928339958191
FootRight 0,201421484351158 -0,909731686115265 2,34315204620361

