HipCenter 0,102983467280865 0,0733025521039963 2,40366768836975
Spine 0,100022651255131 0,134478196501732 2,46460652351379
ShoulderCenter 0,102369822561741 0,509920477867126 2,49197936058044
Head 0,104119330644608 0,6832594871521 2,48788809776306
ShoulderLeft -0,0544217526912689 0,37704399228096 2,4568088054657
ElbowLeft -0,198678463697433 0,337169766426086 2,25957846641541
WristLeft -0,334595739841461 0,300189584493637 2,0597448348999
HandLeft -0,376260101795197 0,308250308036804 1,9923255443573
ShoulderRight 0,256591826677322 0,368529170751572 2,47199511528015
ElbowRight 0,295257866382599 0,105362862348557 2,4360499382019
WristRight 0,312813937664032 -0,119763180613518 2,36026811599731
HandRight 0,308113008737564 -0,207609713077545 2,33423376083374
HipLeft 0,0319381318986416 0,00531664909794927 2,37910389900208
KneeLeft -0,0022036456502974 -0,373605787754059 2,42371606826782
AnkleLeft 0,0158681813627481 -0,817495107650757 2,41064047813416
FootLeft 0,0121005270630121 -0,911104083061218 2,34388184547424
HipRight 0,17530557513237 0,00309640262275934 2,39685559272766
KneeRight 0,177746742963791 -0,382546931505203 2,40328073501587
AnkleRight 0,207876890897751 -0,833535432815552 2,41142439842224
FootRight 0,193932741880417 -0,909254372119904 2,3470938205719

