HipCenter 0,103085584938526 0,0730325877666473 2,40295314788818
Spine 0,098545141518116 0,134821489453316 2,46387004852295
ShoulderCenter 0,101708307862282 0,512958645820618 2,49071455001831
Head 0,10915295034647 0,686366021633148 2,48747324943542
ShoulderLeft -0,052150659263134 0,381234645843506 2,44881629943848
ElbowLeft -0,201497852802277 0,371475249528885 2,2519211769104
WristLeft -0,34350061416626 0,389472842216492 2,05418562889099
HandLeft -0,391859591007233 0,40523236989975 1,98158609867096
ShoulderRight 0,259788751602173 0,368957877159119 2,47325348854065
ElbowRight 0,291028201580048 0,103959314525127 2,43620252609253
WristRight 0,318014800548553 -0,139961004257202 2,35741376876831
HandRight 0,307308912277222 -0,210180968046188 2,33422446250916
HipLeft 0,0319269597530365 0,00609218794852495 2,37572479248047
KneeLeft -0,000580604013521224 -0,416454434394836 2,42880821228027
AnkleLeft 0,0140149872750044 -0,820008873939514 2,41228151321411
FootLeft 0,00807321351021528 -0,91213321685791 2,34090232849121
HipRight 0,17540816962719 0,00164598831906915 2,39741969108582
KneeRight 0,184875160455704 -0,450468182563782 2,4193639755249
AnkleRight 0,208215594291687 -0,823086082935333 2,41044926643372
FootRight 0,20736001431942 -0,913583159446716 2,34741020202637

