HipCenter 0,101339966058731 0,0806841030716896 2,39670348167419
Spine 0,0964370295405388 0,142072886228561 2,45732665061951
ShoulderCenter 0,102605700492859 0,516262114048004 2,48363566398621
Head 0,108266837894917 0,689340114593506 2,48039603233337
ShoulderLeft -0,0497944019734859 0,395769596099854 2,44189119338989
ElbowLeft -0,235194534063339 0,433845043182373 2,23338460922241
WristLeft -0,365067601203918 0,491772711277008 2,04463052749634
HandLeft -0,403805404901505 0,508107423782349 1,99266290664673
ShoulderRight 0,26163724064827 0,369590252637863 2,46790266036987
ElbowRight 0,292815208435059 0,108409479260445 2,43393421173096
WristRight 0,318816900253296 -0,108063593506813 2,36242985725403
HandRight 0,311409682035446 -0,204246073961258 2,33158349990845
HipLeft 0,029679648578167 0,0154049238190055 2,36963677406311
KneeLeft -0,00123120401985943 -0,430686354637146 2,43012166023254
AnkleLeft 0,0147922346368432 -0,822175621986389 2,41104173660278
FootLeft 0,00666444934904575 -0,910832464694977 2,34340381622314
HipRight 0,173003613948822 0,00690134521573782 2,39234352111816
KneeRight 0,179916024208069 -0,436871916055679 2,41442108154297
AnkleRight 0,204985201358795 -0,817290067672729 2,40921878814697
FootRight 0,201699286699295 -0,905586957931519 2,34088134765625

