HipCenter 0,178047686815262 0,297773599624634 2,34561038017273
Spine 0,165443509817123 0,367071717977524 2,40612983703613
ShoulderCenter 0,170319467782974 0,768873035907745 2,41027021408081
Head 0,197389543056488 0,971727132797241 2,33697128295898
ShoulderLeft 0,0119399148970842 0,638056874275208 2,33647847175598
ElbowLeft -0,0701840966939926 0,388694703578949 2,35921025276184
WristLeft -0,0860552787780762 0,430924594402313 2,03311562538147
HandLeft -0,117437802255154 0,466548204421997 1,94876945018768
ShoulderRight 0,356742590665817 0,6682208776474 2,4143967628479
ElbowRight 0,388317197561264 0,362337619066238 2,36373925209045
WristRight 0,37744727730751 0,111345238983631 2,29390287399292
HandRight 0,377512127161026 0,0417389124631882 2,27269721031189
HipLeft 0,100945025682449 0,219288155436516 2,30905175209045
KneeLeft 0,0699759721755981 -0,288570016622543 2,37207555770874
AnkleLeft 0,106446422636509 -0,663196265697479 2,4126079082489
FootLeft 0,0840544253587723 -0,731190085411072 2,35517907142639
HipRight 0,259210079908371 0,216556668281555 2,35568785667419
KneeRight 0,264313459396362 -0,299545168876648 2,37540936470032
AnkleRight 0,265775620937347 -0,676899909973145 2,39208984375
FootRight 0,287758141756058 -0,735808432102203 2,33564758300781

