HipCenter 0,177508816123009 0,296783655881882 2,34634733200073
Spine 0,165305405855179 0,366039872169495 2,40664768218994
ShoulderCenter 0,171138808131218 0,766296565532684 2,40854644775391
Head 0,191061124205589 0,971632599830627 2,33849239349365
ShoulderLeft 0,0116935865953565 0,640640556812286 2,34168291091919
ElbowLeft -0,0440152436494827 0,41053181886673 2,3544499874115
WristLeft -0,209563314914703 0,435528606176376 2,08908343315125
HandLeft -0,262292236089706 0,450722962617874 2,02888774871826
ShoulderRight 0,354836225509644 0,667263984680176 2,41781973838806
ElbowRight 0,392419099807739 0,382698982954025 2,36711025238037
WristRight 0,386175602674484 0,15608374774456 2,29501867294312
HandRight 0,37815073132515 0,0858310014009476 2,28421664237976
HipLeft 0,099469780921936 0,21857076883316 2,31061339378357
KneeLeft 0,0702522918581963 -0,292048364877701 2,3749794960022
AnkleLeft 0,106624722480774 -0,665458679199219 2,41161870956421
FootLeft 0,083247497677803 -0,732701539993286 2,35298919677734
HipRight 0,257447212934494 0,215085297822952 2,35771512985229
KneeRight 0,264400392770767 -0,301386088132858 2,37762761116028
AnkleRight 0,26574632525444 -0,678086161613464 2,39458155632019
FootRight 0,287519872188568 -0,738842248916626 2,33846592903137

