HipCenter 0,177841454744339 0,297021359205246 2,34675931930542
Spine 0,165998682379723 0,366484820842743 2,40711331367493
ShoulderCenter 0,171893551945686 0,767458617687225 2,40881037712097
Head 0,198595017194748 0,973514437675476 2,34140372276306
ShoulderLeft 0,0131635395810008 0,640162229537964 2,34237480163574
ElbowLeft -0,0822767615318298 0,427245587110519 2,30749702453613
WristLeft -0,214568734169006 0,434749066829681 2,09456062316895
HandLeft -0,27419176697731 0,449580520391464 2,03383374214172
ShoulderRight 0,357003897428513 0,666079580783844 2,41655135154724
ElbowRight 0,392988204956055 0,385967254638672 2,36718940734863
WristRight 0,386550515890121 0,159841999411583 2,29491925239563
HandRight 0,377586007118225 0,0851716101169586 2,28307771682739
HipLeft 0,0997053012251854 0,218957781791687 2,31146311759949
KneeLeft 0,0704679042100906 -0,291114658117294 2,37467217445374
AnkleLeft 0,106655836105347 -0,665100693702698 2,41320705413818
FootLeft 0,0849543139338493 -0,730717182159424 2,35678029060364
HipRight 0,257933408021927 0,215435817837715 2,35752272605896
KneeRight 0,264570713043213 -0,300842344760895 2,37785148620605
AnkleRight 0,26660880446434 -0,678370535373688 2,39497661590576
FootRight 0,287400513887405 -0,73849081993103 2,33910274505615

