HipCenter 0,178198233246803 0,297399163246155 2,34698605537415
Spine 0,166629374027252 0,366967260837555 2,40735673904419
ShoulderCenter 0,172751620411873 0,768068432807922 2,40892124176025
Head 0,199223861098289 0,972276210784912 2,3379373550415
ShoulderLeft 0,013648291118443 0,640125155448914 2,34271264076233
ElbowLeft -0,066026583313942 0,394251644611359 2,37625861167908
WristLeft -0,21577961742878 0,43353945016861 2,09795951843262
HandLeft -0,280437678098679 0,447486847639084 2,03579187393188
ShoulderRight 0,35821196436882 0,666185021400452 2,41582727432251
ElbowRight 0,393422782421112 0,381325632333755 2,36625814437866
WristRight 0,386371284723282 0,155538380146027 2,29351902008057
HandRight 0,377605140209198 0,0850410014390945 2,28269052505493
HipLeft 0,0999668166041374 0,219316512346268 2,31203126907349
KneeLeft 0,0708010643720627 -0,290620446205139 2,37458515167236
AnkleLeft 0,105758920311928 -0,663880825042725 2,41259384155273
FootLeft 0,0852397456765175 -0,7300945520401 2,35646939277649
HipRight 0,258431077003479 0,21591529250145 2,35704278945923
KneeRight 0,2647705078125 -0,300726860761642 2,37791085243225
AnkleRight 0,266726553440094 -0,678272247314453 2,39513731002808
FootRight 0,286805152893066 -0,738221108913422 2,33900952339172

