HipCenter 0,17821504175663 0,297425717115402 2,34699606895447
Spine 0,166669070720673 0,367002487182617 2,40736389160156
ShoulderCenter 0,172801867127419 0,768095374107361 2,40889048576355
Head 0,199348866939545 0,97225546836853 2,33783340454102
ShoulderLeft 0,0136923668906093 0,640172004699707 2,34270215034485
ElbowLeft -0,0677573531866074 0,417390018701553 2,3441846370697
WristLeft -0,216142177581787 0,433573663234711 2,0982403755188
HandLeft -0,281295239925385 0,447466731071472 2,03625226020813
ShoulderRight 0,358409404754639 0,666181802749634 2,41572713851929
ElbowRight 0,393519878387451 0,382600516080856 2,36648964881897
WristRight 0,386379033327103 0,156840741634369 2,293869972229
HandRight 0,377590596675873 0,0850112736225128 2,28266835212708
HipLeft 0,09995998442173 0,219340488314629 2,31206655502319
KneeLeft 0,0708241611719131 -0,291042923927307 2,37472748756409
AnkleLeft 0,105510212481022 -0,664732396602631 2,41159534454346
FootLeft 0,0855570957064629 -0,730225741863251 2,3563539981842
HipRight 0,25846740603447 0,215940788388252 2,35700607299805
KneeRight 0,264780133962631 -0,300763607025146 2,37793254852295
AnkleRight 0,266800135374069 -0,678346395492554 2,39530253410339
FootRight 0,286841690540314 -0,738057196140289 2,33926749229431

