HipCenter 0,181010067462921 0,295978277921677 2,34510374069214
Spine 0,164746806025505 0,364450633525848 2,40511107444763
ShoulderCenter 0,166940152645111 0,762953519821167 2,40903925895691
Head 0,191876277327538 0,974145472049713 2,3510639667511
ShoulderLeft 0,0206681024283171 0,644465446472168 2,33660817146301
ElbowLeft -0,0596188865602016 0,386803776025772 2,30904531478882
WristLeft -0,038868885487318 0,447548419237137 1,9848438501358
HandLeft -0,0348028689622879 0,472290992736816 1,89780712127686
ShoulderRight 0,354832649230957 0,670263350009918 2,43074560165405
ElbowRight 0,393362820148468 0,375353157520294 2,38130593299866
WristRight 0,387117177248001 0,149942263960838 2,3057496547699
HandRight 0,382295817136765 0,0879956483840942 2,29315185546875
HipLeft 0,105985343456268 0,218142807483673 2,30354070663452
KneeLeft 0,0709760710597038 -0,291895627975464 2,37319254875183
AnkleLeft 0,106216832995415 -0,662605464458466 2,41264986991882
FootLeft 0,086103118956089 -0,730515956878662 2,35986065864563
HipRight 0,260229647159576 0,214544966816902 2,35995960235596
KneeRight 0,265256017446518 -0,303310692310333 2,37719869613647
AnkleRight 0,266818284988403 -0,677737295627594 2,3952009677887
FootRight 0,287242114543915 -0,737827777862549 2,33943700790405

