HipCenter -0,0243294835090637 0,208860889077187 2,39430737495422
Spine -0,00988926831632853 0,27551132440567 2,44146132469177
ShoulderCenter -0,0211402904242277 0,637736856937408 2,42889738082886
Head -0,053535595536232 0,796444475650787 2,45766162872314
ShoulderLeft -0,150474235415459 0,570633828639984 2,45613980293274
ElbowLeft 0,0388982445001602 0,544559001922607 2,28589677810669
WristLeft 0,136866480112076 0,364807188510895 2,31101942062378
HandLeft 0,0722337067127228 0,31096425652504 2,30696177482605
ShoulderRight 0,101146876811981 0,52607798576355 2,3717052936554
ElbowRight 0,116668559610844 0,354287415742874 2,30541253089905
WristRight 0,0691810846328735 0,51780903339386 2,24316811561584
HandRight 0,0078379288315773 0,520228683948517 2,23286652565002
HipLeft -0,0843494534492493 0,149868667125702 2,3968551158905
KneeLeft -0,0834030359983444 -0,317227095365524 2,36499333381653
AnkleLeft -0,0449325405061245 -0,634506404399872 2,47571063041687
FootLeft -0,0668090730905533 -0,667359411716461 2,40746545791626
HipRight 0,0347790420055389 0,152942568063736 2,37922811508179
KneeRight 0,088561587035656 -0,296848297119141 2,36067962646484
AnkleRight 0,0754007622599602 -0,629979252815247 2,46164798736572
FootRight 0,0535242259502411 -0,662832260131836 2,39340281486511

