HipCenter -0,026060139760375 0,20838226377964 2,39528369903564
Spine -0,0120274284854531 0,276358872652054 2,44176006317139
ShoulderCenter -0,0270167626440525 0,643790423870087 2,42832398414612
Head -0,056381817907095 0,797639429569244 2,45733952522278
ShoulderLeft -0,150919780135155 0,567856729030609 2,45517826080322
ElbowLeft 0,0230680555105209 0,523752450942993 2,29722285270691
WristLeft 0,0646013617515564 0,351771205663681 2,36546325683594
HandLeft 0,000236578285694122 0,298151642084122 2,36142230033875
ShoulderRight 0,0970427617430687 0,543255269527435 2,37204027175903
ElbowRight 0,115035623311996 0,367528319358826 2,31028914451599
WristRight 0,0577540136873722 0,523906886577606 2,22814345359802
HandRight -0,00333469733595848 0,526316404342651 2,21788430213928
HipLeft -0,0852869674563408 0,149002194404602 2,39892625808716
KneeLeft -0,0828958824276924 -0,318873852491379 2,36675882339478
AnkleLeft -0,0451444573700428 -0,634578824043274 2,4756817817688
FootLeft -0,0211446024477482 -0,695583283901215 2,47387409210205
HipRight 0,0335173085331917 0,153369143605232 2,37927961349487
KneeRight 0,0866401866078377 -0,302066326141357 2,36210346221924
AnkleRight 0,0739028453826904 -0,62745600938797 2,4594841003418
FootRight 0,0519513227045536 -0,659754157066345 2,39294362068176

