HipCenter -0,0287988092750311 0,201448395848274 2,39197874069214
Spine -0,0160588156431913 0,271245986223221 2,44052982330322
ShoulderCenter -0,03025097027421 0,646617591381073 2,42735195159912
Head -0,0551209300756454 0,798884391784668 2,45799541473389
ShoulderLeft -0,149978175759315 0,566579282283783 2,45115661621094
ElbowLeft 0,0330988764762878 0,53215229511261 2,27362728118896
WristLeft 0,131164848804474 0,349540144205093 2,29486274719238
HandLeft 0,0672733709216118 0,296314865350723 2,29085111618042
ShoulderRight 0,101031020283699 0,526352763175964 2,377277135849
ElbowRight 0,114174477756023 0,356630563735962 2,30089235305786
WristRight 0,0498762875795364 0,507873833179474 2,22044920921326
HandRight -0,0107633806765079 0,510265648365021 2,21026635169983
HipLeft -0,088684119284153 0,142264306545258 2,39516687393188
KneeLeft -0,0850657597184181 -0,320334553718567 2,36161541938782
AnkleLeft -0,0433762259781361 -0,633472442626953 2,4769299030304
FootLeft -0,0620477385818958 -0,665124952793121 2,41068267822266
HipRight 0,0308521762490273 0,144421651959419 2,37636804580688
KneeRight 0,0873569250106812 -0,30305615067482 2,35712337493896
AnkleRight 0,0719367563724518 -0,62838888168335 2,45874619483948
FootRight 0,053265243768692 -0,660041391849518 2,39249897003174

