HipCenter -0,030986150726676 0,203761175274849 2,39240288734436
Spine -0,0175829268991947 0,273290246725082 2,44103050231934
ShoulderCenter -0,0319689959287643 0,649690628051758 2,42630338668823
Head -0,0629760026931763 0,797939538955688 2,45773959159851
ShoulderLeft -0,152623653411865 0,566578149795532 2,45267248153687
ElbowLeft 0,0323411971330643 0,531735479831696 2,27335953712463
WristLeft 0,128412336111069 0,34948068857193 2,29616618156433
HandLeft 0,0646314769983292 0,296347498893738 2,29216241836548
ShoulderRight 0,100613728165627 0,514139235019684 2,3719220161438
ElbowRight 0,120958507061005 0,341842174530029 2,30003809928894
WristRight 0,0646738559007645 0,507493078708649 2,2467348575592
HandRight 0,0041392408311367 0,509880840778351 2,23656940460205
HipLeft -0,090790219604969 0,143902853131294 2,39632964134216
KneeLeft -0,0845239609479904 -0,31975331902504 2,36322975158691
AnkleLeft -0,0446490235626698 -0,631744384765625 2,47569108009338
FootLeft -0,0646096169948578 -0,663561463356018 2,40960788726807
HipRight 0,0292715821415186 0,146122545003891 2,37604212760925
KneeRight 0,0872319042682648 -0,299227595329285 2,35858035087585
AnkleRight 0,07171880453825 -0,623507380485535 2,45570611953735
FootRight 0,0517582148313522 -0,655324459075928 2,38962292671204

