HipCenter -0,0288891140371561 0,201638802886009 2,39105844497681
Spine -0,015717251226306 0,273316830396652 2,43680930137634
ShoulderCenter -0,0267774350941181 0,650008082389832 2,42399477958679
Head -0,0535797476768494 0,797985792160034 2,45240354537964
ShoulderLeft -0,149998381733894 0,567409515380859 2,45225358009338
ElbowLeft 0,0329655557870865 0,538738667964935 2,26722288131714
WristLeft 0,133267506957054 0,357548207044601 2,28413701057434
HandLeft 0,0695647671818733 0,304480135440826 2,28013777732849
ShoulderRight 0,0998846590518951 0,523925542831421 2,37324047088623
ElbowRight 0,115887895226479 0,353049010038376 2,29152750968933
WristRight 0,064757376909256 0,519703686237335 2,23163890838623
HandRight 0,00429701060056686 0,522088468074799 2,22148513793945
HipLeft -0,0911099538207054 0,141347050666809 2,39910221099854
KneeLeft -0,0842727199196815 -0,31832829117775 2,36295795440674
AnkleLeft -0,0441713072359562 -0,629853785037994 2,47555541992188
FootLeft -0,064310297369957 -0,661881029605865 2,40907955169678
HipRight 0,0318204611539841 0,143405541777611 2,37102007865906
KneeRight 0,088780015707016 -0,299442082643509 2,356929063797
AnkleRight 0,0742265433073044 -0,631989061832428 2,46453905105591
FootRight 0,0540875568985939 -0,664016306400299 2,39806318283081

