HipCenter -0,0315123498439789 0,201177582144737 2,38853549957275
Spine -0,0182071253657341 0,271807819604874 2,43617868423462
ShoulderCenter -0,0268642939627171 0,666806817054749 2,42044520378113
Head -0,0656243115663528 0,810724437236786 2,44748115539551
ShoulderLeft -0,151651382446289 0,565707087516785 2,44741892814636
ElbowLeft 0,0325240045785904 0,537146508693695 2,26074862480164
WristLeft 0,13164147734642 0,356235563755035 2,27849960327148
HandLeft 0,0680129006505013 0,303229302167892 2,27450466156006
ShoulderRight 0,0969532430171967 0,523578286170959 2,37131881713867
ElbowRight 0,118028365075588 0,351988077163696 2,28880214691162
WristRight 0,0336991772055626 0,504966497421265 2,22486972808838
HandRight -0,0266910120844841 0,507348537445068 2,21472907066345
HipLeft -0,0916339382529259 0,140908345580101 2,39559388160706
KneeLeft -0,0853231027722359 -0,315670758485794 2,35969758033752
AnkleLeft -0,0440949462354183 -0,629816055297852 2,476646900177
FootLeft -0,063843846321106 -0,6621955037117 2,40948081016541
HipRight 0,0283155292272568 0,144726723432541 2,36936020851135
KneeRight 0,0875345021486282 -0,298654496669769 2,35504937171936
AnkleRight 0,0727886259555817 -0,631362438201904 2,46283578872681
FootRight 0,0530397295951843 -0,663741886615753 2,39566969871521

