HipCenter -0,0313671417534351 0,200053885579109 2,38843488693237
Spine -0,018456107005477 0,269923090934753 2,43589663505554
ShoulderCenter -0,031092906370759 0,650334417819977 2,42268824577332
Head -0,0618925653398037 0,796321153640747 2,45085096359253
ShoulderLeft -0,151463598012924 0,564101755619049 2,44789814949036
ElbowLeft 0,0329312682151794 0,535507321357727 2,26102876663208
WristLeft 0,131829008460045 0,354630410671234 2,27896761894226
HandLeft 0,0682147890329361 0,301636099815369 2,27497339248657
ShoulderRight 0,0987011790275574 0,518754065036774 2,37100768089294
ElbowRight 0,119088225066662 0,347426891326904 2,28676199913025
WristRight 0,0369209721684456 0,503506243228912 2,22823810577393
HandRight -0,0234555564820766 0,505887746810913 2,21809935569763
HipLeft -0,0920334607362747 0,140763983130455 2,39584589004517
KneeLeft -0,0853714272379875 -0,314056515693665 2,35843515396118
AnkleLeft -0,0445098020136356 -0,631355404853821 2,47666597366333
FootLeft -0,0642448738217354 -0,663679242134094 2,40932846069336
HipRight 0,0296919029206038 0,142246216535568 2,36836791038513
KneeRight 0,0891258344054222 -0,297899335622787 2,35450196266174
AnkleRight 0,0722372606396675 -0,631427764892578 2,46133303642273
FootRight 0,0525021925568581 -0,663751602172852 2,39399552345276

