HipCenter -0,0282625816762447 0,201708063483238 2,39159488677979
Spine -0,014721954241395 0,276114791631699 2,4350574016571
ShoulderCenter -0,018331203609705 0,675146222114563 2,42075157165527
Head -0,0597474053502083 0,81960666179657 2,44957876205444
ShoulderLeft -0,147072166204453 0,566679716110229 2,45316076278687
ElbowLeft 0,0385591983795166 0,53861403465271 2,26460814476013
WristLeft 0,134485274553299 0,35840916633606 2,28494119644165
HandLeft 0,070985347032547 0,3055100440979 2,28095507621765
ShoulderRight 0,106335937976837 0,507290840148926 2,37197065353394
ElbowRight 0,118551470339298 0,333560109138489 2,28805088996887
WristRight 0,043407529592514 0,49683004617691 2,23770523071289
HandRight -0,0168605037033558 0,49920728802681 2,22758483886719
HipLeft -0,0900155752897263 0,141942262649536 2,39801979064941
KneeLeft -0,0818602666258812 -0,321281105279922 2,36546015739441
AnkleLeft -0,0419757552444935 -0,633065521717072 2,476313829422
FootLeft -0,0625026375055313 -0,665919423103333 2,40851807594299
HipRight 0,0309726912528276 0,142034992575645 2,37432169914246
KneeRight 0,089035265147686 -0,305098503828049 2,35947012901306
AnkleRight 0,0745239406824112 -0,63304340839386 2,46227502822876
FootRight 0,0539970584213734 -0,665897309780121 2,39447927474976

