HipCenter -0,0280052125453949 0,203217223286629 2,39192318916321
Spine -0,0152996806427836 0,277117878198624 2,4354612827301
ShoulderCenter -0,0179935470223427 0,674574553966522 2,42091226577759
Head -0,0595480352640152 0,819020330905914 2,44971418380737
ShoulderLeft -0,147266536951065 0,566658914089203 2,45318460464478
ElbowLeft 0,0383750349283218 0,538601040840149 2,26458811759949
WristLeft 0,13423465192318 0,358408898115158 2,28496909141541
HandLeft 0,0707358568906784 0,305510729551315 2,28098297119141
ShoulderRight 0,103719592094421 0,539733588695526 2,38148784637451
ElbowRight 0,116625912487507 0,365346223115921 2,29964971542358
WristRight 0,0241455361247063 0,506745219230652 2,21466898918152
HandRight -0,036121416836977 0,509122431278229 2,20454883575439
HipLeft -0,0895276814699173 0,143984541296959 2,39802598953247
KneeLeft -0,0818639844655991 -0,321199297904968 2,36551022529602
AnkleLeft -0,0417809709906578 -0,633744120597839 2,47759628295898
FootLeft -0,0608924739062786 -0,666606068611145 2,4093816280365
HipRight 0,0310181379318237 0,144635766744614 2,37525868415833
KneeRight 0,088986724615097 -0,304833829402924 2,35942602157593
AnkleRight 0,074600376188755 -0,63318133354187 2,46208381652832
FootRight 0,0554888732731342 -0,666043281555176 2,39386916160584

