HipCenter -0,0284959524869919 0,202442735433578 2,3932147026062
Spine -0,014987607486546 0,275634437799454 2,43914198875427
ShoulderCenter -0,0249802060425282 0,659674763679504 2,42566752433777
Head -0,0565790683031082 0,807168185710907 2,45275044441223
ShoulderLeft -0,148954272270203 0,565764546394348 2,4552915096283
ElbowLeft 0,0370230823755264 0,537841975688934 2,26619076728821
WristLeft 0,132202953100204 0,357806265354156 2,28709816932678
HandLeft 0,0687385275959969 0,304936677217484 2,28311371803284
ShoulderRight 0,103309035301208 0,514852941036224 2,37718558311462
ElbowRight 0,118240535259247 0,340215653181076 2,29527640342712
WristRight 0,0553495809435844 0,509577929973602 2,24739933013916
HandRight -0,00488468632102013 0,511953830718994 2,23728394508362
HipLeft -0,0904628410935402 0,142505213618279 2,40071630477905
KneeLeft -0,0821201428771019 -0,320459097623825 2,36612987518311
AnkleLeft -0,0416827015578747 -0,633668720722198 2,47854733467102
FootLeft -0,0616989433765411 -0,666451215744019 2,41042494773865
HipRight 0,0318676419556141 0,143574714660645 2,37500929832459
KneeRight 0,087602786719799 -0,304141998291016 2,36060190200806
AnkleRight 0,0719714462757111 -0,62882673740387 2,4615330696106
FootRight 0,0519552081823349 -0,66160923242569 2,39341068267822

