HipCenter -0,0291994977742434 0,203703910112381 2,39193201065063
Spine -0,0173658989369869 0,274442225694656 2,4343147277832
ShoulderCenter -0,0318610146641731 0,650364935398102 2,42171311378479
Head -0,060800913721323 0,798684120178223 2,45036673545837
ShoulderLeft -0,151658341288567 0,563985884189606 2,45018267631531
ElbowLeft 0,0353181660175323 0,535922229290009 2,26015210151672
WristLeft 0,12947028875351 0,35604327917099 2,28194069862366
HandLeft 0,0660691931843758 0,303226590156555 2,27796006202698
ShoulderRight 0,0963336154818535 0,525396347045898 2,37256503105164
ElbowRight 0,120530888438225 0,349434345960617 2,29489254951477
WristRight 0,0536873787641525 0,517310976982117 2,24216485023499
HandRight -0,00648680701851845 0,519684672355652 2,2320601940155
HipLeft -0,0891021862626076 0,14257425069809 2,39893627166748
KneeLeft -0,0832152515649796 -0,316927790641785 2,36348295211792
AnkleLeft -0,0436979867517948 -0,631606340408325 2,47671937942505
FootLeft -0,0643422976136208 -0,664643824100494 2,40860843658447
HipRight 0,0307738482952118 0,147950947284698 2,37391805648804
KneeRight 0,0894969999790192 -0,296362489461899 2,35844302177429
AnkleRight 0,0738561376929283 -0,630510568618774 2,46542024612427
FootRight 0,0532118231058121 -0,663548052310944 2,39730930328369

