HipCenter -0,0267918147146702 0,195868283510208 2,39532876014709
Spine -0,0263881254941225 0,2528315782547 2,44506049156189
ShoulderCenter -0,0232046023011208 0,556368887424469 2,44425559043884
Head -0,0502380952239037 0,758708596229553 2,4617280960083
ShoulderLeft -0,141022562980652 0,571569621562958 2,43464303016663
ElbowLeft 0,0376583859324455 0,50575315952301 2,25773143768311
WristLeft 0,0791916623711586 0,333771944046021 2,32564473152161
HandLeft 0,0158068016171455 0,28096866607666 2,32166528701782
ShoulderRight 0,120399482548237 0,54654848575592 2,43623852729797
ElbowRight 0,112987399101257 0,38388130068779 2,2938551902771
WristRight 0,0250062420964241 0,538378119468689 2,22941708564758
HandRight -0,0351525023579597 0,540750980377197 2,21931433677673
HipLeft -0,0925259813666344 0,135463893413544 2,40291213989258
KneeLeft -0,0833480581641197 -0,316165864467621 2,36300587654114
AnkleLeft -0,0435003004968166 -0,629359781742096 2,47549629211426
FootLeft -0,0421675071120262 -0,661289632320404 2,40369653701782
HipRight 0,0375664494931698 0,136084541678429 2,37202787399292
KneeRight 0,0899742990732193 -0,296147257089615 2,35865163803101
AnkleRight 0,0729749128222466 -0,629820942878723 2,46232175827026
FootRight 0,0743077099323273 -0,661750793457031 2,39052200317383

