HipCenter -0,0247575584799051 0,208296552300453 2,39394044876099
Spine -0,0101712662726641 0,275628745555878 2,44001626968384
ShoulderCenter -0,0199909210205078 0,637863576412201 2,42635250091553
Head -0,0524799525737762 0,796816051006317 2,4552583694458
ShoulderLeft -0,14847294986248 0,569500684738159 2,45524168014526
ElbowLeft 0,0415731370449066 0,548297584056854 2,28673434257507
WristLeft 0,137976720929146 0,37019470334053 2,31370449066162
HandLeft 0,0733073428273201 0,316321283578873 2,3096444606781
ShoulderRight 0,103746995329857 0,515571236610413 2,36888861656189
ElbowRight 0,116502426564693 0,343970000743866 2,3040406703949
WristRight 0,0705624222755432 0,508738279342651 2,24743294715881
HandRight 0,00918447598814964 0,511159300804138 2,23712587356567
HipLeft -0,0859766006469727 0,14921860396862 2,39758515357971
KneeLeft -0,0826934352517128 -0,31896510720253 2,36581468582153
AnkleLeft -0,0453224740922451 -0,634508550167084 2,47545337677002
FootLeft -0,067353866994381 -0,667357921600342 2,40746974945068
HipRight 0,0349524542689323 0,150193825364113 2,3784384727478
KneeRight 0,0866025313735008 -0,30066043138504 2,36191010475159
AnkleRight 0,0746846348047256 -0,631537258625031 2,46146941184998
FootRight 0,0526532381772995 -0,664386630058289 2,39348578453064

