HipCenter -0,000554106314666569 0,204676061868668 1,99346566200256
Spine -0,00761785171926022 0,254491358995438 1,98576462268829
ShoulderCenter -0,0417841598391533 0,50935685634613 1,96515822410583
Head -0,162164807319641 0,672475457191467 1,87478470802307
ShoulderLeft -0,214314714074135 0,399540185928345 1,98664057254791
ElbowLeft 0,101053521037102 0,425128757953644 1,91077792644501
WristLeft 0,414391756057739 0,486250251531601 1,92515969276428
HandLeft 0,518837809562683 0,506624102592468 1,93426060676575
ShoulderRight 0,130489036440849 0,448112905025482 2,27247023582459
ElbowRight 0,366957575082779 0,440935879945755 2,25791716575623
WristRight 0,377015799283981 0,398236453533173 1,93766617774963
HandRight 0,380368530750275 0,384003311395645 1,83522284030914
HipLeft -0,0896771997213364 0,122508272528648 2,01118016242981
KneeLeft 0,0273996070027351 -0,304694175720215 1,98372113704681
AnkleLeft -0,0208284500986338 -0,672090709209442 2,011225938797
FootLeft 0,0647348761558533 -0,734655499458313 2,00993752479553
HipRight 0,10759799182415 0,135688692331314 1,98417603969574
KneeRight -0,0282991304993629 -0,356952756643295 2,20408010482788
AnkleRight 0,0643536299467087 -0,657653748989105 2,16037344932556
FootRight 0,131865784525871 -0,738423883914948 2,19642782211304

