HipCenter 0,0226980559527874 0,224997252225876 1,99176049232483
Spine 0,0237010307610035 0,280023008584976 1,98658585548401
ShoulderCenter 0,0274449735879898 0,556775271892548 1,97603809833527
Head -0,135569453239441 0,676874995231628 1,89005088806152
ShoulderLeft -0,145085573196411 0,44695857167244 1,99752104282379
ElbowLeft 0,161520063877106 0,430521309375763 1,89513254165649
WristLeft -0,0699471682310104 0,398079186677933 1,89557576179504
HandLeft -0,147102922201157 0,387265145778656 1,89992296695709
ShoulderRight 0,199718177318573 0,495531231164932 2,28335046768188
ElbowRight 0,251527547836304 0,272909581661224 2,30916786193848
WristRight 0,214787393808365 0,363546401262283 1,99533355236053
HandRight 0,202540680766106 0,393758684396744 1,89492154121399
HipLeft -0,0681347399950027 0,132278710603714 2,00260519981384
KneeLeft 0,0220244526863098 -0,301256358623505 1,98001408576965
AnkleLeft -0,0212031360715628 -0,673232972621918 2,01125621795654
FootLeft 0,0681769996881485 -0,735270738601685 2,00987815856934
HipRight 0,110456258058548 0,161051690578461 1,9824138879776
KneeRight -0,0391779392957687 -0,331562548875809 2,2037193775177
AnkleRight 0,0637894943356514 -0,652706682682037 2,16680002212524
FootRight 0,132396265864372 -0,738637506961823 2,19360566139221

