HipCenter 0,107461109757423 0,139122173190117 2,62313985824585
Spine 0,102121785283089 0,200193300843239 2,68100929260254
ShoulderCenter 0,104385226964951 0,575327157974243 2,68568825721741
Head 0,0653110891580582 0,74828839302063 2,73712873458862
ShoulderLeft -0,032784890383482 0,481908291578293 2,6617534160614
ElbowLeft 0,134747341275215 0,566031455993652 2,49697732925415
WristLeft 0,297931730747223 0,614511728286743 2,56598973274231
HandLeft 0,352326512336731 0,630671799182892 2,59363579750061
ShoulderRight 0,270577430725098 0,56664103269577 2,70686793327332
ElbowRight 0,270540237426758 0,331043392419815 2,57888126373291
WristRight 0,241308227181435 0,517119228839874 2,58443641662598
HandRight 0,188643798232079 0,51598858833313 2,53071641921997
HipLeft 0,0454091355204582 0,0711317881941795 2,61560416221619
KneeLeft -0,009048524312675 -0,464059948921204 2,63990879058838
AnkleLeft -0,011649421416223 -0,840533196926117 2,60708713531494
FootLeft -0,0315211415290833 -0,91520094871521 2,54240322113037
HipRight 0,169767051935196 0,0743677541613579 2,60630750656128
KneeRight 0,222795695066452 -0,473862111568451 2,63709807395935
AnkleRight 0,24036967754364 -0,832746148109436 2,63297438621521
FootRight 0,257940858602524 -0,913921773433685 2,56352734565735

