HipCenter 0,107174925506115 0,139068156480789 2,62276315689087
Spine 0,114945068955421 0,201145112514496 2,68051815032959
ShoulderCenter 0,104782715439796 0,571972131729126 2,68742251396179
Head 0,0662227421998978 0,744643747806549 2,7370617389679
ShoulderLeft -0,0323597155511379 0,4828881919384 2,66178488731384
ElbowLeft 0,139622539281845 0,568280458450317 2,49484896659851
WristLeft 0,303072780370712 0,616839706897736 2,56398892402649
HandLeft 0,357556194067001 0,633026123046875 2,59168004989624
ShoulderRight 0,239194720983505 0,557753324508667 2,63220357894897
ElbowRight 0,270088315010071 0,306102186441422 2,56650495529175
WristRight 0,24211759865284 0,508201360702515 2,5814790725708
HandRight 0,188195765018463 0,515074729919434 2,52859711647034
HipLeft 0,0463777109980583 0,072492390871048 2,61566019058228
KneeLeft -0,00928315427154303 -0,464760631322861 2,63996720314026
AnkleLeft -0,0116039738059044 -0,8413907289505 2,60634994506836
FootLeft -0,0304046142846346 -0,916166603565216 2,54480791091919
HipRight 0,168658316135406 0,0762795209884644 2,60599398612976
KneeRight 0,223165825009346 -0,475005000829697 2,63699293136597
AnkleRight 0,239899218082428 -0,833034336566925 2,63417744636536
FootRight 0,257715195417404 -0,913398683071136 2,56343150138855

