HipCenter 0,106963574886322 0,136814683675766 2,62189483642578
Spine 0,116063810884953 0,201155632734299 2,68027019500732
ShoulderCenter 0,106248304247856 0,579393029212952 2,68888378143311
Head 0,0666552856564522 0,751545429229736 2,73919558525085
ShoulderLeft -0,0313513875007629 0,483428597450256 2,66108655929565
ElbowLeft 0,130549058318138 0,562993228435516 2,49673914909363
WristLeft 0,294198572635651 0,611611723899841 2,56597352027893
HandLeft 0,348748415708542 0,627817869186401 2,59369826316834
ShoulderRight 0,242483377456665 0,576210021972656 2,62824273109436
ElbowRight 0,267535269260406 0,322339355945587 2,57032942771912
WristRight 0,240966036915779 0,510236263275146 2,58358836174011
HandRight 0,187044203281403 0,517109632492065 2,53070616722107
HipLeft 0,0459123402833939 0,0722567215561867 2,61534214019775
KneeLeft -0,00915943272411823 -0,464999705553055 2,63988637924194
AnkleLeft -0,0115304766222835 -0,841827988624573 2,60667943954468
FootLeft -0,0294313635677099 -0,916370272636414 2,54552626609802
HipRight 0,168364569544792 0,075042799115181 2,60546684265137
KneeRight 0,222904071211815 -0,474406749010086 2,63705778121948
AnkleRight 0,238669693470001 -0,831266283988953 2,63327431678772
FootRight 0,25783434510231 -0,914175033569336 2,56173944473267

