HipCenter 0,106421045958996 0,136791080236435 2,61426067352295
Spine 0,10904797911644 0,202234953641891 2,67269110679626
ShoulderCenter 0,103386543691158 0,579148054122925 2,67573308944702
Head 0,0676403120160103 0,749699711799622 2,72907042503357
ShoulderLeft -0,0330695696175098 0,482459843158722 2,65326476097107
ElbowLeft 0,126345679163933 0,560960412025452 2,48480486869812
WristLeft 0,291220337152481 0,609942853450775 2,55468535423279
HandLeft 0,346178561449051 0,626270353794098 2,58261775970459
ShoulderRight 0,249059557914734 0,567611157894135 2,65051960945129
ElbowRight 0,269443213939667 0,316642224788666 2,56318044662476
WristRight 0,174298495054245 0,522266149520874 2,51496052742004
HandRight 0,120376661419868 0,529139518737793 2,46207857131958
HipLeft 0,0469970926642418 0,0702008605003357 2,60847091674805
KneeLeft -0,0095715681090951 -0,465735584497452 2,63737916946411
AnkleLeft -0,0121973268687725 -0,838942587375641 2,60465836524963
FootLeft -0,0296519417315722 -0,914716362953186 2,54509973526001
HipRight 0,166481405496597 0,0751456022262573 2,59809708595276
KneeRight 0,222916752099991 -0,473761409521103 2,63415908813477
AnkleRight 0,240377604961395 -0,832390010356903 2,63293600082397
FootRight 0,257949024438858 -0,915599763393402 2,56164956092834

