HipCenter 0,106032714247704 0,132965624332428 2,61225414276123
Spine 0,11377677321434 0,198748677968979 2,67053174972534
ShoulderCenter 0,104895241558552 0,582770884037018 2,67753434181213
Head 0,0678534209728241 0,752573549747467 2,73007416725159
ShoulderLeft -0,0326314941048622 0,482111006975174 2,65118002891541
ElbowLeft 0,101205736398697 0,561169326305389 2,49350690841675
WristLeft 0,266232669353485 0,610197007656097 2,56345915794373
HandLeft 0,321241647005081 0,626539587974548 2,59141731262207
ShoulderRight 0,219840705394745 0,565892577171326 2,6260998249054
ElbowRight 0,257782191038132 0,336555421352386 2,55159735679626
WristRight 0,161720156669617 0,557477414608002 2,508376121521
HandRight 0,10779831558466 0,564350783824921 2,45549440383911
HipLeft 0,0485153868794441 0,069999024271965 2,60713481903076
KneeLeft -0,00959670543670654 -0,465546518564224 2,63701820373535
AnkleLeft -0,0116065610200167 -0,840254068374634 2,60570669174194
FootLeft -0,0302745662629604 -0,914794921875 2,54464960098267
HipRight 0,163915202021599 0,074513703584671 2,59638571739197
KneeRight 0,2224091142416 -0,470432668924332 2,6330394744873
AnkleRight 0,240108460187912 -0,831108033657074 2,63435840606689
FootRight 0,256796330213547 -0,91237199306488 2,56349849700928

