HipCenter 0,102694354951382 0,131920725107193 2,61080694198608
Spine 0,111454553902149 0,199300169944763 2,66988468170166
ShoulderCenter 0,10395572334528 0,58219712972641 2,67786169052124
Head 0,0689910799264908 0,748973727226257 2,72569799423218
ShoulderLeft -0,0360236279666424 0,480835139751434 2,65104746818542
ElbowLeft 0,137106075882912 0,566646814346313 2,47825384140015
WristLeft 0,303449928760529 0,616065502166748 2,54885411262512
HandLeft 0,358897864818573 0,632538378238678 2,57703542709351
ShoulderRight 0,227095678448677 0,494194358587265 2,61128497123718
ElbowRight 0,267601668834686 0,307894587516785 2,55371642112732
WristRight 0,196463823318481 0,487108409404755 2,52135634422302
HandRight 0,142541989684105 0,493981748819351 2,46847414970398
HipLeft 0,0432387255132198 0,069893404841423 2,60457110404968
KneeLeft -0,00989397801458836 -0,46437007188797 2,63730669021606
AnkleLeft -0,0119185810908675 -0,839875340461731 2,60558032989502
FootLeft -0,0293984115123749 -0,914942741394043 2,5426607131958
HipRight 0,162632912397385 0,0732143595814705 2,59541130065918
KneeRight 0,222581580281258 -0,475733995437622 2,63080358505249
AnkleRight 0,238223239779472 -0,832982063293457 2,63099527359009
FootRight 0,25766521692276 -0,914135694503784 2,55848526954651

