HipCenter 0,103742018342018 0,13034188747406 2,60549426078796
Spine 0,117108732461929 0,196286931633949 2,66206836700439
ShoulderCenter 0,103758193552494 0,576372146606445 2,67080450057983
Head 0,0695725753903389 0,742006599903107 2,71399235725403
ShoulderLeft -0,0370605662465096 0,478161633014679 2,64418792724609
ElbowLeft 0,0939003750681877 0,555602490901947 2,48543548583984
WristLeft 0,261324048042297 0,605342149734497 2,55677676200867
HandLeft 0,31713193655014 0,621922016143799 2,58514094352722
ShoulderRight 0,223066180944443 0,560358166694641 2,58710765838623
ElbowRight 0,267459094524384 0,30160716176033 2,54714035987854
WristRight 0,20384094119072 0,483431428670883 2,50812816619873
HandRight 0,153261914849281 0,480751127004623 2,4565737247467
HipLeft 0,0446627289056778 0,0663492605090141 2,59907865524292
KneeLeft -0,0106901070103049 -0,46667942404747 2,6347348690033
AnkleLeft -0,0112008592113853 -0,838365316390991 2,60540246963501
FootLeft -0,0300850719213486 -0,914579808712006 2,54199814796448
HipRight 0,162309780716896 0,0705861747264862 2,58926820755005
KneeRight 0,221346959471703 -0,486188620328903 2,62653946876526
AnkleRight 0,23677796125412 -0,83687961101532 2,62059307098389
FootRight 0,256051599979401 -0,917266428470612 2,54653143882751

