HipCenter 0,104114040732384 0,138312175869942 2,61221551895142
Spine 0,112302415072918 0,203836232423782 2,67042422294617
ShoulderCenter 0,104506962001324 0,587616205215454 2,6813018321991
Head 0,0677019730210304 0,744579792022705 2,72633266448975
ShoulderLeft -0,0364004336297512 0,47988086938858 2,65252900123596
ElbowLeft 0,13318258523941 0,567370295524597 2,47668051719666
WristLeft 0,302296876907349 0,617612361907959 2,54880237579346
HandLeft 0,358668297529221 0,63435971736908 2,57745313644409
ShoulderRight 0,240376234054565 0,561669707298279 2,62138295173645
ElbowRight 0,267466157674789 0,301938563585281 2,55093264579773
WristRight 0,181342840194702 0,504928588867188 2,50953936576843
HandRight 0,127420991659164 0,51180225610733 2,45665764808655
HipLeft 0,0434757433831692 0,0717418417334557 2,60532259941101
KneeLeft -0,0116962194442749 -0,465631037950516 2,63717532157898
AnkleLeft -0,0120168626308441 -0,840688467025757 2,60672998428345
FootLeft -0,0295132156461477 -0,914565145969391 2,54426121711731
HipRight 0,165579378604889 0,0770362392067909 2,59545230865479
KneeRight 0,221593275666237 -0,483699500560761 2,62790250778198
AnkleRight 0,236118972301483 -0,840129375457764 2,61971235275269
FootRight 0,257320284843445 -0,917939901351929 2,54321217536926

