HipCenter 0,108058109879494 0,137137293815613 2,60672879219055
Spine 0,121711045503616 0,201591089367867 2,66318798065186
ShoulderCenter 0,105551421642303 0,575122892856598 2,66986703872681
Head 0,0677706003189087 0,760055243968964 2,72670412063599
ShoulderLeft -0,0260772313922644 0,488591074943542 2,6386513710022
ElbowLeft 0,0962991267442703 0,547909796237946 2,48926544189453
WristLeft 0,250938951969147 0,592924952507019 2,56125569343567
HandLeft 0,302485555410385 0,60793000459671 2,58993005752563
ShoulderRight 0,216385036706924 0,566819369792938 2,58290243148804
ElbowRight 0,270117282867432 0,3258016705513 2,54827809333801
WristRight 0,183786183595657 0,483344078063965 2,50157880783081
HandRight 0,13097257912159 0,488195061683655 2,44911623001099
HipLeft 0,0495207868516445 0,0745500326156616 2,6015739440918
KneeLeft -0,00616113655269146 -0,466214895248413 2,63418698310852
AnkleLeft -0,0102768037468195 -0,842053294181824 2,60483193397522
FootLeft -0,0309753846377134 -0,916846036911011 2,54405212402344
HipRight 0,166941657662392 0,078164130449295 2,5906298160553
KneeRight 0,223927721381187 -0,474270612001419 2,63450121879578
AnkleRight 0,240532606840134 -0,832708597183228 2,63572835922241
FootRight 0,256366580724716 -0,914506852626801 2,56173467636108

