HipCenter 0,101287059485912 0,136812537908554 2,6009509563446
Spine 0,112299643456936 0,202569589018822 2,65799498558044
ShoulderCenter 0,102834843099117 0,582909345626831 2,66098165512085
Head 0,0699133947491646 0,740838170051575 2,70270395278931
ShoulderLeft -0,0380386188626289 0,482830435037613 2,6367392539978
ElbowLeft 0,132664129137993 0,572834610939026 2,46684050559998
WristLeft 0,303284883499146 0,623524069786072 2,53961420059204
HandLeft 0,36015847325325 0,64042055606842 2,56852006912231
ShoulderRight 0,234587386250496 0,563109219074249 2,59108972549438
ElbowRight 0,262977987527847 0,317646324634552 2,53674292564392
WristRight 0,179983884096146 0,49514627456665 2,49439835548401
HandRight 0,132426097989082 0,488409012556076 2,4436936378479
HipLeft 0,0398278906941414 0,0705793872475624 2,59519982337952
KneeLeft -0,0139824263751507 -0,469121098518372 2,63408231735229
AnkleLeft -0,0123089775443077 -0,841899514198303 2,60488939285278
FootLeft -0,0302944406867027 -0,915340304374695 2,54186034202576
HipRight 0,162004172801971 0,0753908604383469 2,58579468727112
KneeRight 0,219273045659065 -0,47843012213707 2,6216721534729
AnkleRight 0,236910849809647 -0,842117071151733 2,6204252243042
FootRight 0,25776219367981 -0,919804453849792 2,54460477828979

