HipCenter 0,113406509160995 0,082439661026001 2,19926571846008
Spine 0,0756638795137405 0,153014048933983 2,22727632522583
ShoulderCenter 0,0833480209112167 0,540222227573395 2,27097797393799
Head 0,0875480771064758 0,742729187011719 2,30267405509949
ShoulderLeft 0,0324235521256924 0,43452662229538 2,18503165245056
ElbowLeft 0,0830507501959801 0,197428852319717 2,07492089271545
WristLeft 0,293152034282684 0,125871658325195 2,11518573760986
HandLeft 0,387002408504486 0,124485738575459 2,13313436508179
ShoulderRight 0,168683975934982 0,528617143630981 2,44772624969482
ElbowRight 0,195209547877312 0,259960412979126 2,29158878326416
WristRight 0,307140916585922 -0,00495782494544983 2,19500851631165
HandRight 0,318364053964615 -0,0732564479112625 2,18092799186707
HipLeft 0,0920728743076324 0,0628114268183708 2,19523119926453
KneeLeft 0,0711944997310638 -0,36306768655777 2,13559055328369
AnkleLeft 0,0563323348760605 -0,790931701660156 2,12316489219666
FootLeft 0,0924488306045532 -0,862682938575745 2,16180419921875
HipRight 0,138646423816681 0,0280358921736479 2,18998074531555
KneeRight 0,0217391345649958 -0,575765550136566 2,13234901428223
AnkleRight -0,0178372748196125 -0,935412526130676 2,22694301605225
FootRight -0,00594539288431406 -0,874745965003967 2,27065920829773

