HipCenter 0,109435059130192 0,0810461044311523 2,20298004150391
Spine 0,0713519901037216 0,150904476642609 2,23206090927124
ShoulderCenter 0,0765199437737465 0,537474751472473 2,27866506576538
Head 0,143309235572815 0,731812536716461 2,33455204963684
ShoulderLeft 0,025462007150054 0,432685017585754 2,18722939491272
ElbowLeft 0,0667285621166229 0,221528679132462 2,07303953170776
WristLeft 0,292497456073761 0,141364485025406 2,11567521095276
HandLeft 0,385760903358459 0,131006106734276 2,13430953025818
ShoulderRight 0,159265443682671 0,525920748710632 2,43869090080261
ElbowRight 0,189101591706276 0,258208811283112 2,28841757774353
WristRight 0,314521491527557 0,0029338002204895 2,19182872772217
HandRight 0,312024027109146 -0,0671331137418747 2,18263173103333
HipLeft 0,0901176705956459 0,0630998909473419 2,1991708278656
KneeLeft 0,0684691146016121 -0,362308949232101 2,1386079788208
AnkleLeft 0,0779530182480812 -0,819358110427856 2,12277126312256
FootLeft 0,0997113436460495 -0,873163998126984 2,17214894294739
HipRight 0,13426274061203 0,0276443213224411 2,19321513175964
KneeRight 0,0295114815235138 -0,498146295547485 2,13787722587585
AnkleRight 0,00255599245429039 -0,775068640708923 2,30278396606445
FootRight -0,00188885803800076 -0,866102933883667 2,26599478721619

