HipCenter -0,053939837962389 0,0184882991015911 1,87162852287292
Spine -0,0653882101178169 0,118226043879986 1,83655738830566
ShoulderCenter -0,112094432115555 0,546140134334564 1,98739528656006
Head -0,0365007743239403 0,727530360221863 2,03002643585205
ShoulderLeft -0,118444323539734 0,372233510017395 1,84233665466309
ElbowLeft -0,113332040607929 0,173046290874481 1,72761785984039
WristLeft 0,0988901033997536 0,165616199374199 1,6682208776474
HandLeft 0,160523042082787 0,190528124570847 1,65127432346344
ShoulderRight -0,19461216032505 0,383149534463882 1,84663844108582
ElbowRight -0,0192183554172516 0,152684614062309 1,8662132024765
WristRight 0,121429055929184 0,176045656204224 1,66598570346832
HandRight 0,168311536312103 0,183832675218582 1,6041202545166
HipLeft -0,0348013900220394 0,00661033624783158 1,8510115146637
KneeLeft -0,0940980762243271 -0,365505874156952 1,80086040496826
AnkleLeft -0,154507681727409 -0,760709524154663 1,72154235839844
FootLeft -0,154996067285538 -0,833584785461426 1,80345737934113
HipRight -0,0690385475754738 -0,0102387759834528 1,88070738315582
KneeRight -0,101581692695618 -0,48292738199234 1,7776951789856
AnkleRight -0,160674184560776 -0,870775699615479 1,84104645252228
FootRight -0,161373868584633 -0,94436252117157 1,92874455451965

