HipCenter 0,539345264434814 0,249329119920731 2,43833374977112
Spine 0,539047956466675 0,330529928207397 2,46551752090454
ShoulderCenter 0,527924060821533 0,75129371881485 2,47209239006042
Head 0,510269522666931 0,911701738834381 2,44972062110901
ShoulderLeft 0,365285754203796 0,612870335578918 2,45020437240601
ElbowLeft 0,163770437240601 0,57349681854248 2,42997145652771
WristLeft -0,0243752896785736 0,548338294029236 2,35471868515015
HandLeft -0,0869384855031967 0,544037520885468 2,34137749671936
ShoulderRight 0,660309255123138 0,593357801437378 2,43778014183044
ElbowRight 0,7497438788414 0,347025275230408 2,47290706634521
WristRight 0,774433374404907 0,107516840100288 2,42025518417358
HandRight 0,775706827640533 0,0232364162802696 2,39977335929871
HipLeft 0,470407754182816 0,181894332170486 2,43000650405884
KneeLeft 0,499654412269592 -0,275798857212067 2,5121967792511
AnkleLeft 0,532582402229309 -0,648528695106506 2,49878001213074
FootLeft 0,529272317886353 -0,683369994163513 2,42286133766174
HipRight 0,610108494758606 0,184861451387405 2,43203401565552
KneeRight 0,668778538703918 -0,283013135194778 2,51186871528625
AnkleRight 0,698732972145081 -0,652619004249573 2,51211929321289
FootRight 0,693982303142548 -0,730469048023224 2,47429299354553

