HipCenter 0,554787814617157 0,284205615520477 2,46171069145203
Spine 0,55126678943634 0,360418617725372 2,48069167137146
ShoulderCenter 0,543740749359131 0,754018902778625 2,48824119567871
Head 0,53314471244812 0,914542555809021 2,46477174758911
ShoulderLeft 0,37628436088562 0,617069780826569 2,45985174179077
ElbowLeft 0,16755622625351 0,579268574714661 2,42888283729553
WristLeft -0,0185973048210144 0,560327351093292 2,3614296913147
HandLeft -0,0891459286212921 0,553618907928467 2,35842180252075
ShoulderRight 0,676660180091858 0,595366537570953 2,46347856521606
ElbowRight 0,767980456352234 0,355975687503815 2,49589252471924
WristRight 0,803964138031006 0,113713003695011 2,47135305404663
HandRight 0,803958415985107 0,0183887258172035 2,46028208732605
HipLeft 0,492351353168488 0,214901193976402 2,45170545578003
KneeLeft 0,507938146591187 -0,271746456623077 2,52453660964966
AnkleLeft 0,535805344581604 -0,649589538574219 2,52183985710144
FootLeft 0,542073011398315 -0,724254071712494 2,48942756652832
HipRight 0,62368243932724 0,219218358397484 2,45915770530701
KneeRight 0,685532212257385 -0,294301420450211 2,5222954750061
AnkleRight 0,714538633823395 -0,646811783313751 2,50391983985901
FootRight 0,715682685375214 -0,683228254318237 2,42550015449524

