HipCenter 0,559041976928711 0,285750329494476 2,45872259140015
Spine 0,556043922901154 0,360660672187805 2,49063277244568
ShoulderCenter 0,549969911575317 0,756826400756836 2,49718070030212
Head 0,545976042747498 0,918084621429443 2,48322296142578
ShoulderLeft 0,383736968040466 0,619069218635559 2,4612283706665
ElbowLeft 0,175069972872734 0,57809191942215 2,43614435195923
WristLeft -0,010955423116684 0,560193002223969 2,36716794967651
HandLeft -0,0813786834478378 0,553053975105286 2,36341142654419
ShoulderRight 0,676853358745575 0,594132304191589 2,46470332145691
ElbowRight 0,763464331626892 0,352842569351196 2,49765777587891
WristRight 0,800885617733002 0,09281125664711 2,46332001686096
HandRight 0,791059851646423 -0,00364747387357056 2,44242525100708
HipLeft 0,498264580965042 0,218797981739044 2,44330477714539
KneeLeft 0,505500078201294 -0,272790879011154 2,52496242523193
AnkleLeft 0,535649657249451 -0,64970588684082 2,52211833000183
FootLeft 0,540990650653839 -0,725126266479492 2,48920488357544
HipRight 0,625002861022949 0,220814064145088 2,4578583240509
KneeRight 0,681786298751831 -0,296722322702408 2,51958680152893
AnkleRight 0,712901771068573 -0,646149277687073 2,50246548652649
FootRight 0,714278995990753 -0,682024478912354 2,42380952835083

