HipCenter 0,0172301009297371 -0,123928815126419 2,0091438293457
Spine 0,021077785640955 -0,118258245289326 2,00521755218506
ShoulderCenter 0,045057587325573 -0,0856092423200607 1,99846422672272
Head -0,0379427522420883 0,0173459574580193 1,84616029262543
ShoulderLeft -0,235054180026054 0,0432638190686703 1,98169350624084
ElbowLeft -0,166162699460983 -0,0259654484689236 1,75824558734894
WristLeft -0,0479414500296116 0,0511722527444363 1,65307414531708
HandLeft -0,0796455144882202 0,0945543572306633 1,61018812656403
ShoulderRight 0,16058275103569 -0,0947265923023224 2,16654014587402
ElbowRight 0,258417129516602 0,038227766752243 2,16088438034058
WristRight 0,170828998088837 -0,142033025622368 2,04910659790039
HandRight 0,164761573076248 -0,267647564411163 2,06286787986755
HipLeft -0,113535165786743 -0,180421963334084 1,9904613494873
KneeLeft -0,135489776730537 -0,473955988883972 1,89825630187988
AnkleLeft -0,141645669937134 -0,663158416748047 1,90503215789795
FootLeft -0,151896834373474 -0,726912021636963 1,883385181427
HipRight 0,046477846801281 -0,220591336488724 2,01132035255432
KneeRight 0,0559332855045795 -0,499596506357193 1,87662780284882
AnkleRight 0,0532354302704334 -0,669747292995453 1,91168439388275
FootRight 0,0505564771592617 -0,728932321071625 1,88249802589417

