HipCenter -0,0542787462472916 -0,141562670469284 1,98289549350739
Spine -0,056276049464941 -0,132371142506599 1,97616350650787
ShoulderCenter -0,0656357631087303 -0,0875551626086235 1,95239007472992
Head -0,0837211459875107 0,0435478761792183 1,79737615585327
ShoulderLeft -0,23418553173542 0,0410233736038208 1,98161900043488
ElbowLeft -0,159523755311966 -0,0292710661888123 1,757728099823
WristLeft -0,0532029196619987 0,0858424156904221 1,64497172832489
HandLeft -0,0849069952964783 0,129224553704262 1,60208582878113
ShoulderRight 0,141928642988205 0,0288539901375771 2,05253386497498
ElbowRight 0,229339420795441 -0,0175476223230362 2,16635966300964
WristRight 0,14735409617424 -0,18367113173008 2,02444791793823
HandRight 0,160863295197487 -0,268193006515503 2,049485206604
HipLeft -0,139881625771523 -0,220583438873291 2,01557755470276
KneeLeft -0,126542627811432 -0,498127102851868 1,8725438117981
AnkleLeft -0,140040576457977 -0,666597008705139 1,902459025383
FootLeft -0,145441696047783 -0,722698152065277 1,87830328941345
HipRight 0,0680812001228333 -0,228487774729729 2,01393127441406
KneeRight 0,0437408648431301 -0,502911567687988 1,8660364151001
AnkleRight 0,0528695471584797 -0,672339737415314 1,91230285167694
FootRight 0,0434418767690659 -0,732264578342438 1,88310706615448

