HipCenter -0,0455269291996956 -0,146404579281807 1,98938632011414
Spine -0,0481026694178581 -0,135029315948486 1,98048186302185
ShoulderCenter -0,0589869953691959 -0,0862510427832603 1,95322513580322
Head -0,0837314501404762 0,0413295701146126 1,7941300868988
ShoulderLeft -0,234898298978806 0,03806546702981 1,9838593006134
ElbowLeft -0,160989135503769 -0,0333902128040791 1,75778937339783
WristLeft -0,045338336378336 0,0641185194253922 1,64975762367249
HandLeft -0,0770623534917831 0,0881251841783524 1,60188949108124
ShoulderRight 0,0787875801324844 0,0303878448903561 1,97182130813599
ElbowRight 0,16170272231102 -0,0861050933599472 2,12893891334534
WristRight 0,17473067343235 -0,261367499828339 2,12283301353455
HandRight 0,213500708341599 -0,294704437255859 2,18821549415588
HipLeft -0,0971840545535088 -0,217338994145393 2,02075052261353
KneeLeft -0,143685519695282 -0,491948485374451 1,87483084201813
AnkleLeft -0,140547916293144 -0,662539482116699 1,9068146944046
FootLeft -0,145258083939552 -0,722865879535675 1,87360978126526
HipRight 0,0419904440641403 -0,213052928447723 2,01611685752869
KneeRight 0,0577178448438644 -0,494296371936798 1,87693381309509
AnkleRight 0,0526892691850662 -0,670222759246826 1,91172444820404
FootRight 0,0476699620485306 -0,731004059314728 1,88230991363525

