HipCenter 0,0198659971356392 -0,157210245728493 2,05585217475891
Spine 0,0405208803713322 -0,143009290099144 2,07238531112671
ShoulderCenter 0,143954798579216 -0,0701309368014336 2,16695594787598
Head 0,0425126031041145 -0,00868097320199013 1,9985625743866
ShoulderLeft -0,135590985417366 0,0611211732029915 2,15414452552795
ElbowLeft -0,13035561144352 0,00384456291794777 1,91007733345032
WristLeft -0,0864295586943626 0,0597485527396202 1,68053007125854
HandLeft -0,106415927410126 0,0932038724422455 1,59209096431732
ShoulderRight 0,204452157020569 0,0162518415600061 2,13423991203308
ElbowRight 0,15694434940815 -0,139637559652328 2,16071844100952
WristRight 0,254251003265381 -0,288191944360733 2,29568099975586
HandRight 0,284231692552567 -0,317864775657654 2,34658861160278
HipLeft -0,1059924736619 -0,184195965528488 1,9953361749649
KneeLeft -0,165628224611282 -0,450458019971848 1,84399402141571
AnkleLeft -0,166882127523422 -0,649693131446838 1,86294293403625
FootLeft -0,136636972427368 -0,65696507692337 1,91545438766479
HipRight 0,0528490543365479 -0,204070195555687 2,02563619613647
KneeRight 0,057086780667305 -0,483674347400665 1,88833367824554
AnkleRight 0,055064994841814 -0,668486297130585 1,921879529953
FootRight 0,000545684248209 -0,648403346538544 1,90318655967712

