HipCenter 0,0217178873717785 -0,11648365855217 2,00442481040955
Spine 0,0241450145840645 -0,110252469778061 2,00382399559021
ShoulderCenter 0,0426102355122566 -0,0850513279438019 1,99264979362488
Head -0,0439973548054695 0,0214531347155571 1,83325862884521
ShoulderLeft -0,23078890144825 0,0334509611129761 1,98084509372711
ElbowLeft -0,157194048166275 -0,0332565456628799 1,74969530105591
WristLeft -0,0699519291520119 0,0722337141633034 1,63547039031982
HandLeft -0,100986182689667 0,0958605110645294 1,58850479125977
ShoulderRight 0,165919825434685 -0,0955610349774361 2,16681528091431
ElbowRight 0,272866755723953 0,0376402661204338 2,16037607192993
WristRight 0,165361240506172 -0,129544049501419 2,02977061271667
HandRight 0,129526078701019 -0,18527215719223 1,98988318443298
HipLeft -0,110629417002201 -0,165810644626617 2,01079559326172
KneeLeft -0,13364265859127 -0,444790780544281 1,87598252296448
AnkleLeft -0,147113993763924 -0,644588589668274 1,90704345703125
FootLeft -0,141363680362701 -0,701882779598236 1,88722229003906
HipRight 0,0503613241016865 -0,214193075895309 2,01487946510315
KneeRight 0,0533583238720894 -0,481742709875107 1,8552371263504
AnkleRight 0,0515935234725475 -0,659244775772095 1,91155445575714
FootRight 0,0503122359514236 -0,71868360042572 1,88762998580933

