HipCenter -0,0535412207245827 -0,140459984540939 2,00933313369751
Spine -0,0561335608363152 -0,129352211952209 2,00442600250244
ShoulderCenter -0,0688148438930511 -0,075342558324337 1,99203860759735
Head -0,08228849619627 0,0495466664433479 1,8234920501709
ShoulderLeft -0,22828882932663 0,041591502726078 1,98870551586151
ElbowLeft -0,15759651362896 -0,0190076678991318 1,75303018093109
WristLeft -0,0199544504284859 0,0899436548352242 1,67340791225433
HandLeft 0,025926236063242 0,126260757446289 1,65050888061523
ShoulderRight 0,138206332921982 0,0224755089730024 2,0542733669281
ElbowRight 0,193779915571213 -0,0753076374530792 2,16382002830505
WristRight 0,225272670388222 -0,228064745664597 2,25227499008179
HandRight 0,24996529519558 -0,257074385881424 2,29935812950134
HipLeft -0,12712736427784 -0,22190934419632 2,01329135894775
KneeLeft -0,134541422128677 -0,500867486000061 1,87552976608276
AnkleLeft -0,138931065797806 -0,670069873332977 1,90291631221771
FootLeft -0,148133113980293 -0,729886531829834 1,87400221824646
HipRight 0,0639267489314079 -0,223140150308609 2,02594947814941
KneeRight 0,050946056842804 -0,493061512708664 1,87033832073212
AnkleRight 0,0548501871526241 -0,670587778091431 1,91202712059021
FootRight 0,0537407137453556 -0,732138216495514 1,87696492671967

