HipCenter -0,0496580451726913 -0,147670418024063 2,05674242973328
Spine -0,0521961748600006 -0,116846561431885 2,04395532608032
ShoulderCenter -0,0602333843708038 0,0272503755986691 1,98369038105011
Head -0,0744471475481987 0,156004175543785 1,83896553516388
ShoulderLeft -0,205549746751785 0,0650004297494888 2,01357555389404
ElbowLeft -0,340488523244858 0,0667188912630081 2,10164952278137
WristLeft -0,279697805643082 -0,0793920755386353 2,06688213348389
HandLeft -0,259434223175049 -0,128095731139183 2,05897283554077
ShoulderRight 0,0886828601360321 0,0604346953332424 2,03245449066162
ElbowRight 0,163726955652237 -0,0585839636623859 2,17532896995544
WristRight 0,223828256130219 -0,236076325178146 2,2727165222168
HandRight 0,264772325754166 -0,279411554336548 2,29481196403503
HipLeft -0,117237441241741 -0,220033302903175 2,05921316146851
KneeLeft -0,141084522008896 -0,468652069568634 1,86476302146912
AnkleLeft -0,147891268134117 -0,731263518333435 1,85478413105011
FootLeft -0,144767478108406 -0,775806725025177 1,79523992538452
HipRight 0,0272023994475603 -0,207579061388969 2,09265971183777
KneeRight 0,0675916373729706 -0,435723602771759 1,87585759162903
AnkleRight 0,052683137357235 -0,654871881008148 1,9141526222229
FootRight 0,0532825738191605 -0,725715160369873 1,88840270042419

