HipCenter 0,108029566705227 0,228747546672821 2,43988060951233
Spine 0,0923245027661324 0,293120235204697 2,5006308555603
ShoulderCenter 0,0993438363075256 0,680166244506836 2,52131628990173
Head 0,0992736965417862 0,849814832210541 2,5113000869751
ShoulderLeft -0,0453243926167488 0,560430943965912 2,4386887550354
ElbowLeft -0,180845260620117 0,600673615932465 2,23325419425964
WristLeft -0,295339465141296 0,673316240310669 2,00574040412903
HandLeft -0,322408944368362 0,700029134750366 1,96779274940491
ShoulderRight 0,228524222970009 0,549594700336456 2,51435232162476
ElbowRight 0,292110055685043 0,288404732942581 2,4762909412384
WristRight 0,307707548141479 0,0686623156070709 2,40827059745789
HandRight 0,308651745319366 0,000944125582464039 2,38470125198364
HipLeft 0,0481308959424496 0,165513172745705 2,40272426605225
KneeLeft -0,00329809100367129 -0,283963233232498 2,47453212738037
AnkleLeft 0,0232122521847487 -0,650225281715393 2,47237730026245
FootLeft 0,0442118868231773 -0,684344112873077 2,39701628684998
HipRight 0,170467153191566 0,163604095578194 2,44935750961304
KneeRight 0,198563069105148 -0,288911283016205 2,48524332046509
AnkleRight 0,185591459274292 -0,656895220279694 2,48870301246643
FootRight 0,206591099500656 -0,691014051437378 2,41334199905396

