HipCenter 0,105565264821053 0,227743715047836 2,44520235061646
Spine 0,0902116075158119 0,291929602622986 2,50634026527405
ShoulderCenter 0,0978687554597855 0,680187821388245 2,52978110313416
Head 0,0963266789913177 0,849203109741211 2,52026605606079
ShoulderLeft -0,0484943464398384 0,556209087371826 2,44589519500732
ElbowLeft -0,186762094497681 0,59789365530014 2,23957681655884
WristLeft -0,301189780235291 0,661126792430878 2,01607990264893
HandLeft -0,33085697889328 0,686059296131134 1,97244250774384
ShoulderRight 0,224950388073921 0,557529389858246 2,52334046363831
ElbowRight 0,289042711257935 0,296408802270889 2,48432111740112
WristRight 0,303817123174667 0,0744703710079193 2,41418600082397
HandRight 0,307974487543106 0,00587833626195788 2,38993144035339
HipLeft 0,0451698377728462 0,164313271641731 2,40936064720154
KneeLeft -0,00537972245365381 -0,284998387098312 2,47796845436096
AnkleLeft 0,0250280424952507 -0,649634540081024 2,47394275665283
FootLeft 0,0458773262798786 -0,683782398700714 2,39835810661316
HipRight 0,167941480875015 0,163283586502075 2,45358300209045
KneeRight 0,195760354399681 -0,290514498949051 2,48831629753113
AnkleRight 0,185818940401077 -0,654597282409668 2,48851323127747
FootRight 0,206668227910995 -0,688745141029358 2,41292858123779

