HipCenter 0,13114607334137 0,358242511749268 2,51969361305237
Spine 0,13702666759491 0,437975227832794 2,58070659637451
ShoulderCenter 0,139473006129265 0,875737488269806 2,56199645996094
Head 0,100509375333786 1,09969568252563 2,52676844596863
ShoulderLeft -0,0257175527513027 0,756616532802582 2,57039976119995
ElbowLeft -0,124835625290871 0,493836343288422 2,47893643379211
WristLeft -0,328061908483505 0,51006019115448 2,3750786781311
HandLeft -0,365165203809738 0,530268609523773 2,33423709869385
ShoulderRight 0,300329029560089 0,764736235141754 2,54611492156982
ElbowRight 0,373625069856644 0,545578181743622 2,53417587280273
WristRight 0,363800942897797 0,252338886260986 2,45327758789063
HandRight 0,349006831645966 0,144639223814011 2,432856798172
HipLeft 0,0524831637740135 0,285224765539169 2,5121967792511
KneeLeft 0,00951677840203047 -0,256611257791519 2,61785554885864
AnkleLeft 0,0241546463221312 -0,627345323562622 2,658846616745
FootLeft 0,00337043777108192 -0,733106434345245 2,60080480575562
HipRight 0,207649916410446 0,285215198993683 2,51075196266174
KneeRight 0,254645556211472 -0,269376158714294 2,59008741378784
AnkleRight 0,268725484609604 -0,649361073970795 2,64074110984802
FootRight 0,284516125917435 -0,739971220493317 2,58989834785461

