HipCenter 0,133886396884918 0,359846234321594 2,52040481567383
Spine 0,135065138339996 0,439552843570709 2,58020806312561
ShoulderCenter 0,14153479039669 0,874440312385559 2,56043004989624
Head 0,117242485284805 1,09771418571472 2,51746129989624
ShoulderLeft -0,0268259029835463 0,754620969295502 2,55653166770935
ElbowLeft -0,096499465405941 0,471327632665634 2,45390009880066
WristLeft -0,170906469225883 0,50717830657959 2,23218011856079
HandLeft -0,160795837640762 0,530950844287872 2,20131039619446
ShoulderRight 0,306613892316818 0,768099069595337 2,55777263641357
ElbowRight 0,373740077018738 0,55213862657547 2,54512715339661
WristRight 0,369226574897766 0,258180737495422 2,46726202964783
HandRight 0,356081306934357 0,150839775800705 2,44327640533447
HipLeft 0,0544545985758305 0,285406559705734 2,50716495513916
KneeLeft 0,0102699920535088 -0,25163933634758 2,61697721481323
AnkleLeft 0,0233520455658436 -0,638874590396881 2,65685176849365
FootLeft -0,000457401562016457 -0,736935675144196 2,60176253318787
HipRight 0,211761027574539 0,285002261400223 2,51709222793579
KneeRight 0,256323248147964 -0,264651924371719 2,5909538269043
AnkleRight 0,269364923238754 -0,648788928985596 2,64053893089294
FootRight 0,283841550350189 -0,739143431186676 2,58718490600586

