HipCenter 0,138855934143066 0,35602331161499 2,5292637348175
Spine 0,1365577429533 0,435871630907059 2,58925580978394
ShoulderCenter 0,143124207854271 0,871680676937103 2,57005548477173
Head 0,111933119595051 1,09907639026642 2,54307961463928
ShoulderLeft -0,0206656400114298 0,76169741153717 2,56037306785584
ElbowLeft -0,090309850871563 0,477348327636719 2,45494556427002
WristLeft -0,129022568464279 0,505666136741638 2,22119140625
HandLeft -0,115435473620892 0,536129832267761 2,1997344493866
ShoulderRight 0,311064183712006 0,76732212305069 2,57934546470642
ElbowRight 0,383894383907318 0,555383086204529 2,57733178138733
WristRight 0,376871794462204 0,263463735580444 2,4840931892395
HandRight 0,367765069007874 0,160665333271027 2,458172082901
HipLeft 0,0605695173144341 0,279495149850845 2,50731515884399
KneeLeft 0,0140036018565297 -0,256777197122574 2,61715602874756
AnkleLeft 0,023272817954421 -0,647204577922821 2,6572699546814
FootLeft 0,00376947945915163 -0,737751066684723 2,6050980091095
HipRight 0,215277045965195 0,282482862472534 2,53299283981323
KneeRight 0,262106716632843 -0,26763117313385 2,59421038627625
AnkleRight 0,269604176282883 -0,648407697677612 2,64287519454956
FootRight 0,284094005823135 -0,739034175872803 2,58956670761108

