HipCenter 0,131901383399963 0,359219640493393 2,51911973953247
Spine 0,136026069521904 0,438648760318756 2,58035731315613
ShoulderCenter 0,139328837394714 0,876364409923553 2,56232357025146
Head 0,102053359150887 1,10175669193268 2,53044033050537
ShoulderLeft -0,02343425527215 0,755680501461029 2,56535196304321
ElbowLeft -0,120598189532757 0,496505379676819 2,47492003440857
WristLeft -0,327473640441895 0,511832177639008 2,37776780128479
HandLeft -0,365036219358444 0,531430602073669 2,33154964447021
ShoulderRight 0,301177054643631 0,766428112983704 2,5498468875885
ElbowRight 0,372017741203308 0,546594440937042 2,53660154342651
WristRight 0,363417774438858 0,252386063337326 2,45532989501953
HandRight 0,348106801509857 0,148247346282005 2,4333119392395
HipLeft 0,0532264709472656 0,286552518606186 2,50885272026062
KneeLeft 0,0102595034986734 -0,257068157196045 2,61704730987549
AnkleLeft 0,0229496974498034 -0,643703281879425 2,65663361549377
FootLeft 0,00349300191737711 -0,727521896362305 2,60312151908875
HipRight 0,208473384380341 0,285448253154755 2,5127420425415
KneeRight 0,255484342575073 -0,26816800236702 2,58948612213135
AnkleRight 0,269418895244598 -0,650035262107849 2,64226746559143
FootRight 0,286066383123398 -0,737088918685913 2,58926939964294

