HipCenter -0,226089850068092 0,0317271016538143 2,09512948989868
Spine -0,265080183744431 0,114799976348877 2,14807796478271
ShoulderCenter -0,301669180393219 0,587744534015656 2,14734387397766
Head -0,31404721736908 0,784188807010651 2,15791940689087
ShoulderLeft -0,291498839855194 0,41786253452301 2,0130341053009
ElbowLeft -0,231492832303047 0,195594280958176 1,9356837272644
WristLeft -0,0341417044401169 0,128640547394753 1,93917000293732
HandLeft 0,056458480656147 0,114480152726173 1,95092070102692
ShoulderRight -0,160841301083565 0,380107372999191 2,0774347782135
ElbowRight -0,124578900635242 0,179464131593704 1,96002912521362
WristRight 0,00302468612790108 -0,0140849314630032 1,98743033409119
HandRight -0,00091801187954843 -0,0941478759050369 2,00146508216858
HipLeft -0,256559401750565 -0,000142399308970198 2,07595705986023
KneeLeft -0,254008799791336 -0,391557037830353 1,96682178974152
AnkleLeft -0,296850293874741 -0,811960220336914 1,95215678215027
FootLeft -0,259294003248215 -0,857211351394653 1,87643539905548
HipRight -0,186442777514458 -0,00187535735312849 2,10707664489746
KneeRight -0,177214398980141 -0,427700608968735 2,17844128608704
AnkleRight -0,171274662017822 -0,843632102012634 2,07337832450867
FootRight -0,132542103528976 -0,87734055519104 1,99725723266602

