HipCenter 0,116669863462448 0,282070636749268 2,16184973716736
Spine 0,113787844777107 0,354218244552612 2,21479415893555
ShoulderCenter 0,0943468883633614 0,746061027050018 2,19794607162476
Head 0,0954788848757744 0,92711329460144 2,10933923721313
ShoulderLeft -0,0641399621963501 0,643624544143677 2,18750548362732
ElbowLeft -0,158647999167442 0,407023161649704 2,04336285591125
WristLeft -0,146733611822128 0,481339246034622 1,8001446723938
HandLeft -0,153830423951149 0,479727268218994 1,80683505535126
ShoulderRight 0,274113953113556 0,629086911678314 2,17972183227539
ElbowRight 0,363556295633316 0,370141297578812 2,15274000167847
WristRight 0,350556761026382 0,152792662382126 2,0718104839325
HandRight 0,342073827981949 0,0779819563031197 2,04825067520142
HipLeft 0,0445964634418488 0,204380720853806 2,15569734573364
KneeLeft 0,0167069043964148 -0,282207876443863 2,25363850593567
AnkleLeft 0,0235863588750362 -0,667950391769409 2,28592610359192
FootLeft -0,0181954987347126 -0,738983988761902 2,23808264732361
HipRight 0,196494683623314 0,206056028604507 2,15308141708374
KneeRight 0,247124493122101 -0,279293745756149 2,2385675907135
AnkleRight 0,248863682150841 -0,681957066059113 2,284592628479
FootRight 0,291465222835541 -0,743253409862518 2,23038053512573

