HipCenter 0,117167860269547 0,292725086212158 2,16336226463318
Spine 0,114269651472569 0,361955225467682 2,21734642982483
ShoulderCenter 0,104944482445717 0,74203896522522 2,19706773757935
Head 0,100064419209957 0,929951310157776 2,11801052093506
ShoulderLeft -0,0673430860042572 0,641974091529846 2,17828845977783
ElbowLeft -0,12613919377327 0,431050509214401 2,10047316551209
WristLeft 0,0724155604839325 0,457172065973282 1,916876912117
HandLeft 0,0962380617856979 0,474346041679382 1,90530896186829
ShoulderRight 0,280110746622086 0,629320323467255 2,18374395370483
ElbowRight 0,3652423620224 0,376551866531372 2,15905785560608
WristRight 0,354848891496658 0,163115650415421 2,08034253120422
HandRight 0,342678815126419 0,0757606476545334 2,05114078521729
HipLeft 0,044108472764492 0,215232759714127 2,15230822563171
KneeLeft 0,0137781519442797 -0,2821204662323 2,25461316108704
AnkleLeft 0,0226474571973085 -0,667987167835236 2,28532862663269
FootLeft -0,0197159741073847 -0,738854646682739 2,23674988746643
HipRight 0,194578632712364 0,214712858200073 2,15706205368042
KneeRight 0,244306474924088 -0,280275911092758 2,23686408996582
AnkleRight 0,247712284326553 -0,682403743267059 2,28341269493103
FootRight 0,292348206043243 -0,743837058544159 2,22891187667847

