HipCenter 0,11890110373497 0,281413584947586 2,16903209686279
Spine 0,112508714199066 0,352394044399261 2,22126531600952
ShoulderCenter 0,0992958545684814 0,740175485610962 2,20424652099609
Head 0,106796577572823 0,926576852798462 2,12351536750793
ShoulderLeft -0,0711118280887604 0,625129222869873 2,17164659500122
ElbowLeft -0,124813944101334 0,420080333948135 2,09638166427612
WristLeft 0,0742538124322891 0,438184022903442 1,99725711345673
HandLeft 0,117564171552658 0,490188360214233 1,99123871326447
ShoulderRight 0,277949750423431 0,628169000148773 2,19468402862549
ElbowRight 0,364406079053879 0,374478965997696 2,17468285560608
WristRight 0,357684731483459 0,157384872436523 2,09388041496277
HandRight 0,350871324539185 0,0773781985044479 2,06798458099365
HipLeft 0,0446419939398766 0,199974060058594 2,1478385925293
KneeLeft 0,0133225228637457 -0,283669054508209 2,25701284408569
AnkleLeft 0,0219612382352352 -0,66675990819931 2,2864727973938
FootLeft -0,0207655169069767 -0,739792943000793 2,23644948005676
HipRight 0,199970826506615 0,204697296023369 2,17397737503052
KneeRight 0,244900599122047 -0,281064480543137 2,24198293685913
AnkleRight 0,245747908949852 -0,682981729507446 2,2856457233429
FootRight 0,293269038200378 -0,744193553924561 2,23095798492432

