HipCenter 0,578578233718872 -0,0730365216732025 2,43214225769043
Spine 0,533283650875092 -0,0234911106526852 2,41030597686768
ShoulderCenter 0,301732420921326 0,237581223249435 2,31423830986023
Head 0,180419206619263 0,382679671049118 2,37386059761047
ShoulderLeft 0,243736267089844 0,160086318850517 2,44048976898193
ElbowLeft 0,0439376831054688 0,262659281492233 2,39162802696228
WristLeft -0,179954051971436 0,340828686952591 2,23302531242371
HandLeft -0,254584640264511 0,366885155439377 2,18490433692932
ShoulderRight 0,438466489315033 0,277929812669754 2,3132061958313
ElbowRight 0,200905621051788 0,31896299123764 2,27246022224426
WristRight -0,0725451707839966 0,36131089925766 2,23563718795776
HandRight -0,168290868401527 0,380562484264374 2,23484587669373
HipLeft 0,571386337280273 -0,143320739269257 2,47628879547119
KneeLeft 0,539501309394836 -0,517555475234985 2,46715426445007
AnkleLeft 0,402795732021332 -1,00176084041595 2,38730955123901
FootLeft 0,384179145097733 -1,06218183040619 2,32406997680664
HipRight 0,666533589363098 -0,0914912521839142 2,42068910598755
KneeRight 0,843112289905548 -0,443043738603592 2,27905106544495
AnkleRight 0,944313287734985 -0,796350240707397 2,24534797668457
FootRight 0,897122800350189 -0,882736325263977 2,23473811149597

