HipCenter 0,568497538566589 -0,0649355053901672 2,43379783630371
Spine 0,525424122810364 -0,0180309899151325 2,41316223144531
ShoulderCenter 0,304978787899017 0,222863212227821 2,32404804229736
Head 0,188854038715363 0,371402025222778 2,37756848335266
ShoulderLeft 0,246982604265213 0,145368292927742 2,45029926300049
ElbowLeft 0,05106520652771 0,262533813714981 2,39874291419983
WristLeft -0,0473255142569542 0,373672306537628 2,22540497779846
HandLeft 0,00376411154866219 0,423844039440155 2,21689033508301
ShoulderRight 0,440007090568542 0,279191553592682 2,3198184967041
ElbowRight 0,616561710834503 0,0676305294036865 2,26358842849731
WristRight 0,35790804028511 0,166423082351685 2,24089169502258
HandRight 0,2644362449646 0,191427111625671 2,25337719917297
HipLeft 0,564162731170654 -0,133964225649834 2,47052240371704
KneeLeft 0,535809278488159 -0,488359272480011 2,46869087219238
AnkleLeft 0,413828730583191 -0,99177086353302 2,38906741142273
FootLeft 0,396322101354599 -1,05180859565735 2,32521414756775
HipRight 0,654335021972656 -0,0818765684962273 2,42532634735107
KneeRight 0,836522877216339 -0,434398859739304 2,28279447555542
AnkleRight 0,942526876926422 -0,792185842990875 2,24621343612671
FootRight 0,897320210933685 -0,881261050701141 2,23525857925415

