HipCenter 0,520176351070404 -0,0356378220021725 2,42934226989746
Spine 0,473294973373413 0,0145752262324095 2,41373324394226
ShoulderCenter 0,242438569664955 0,261725425720215 2,35547137260437
Head 0,136473029851913 0,414738237857819 2,38633513450623
ShoulderLeft 0,184442386031151 0,184230506420135 2,48172283172607
ElbowLeft 0,0101078758016229 0,298370659351349 2,41808390617371
WristLeft -0,19418540596962 0,378775507211685 2,23489737510681
HandLeft -0,262283176183701 0,405577123165131 2,17851495742798
ShoulderRight 0,488132178783417 0,242609173059464 2,307293176651
ElbowRight 0,651901364326477 0,0202940404415131 2,25591897964478
WristRight 0,397658109664917 0,130555272102356 2,23808765411377
HandRight 0,306702136993408 0,160138547420502 2,25828671455383
HipLeft 0,514805614948273 -0,113072693347931 2,46941614151001
KneeLeft 0,511726677417755 -0,511104166507721 2,46694684028625
AnkleLeft 0,459161877632141 -0,845522046089172 2,4123330116272
FootLeft 0,395463079214096 -0,90115225315094 2,40173387527466
HipRight 0,623085141181946 -0,0685769021511078 2,41256856918335
KneeRight 0,817613124847412 -0,436651587486267 2,28850531578064
AnkleRight 0,942544877529144 -0,8062744140625 2,24803590774536
FootRight 0,89153265953064 -0,884584665298462 2,23069000244141

