HipCenter 0,31481721997261 0,194853127002716 2,35091042518616
Spine 0,296303063631058 0,247673392295837 2,34888672828674
ShoulderCenter 0,193593934178352 0,509122550487518 2,34132838249207
Head 0,054646372795105 0,625598549842834 2,34460735321045
ShoulderLeft 0,123053953051567 0,480738818645477 2,49782681465149
ElbowLeft -0,00109944492578506 0,496952801942825 2,63171195983887
WristLeft -0,210873782634735 0,445533275604248 2,6006031036377
HandLeft -0,280798554420471 0,428393423557281 2,59489130973816
ShoulderRight 0,280699372291565 0,593516707420349 2,3125364780426
ElbowRight 0,436950534582138 0,381150633096695 2,29626989364624
WristRight 0,165557295084 0,428683280944824 2,26192378997803
HandRight 0,0954345911741257 0,417197406291962 2,26867985725403
HipLeft 0,291313350200653 0,139178469777107 2,37517714500427
KneeLeft 0,322093993425369 -0,387597799301147 2,42893981933594
AnkleLeft 0,471593677997589 -0,679661512374878 2,34839725494385
FootLeft 0,473629057407379 -0,781661748886108 2,34997248649597
HipRight 0,373673141002655 0,156214624643326 2,32241988182068
KneeRight 0,341121643781662 -0,372172325849533 2,2557532787323
AnkleRight 0,368716239929199 -0,828559398651123 2,23652148246765
FootRight 0,301763594150543 -0,876951813697815 2,20436334609985

