HipCenter 0,481109440326691 0,0575795508921146 2,4034686088562
Spine 0,439933836460114 0,11409804970026 2,39492535591125
ShoulderCenter 0,213458850979805 0,391642183065414 2,37148976325989
Head 0,159151554107666 0,57128918170929 2,39075970649719
ShoulderLeft 0,152465432882309 0,359562277793884 2,58506345748901
ElbowLeft -0,0369198322296143 0,401658207178116 2,64935803413391
WristLeft -0,265201210975647 0,373771220445633 2,59301447868347
HandLeft -0,341295003890991 0,364475548267365 2,57899570465088
ShoulderRight 0,358062416315079 0,42876261472702 2,32126975059509
ElbowRight 0,0779290497303009 0,485221207141876 2,23991727828979
WristRight -0,196957916021347 0,453656256198883 2,24684476852417
HandRight -0,288586914539337 0,443134605884552 2,2539165019989
HipLeft 0,473140627145767 0,000511396094225347 2,4165472984314
KneeLeft 0,427806228399277 -0,46284282207489 2,46034955978394
AnkleLeft 0,446050494909287 -0,847906887531281 2,4058039188385
FootLeft 0,399941116571426 -0,910461723804474 2,39748167991638
HipRight 0,544664323329926 0,0359426066279411 2,39824819564819
KneeRight 0,751450002193451 -0,429134607315063 2,29520559310913
AnkleRight 0,92586886882782 -0,799199104309082 2,2480320930481
FootRight 0,906754851341248 -0,881834983825684 2,23997902870178

