HipCenter 0,494044333696365 0,0231376253068447 2,41389274597168
Spine 0,444837182760239 0,0846167206764221 2,40695810317993
ShoulderCenter 0,193642422556877 0,383804798126221 2,38462424278259
Head 0,122357174754143 0,558443784713745 2,40019273757935
ShoulderLeft 0,132649004459381 0,351724863052368 2,5981981754303
ElbowLeft -0,0636915564537048 0,40644034743309 2,63818216323853
WristLeft -0,275704562664032 0,373721450567245 2,57684087753296
HandLeft -0,346375584602356 0,362815141677856 2,56116938591003
ShoulderRight 0,443909853696823 0,357863545417786 2,32134103775024
ElbowRight 0,187809064984322 0,437378406524658 2,25796627998352
WristRight -0,102441385388374 0,441815465688705 2,22724556922913
HandRight -0,216151565313339 0,456644922494888 2,22546601295471
HipLeft 0,493455797433853 -0,0696493908762932 2,44139838218689
KneeLeft 0,44570592045784 -0,505442202091217 2,46581554412842
AnkleLeft 0,444845944643021 -0,848523557186127 2,40606784820557
FootLeft 0,399661362171173 -0,911399960517883 2,39801096916199
HipRight 0,587786436080933 0,00372407305985689 2,39317274093628
KneeRight 0,775452494621277 -0,429426282644272 2,2921199798584
AnkleRight 0,933248519897461 -0,804035365581512 2,25141620635986
FootRight 0,900921165943146 -0,883595526218414 2,23986077308655

