HipCenter 0,500910043716431 0,0159721709787846 2,41502594947815
Spine 0,449836641550064 0,0770212933421135 2,40810441970825
ShoulderCenter 0,190792322158813 0,377278327941895 2,38709926605225
Head 0,114818632602692 0,550487756729126 2,39798021316528
ShoulderLeft 0,129798889160156 0,345198452472687 2,60067296028137
ElbowLeft -0,0645372718572617 0,408808827400208 2,63662052154541
WristLeft -0,274864435195923 0,374497085809708 2,57503509521484
HandLeft -0,344973504543304 0,363059848546982 2,55929732322693
ShoulderRight 0,44134122133255 0,354892760515213 2,31633067131042
ElbowRight 0,197021007537842 0,384266555309296 2,24887871742249
WristRight -0,0899142026901245 0,424758553504944 2,22450876235962
HandRight -0,221340730786324 0,453495860099792 2,2275652885437
HipLeft 0,500968813896179 -0,0805813148617744 2,44351124763489
KneeLeft 0,474828839302063 -0,476422965526581 2,460284948349
AnkleLeft 0,433739811182022 -0,992961049079895 2,38859248161316
FootLeft 0,390176564455032 -1,05574285984039 2,33851790428162
HipRight 0,600211441516876 -0,00244503794237971 2,39140248298645
KneeRight 0,788845062255859 -0,428372263908386 2,28545808792114
AnkleRight 0,937237679958344 -0,806071102619171 2,2508385181427
FootRight 0,896066665649414 -0,882976770401001 2,23802781105042

