HipCenter 0,109536975622177 0,303096681833267 2,53926920890808
Spine 0,103862576186657 0,370713084936142 2,59674024581909
ShoulderCenter 0,119005523622036 0,75147557258606 2,58628630638123
Head 0,118001528084278 0,928552329540253 2,574542760849
ShoulderLeft -0,0507835410535336 0,654395461082459 2,56224513053894
ElbowLeft -0,255066812038422 0,726826965808868 2,38605570793152
WristLeft -0,395202994346619 0,819110453128815 2,2287802696228
HandLeft -0,467668503522873 0,849454939365387 2,15656113624573
ShoulderRight 0,279994517564774 0,626444339752197 2,60305833816528
ElbowRight 0,332372933626175 0,371017068624496 2,5912606716156
WristRight 0,330410152673721 0,152136191725731 2,52930355072021
HandRight 0,315540552139282 0,0482597127556801 2,50990748405457
HipLeft 0,0358399227261543 0,231186896562576 2,52011561393738
KneeLeft 0,00671531772240996 -0,298758327960968 2,61089038848877
AnkleLeft 0,0072680301964283 -0,662216424942017 2,62407326698303
FootLeft -0,0117445504292846 -0,737123489379883 2,58538389205933
HipRight 0,180511221289635 0,225977256894112 2,53854036331177
KneeRight 0,201319381594658 -0,305704116821289 2,62129712104797
AnkleRight 0,221968322992325 -0,669797122478485 2,61098098754883
FootRight 0,240959793329239 -0,745266318321228 2,55904459953308

