HipCenter 0,104198776185513 0,289323806762695 2,53232192993164
Spine 0,098533995449543 0,35896697640419 2,58522176742554
ShoulderCenter 0,101516671478748 0,739830076694489 2,56711578369141
Head 0,0942001715302467 0,91901683807373 2,5480625629425
ShoulderLeft -0,0573006346821785 0,62307333946228 2,55717349052429
ElbowLeft -0,109644405543804 0,35549783706665 2,53258943557739
WristLeft -0,117193572223186 0,142830669879913 2,45959091186523
HandLeft -0,13167667388916 0,0477850586175919 2,41008329391479
ShoulderRight 0,271066606044769 0,627805233001709 2,59334778785706
ElbowRight 0,329095423221588 0,364302426576614 2,57989406585693
WristRight 0,322841435670853 0,147589638829231 2,52414059638977
HandRight 0,305373817682266 0,0428436249494553 2,5037055015564
HipLeft 0,030590895563364 0,215388402342796 2,51671862602234
KneeLeft 0,00771462777629495 -0,302142471075058 2,60976123809814
AnkleLeft 0,00614914298057556 -0,663723945617676 2,62393665313721
FootLeft -0,0140417944639921 -0,738640308380127 2,58630156517029
HipRight 0,177730917930603 0,215681031346321 2,5317006111145
KneeRight 0,19699127972126 -0,307010859251022 2,61807727813721
AnkleRight 0,21973380446434 -0,671461045742035 2,6098165512085
FootRight 0,244978278875351 -0,748577117919922 2,56027626991272

