HipCenter 0,108121037483215 0,29652139544487 2,53952288627625
Spine 0,102390021085739 0,367800742387772 2,57378220558167
ShoulderCenter 0,0996631756424904 0,741409659385681 2,55917501449585
Head 0,0902946814894676 0,920855164527893 2,53428912162781
ShoulderLeft -0,0605627186596394 0,625108480453491 2,55164527893066
ElbowLeft -0,20549613237381 0,448092043399811 2,43043851852417
WristLeft -0,355486452579498 0,319508761167526 2,25917792320251
HandLeft -0,428135603666306 0,282111912965775 2,17810440063477
ShoulderRight 0,266242206096649 0,635580539703369 2,59323930740356
ElbowRight 0,326926290988922 0,374012380838394 2,59247040748596
WristRight 0,327273368835449 0,131089329719543 2,53722715377808
HandRight 0,313108056783676 0,0350031554698944 2,52116966247559
HipLeft 0,0365252308547497 0,221621975302696 2,52672791481018
KneeLeft 0,00869095604866743 -0,299873054027557 2,61497163772583
AnkleLeft 0,0100141316652298 -0,661482334136963 2,62183690071106
FootLeft -0,0118143809959292 -0,735922574996948 2,58227849006653
HipRight 0,183157548308372 0,223664164543152 2,5414457321167
KneeRight 0,202995926141739 -0,305507242679596 2,62436866760254
AnkleRight 0,2226802110672 -0,671481907367706 2,61333084106445
FootRight 0,238545089960098 -0,742212176322937 2,56586527824402

