HipCenter 0,10871909558773 0,296335160732269 2,54009795188904
Spine 0,102677196264267 0,367619454860687 2,57458138465881
ShoulderCenter 0,100361689925194 0,741916179656982 2,56097197532654
Head 0,0948732122778893 0,921927273273468 2,5388765335083
ShoulderLeft -0,0567794069647789 0,627279877662659 2,55125856399536
ElbowLeft -0,221310794353485 0,515828847885132 2,40071082115173
WristLeft -0,383504390716553 0,401993781328201 2,21540403366089
HandLeft -0,453050911426544 0,367933660745621 2,13963222503662
ShoulderRight 0,268437027931213 0,634171426296234 2,59550333023071
ElbowRight 0,328445434570313 0,367495507001877 2,59352993965149
WristRight 0,325477242469788 0,11570180952549 2,53961873054504
HandRight 0,313123345375061 0,0265857055783272 2,52009320259094
HipLeft 0,0373673625290394 0,221918150782585 2,52711272239685
KneeLeft 0,00819998886436224 -0,298726975917816 2,61477756500244
AnkleLeft 0,00914162397384644 -0,662797689437866 2,62349534034729
FootLeft -0,0124838352203369 -0,739433288574219 2,58929467201233
HipRight 0,183441385626793 0,223464652895927 2,54191493988037
KneeRight 0,202797889709473 -0,306414633989334 2,62465882301331
AnkleRight 0,22211155295372 -0,67281174659729 2,61424779891968
FootRight 0,238853573799133 -0,744036197662354 2,57817935943604

