HipCenter 0,109300255775452 0,300969213247299 2,53715801239014
Spine 0,10216049849987 0,371360123157501 2,57635307312012
ShoulderCenter 0,102441519498825 0,745554447174072 2,56294417381287
Head 0,10028975456953 0,925213932991028 2,54781723022461
ShoulderLeft -0,061162181198597 0,643338561058044 2,54764175415039
ElbowLeft -0,272739619016647 0,694074094295502 2,36461329460144
WristLeft -0,460038423538208 0,777649998664856 2,15506935119629
HandLeft -0,512594759464264 0,805583834648132 2,10196375846863
ShoulderRight 0,270862221717834 0,631848812103271 2,59887313842773
ElbowRight 0,327465891838074 0,364934772253037 2,59428262710571
WristRight 0,32247257232666 0,10503976047039 2,53529286384583
HandRight 0,314508765935898 0,0267949067056179 2,5198757648468
HipLeft 0,0375258959829807 0,226921886205673 2,52031016349792
KneeLeft 0,0089083407074213 -0,299246668815613 2,61358618736267
AnkleLeft 0,00703343097120523 -0,664014160633087 2,62398409843445
FootLeft -0,0109763694927096 -0,741313099861145 2,59365558624268
HipRight 0,183617904782295 0,225434198975563 2,54037094116211
KneeRight 0,201655954122543 -0,306350857019424 2,62338447570801
AnkleRight 0,22195428609848 -0,673087179660797 2,61421680450439
FootRight 0,239650949835777 -0,745209753513336 2,56795716285706

