HipCenter -0,0968724861741066 0,00958170834928751 2,43125915527344
Spine -0,099304273724556 0,0709439367055893 2,49598264694214
ShoulderCenter -0,0972748547792435 0,455506473779678 2,53135323524475
Head -0,0970273613929749 0,643354952335358 2,50021386146545
ShoulderLeft -0,248463064432144 0,322291553020477 2,47328352928162
ElbowLeft -0,321513116359711 0,0622392892837524 2,45601105690002
WristLeft -0,344301730394363 -0,148881703615189 2,3966691493988
HandLeft -0,350632190704346 -0,178514093160629 2,37326669692993
ShoulderRight 0,0541263297200203 0,322985410690308 2,48738098144531
ElbowRight 0,12631867825985 0,0667809844017029 2,47982573509216
WristRight 0,130072519183159 -0,144782051444054 2,4092583656311
HandRight 0,133645132184029 -0,206626653671265 2,39458465576172
HipLeft -0,164654135704041 -0,0563069880008698 2,41104340553284
KneeLeft -0,235733345150948 -0,51787006855011 2,45635485649109
AnkleLeft -0,283157348632813 -0,822946131229401 2,44125294685364
FootLeft -0,314101666212082 -0,896506547927856 2,37138104438782
HipRight -0,0289327949285507 -0,0564935281872749 2,4175808429718
KneeRight 0,0136831002309918 -0,50511646270752 2,47159147262573
AnkleRight 0,0551094934344292 -0,83276093006134 2,46285128593445
FootRight 0,0803861916065216 -0,90738046169281 2,40216755867004

