HipCenter -0,0921067744493485 0,0111574903130531 2,43370246887207
Spine -0,0944558680057526 0,0737993270158768 2,49687528610229
ShoulderCenter -0,0850551947951317 0,456685245037079 2,52351069450378
Head -0,0807321444153786 0,646879911422729 2,49404501914978
ShoulderLeft -0,238823622465134 0,324074447154999 2,46985459327698
ElbowLeft -0,326338738203049 0,0677477344870567 2,467848777771
WristLeft -0,342894434928894 -0,145052760839462 2,41480016708374
HandLeft -0,359642058610916 -0,200999602675438 2,39033555984497
ShoulderRight 0,0669923946261406 0,32244884967804 2,48997783660889
ElbowRight 0,128573149442673 0,0667900964617729 2,48623466491699
WristRight 0,130046188831329 -0,142258286476135 2,41405344009399
HandRight 0,131844848394394 -0,204120472073555 2,39608979225159
HipLeft -0,162044405937195 -0,0550276972353458 2,41216111183167
KneeLeft -0,237371355295181 -0,516611933708191 2,45303535461426
AnkleLeft -0,282220363616943 -0,824902236461639 2,43873691558838
FootLeft -0,314667671918869 -0,897709727287292 2,37149453163147
HipRight -0,0238547790795565 -0,0570108853280544 2,42354822158813
KneeRight 0,016054904088378 -0,50506591796875 2,47004699707031
AnkleRight 0,0577905401587486 -0,83310878276825 2,46047735214233
FootRight 0,0820766463875771 -0,908151268959045 2,40233683586121

