HipCenter -0,0940034464001656 0,0183343160897493 2,43316078186035
Spine -0,0963384732604027 0,0784768387675285 2,49691677093506
ShoulderCenter -0,0924900323152542 0,457970798015594 2,52833390235901
Head -0,0930799916386604 0,646468639373779 2,49976086616516
ShoulderLeft -0,271939814090729 0,328615486621857 2,47639560699463
ElbowLeft -0,500242948532104 0,240341454744339 2,45988082885742
WristLeft -0,69751900434494 0,170648008584976 2,38606214523315
HandLeft -0,76667058467865 0,134179934859276 2,35002255439758
ShoulderRight 0,0586410872638226 0,324196130037308 2,4908607006073
ElbowRight 0,127307400107384 0,0683150589466095 2,48633861541748
WristRight 0,131198808550835 -0,146173387765884 2,41404128074646
HandRight 0,135080009698868 -0,208087772130966 2,39989471435547
HipLeft -0,165581941604614 -0,0540800429880619 2,41059851646423
KneeLeft -0,234877094626427 -0,512977778911591 2,4540708065033
AnkleLeft -0,282200694084167 -0,826206684112549 2,43733882904053
FootLeft -0,315748274326324 -0,899257719516754 2,36545014381409
HipRight -0,0225679706782103 -0,05276183411479 2,42101812362671
KneeRight 0,0160699933767319 -0,503584086894989 2,47235584259033
AnkleRight 0,0570628754794598 -0,829603135585785 2,46135330200195
FootRight 0,0813656225800514 -0,907994508743286 2,40168929100037

