HipCenter -0,0950827822089195 0,0250626429915428 2,43487071990967
Spine -0,0979752540588379 0,0843702852725983 2,49792528152466
ShoulderCenter -0,0969700068235397 0,458369672298431 2,52519845962524
Head -0,0931995958089828 0,64756453037262 2,49841380119324
ShoulderLeft -0,282886862754822 0,337502717971802 2,47795486450195
ElbowLeft -0,514811873435974 0,302439779043198 2,46028447151184
WristLeft -0,723299384117126 0,264097213745117 2,39729523658752
HandLeft -0,805720388889313 0,250611245632172 2,3764169216156
ShoulderRight 0,0590349324047565 0,32485494017601 2,49199247360229
ElbowRight 0,126655623316765 0,0688790455460548 2,48830556869507
WristRight 0,131193891167641 -0,141419172286987 2,41868448257446
HandRight 0,134956642985344 -0,204433172941208 2,4031822681427
HipLeft -0,168171525001526 -0,0501419976353645 2,41161751747131
KneeLeft -0,233464807271957 -0,50911545753479 2,45305132865906
AnkleLeft -0,281623423099518 -0,826042771339417 2,43812370300293
FootLeft -0,314826369285584 -0,898225843906403 2,36596655845642
HipRight -0,0211877543479204 -0,0493598468601704 2,42237043380737
KneeRight 0,0156886596232653 -0,503487765789032 2,47227311134338
AnkleRight 0,0574709624052048 -0,829875946044922 2,46158838272095
FootRight 0,0818539783358574 -0,908368110656738 2,40217018127441

