HipCenter 0,250743389129639 0,219950169324875 2,23648428916931
Spine 0,250694543123245 0,280931532382965 2,28763675689697
ShoulderCenter 0,265895515680313 0,62483686208725 2,2818911075592
Head 0,23876066505909 0,787499248981476 2,25097298622131
ShoulderLeft 0,101755864918232 0,527678906917572 2,2765998840332
ElbowLeft 0,0748140811920166 0,254983484745026 2,2273416519165
WristLeft 0,153374254703522 0,375588685274124 1,97538781166077
HandLeft 0,137044921517372 0,372411489486694 1,99609804153442
ShoulderRight 0,40250152349472 0,525733232498169 2,29278588294983
ElbowRight 0,453685939311981 0,2879399061203 2,29782104492188
WristRight 0,490696161985397 0,0760341882705688 2,24150466918945
HandRight 0,505917191505432 0,000276103208307177 2,21645760536194
HipLeft 0,181245148181915 0,153104424476624 2,21624946594238
KneeLeft 0,159940823912621 -0,321406871080399 2,20153570175171
AnkleLeft 0,215154975652695 -0,649739384651184 2,31584715843201
FootLeft 0,189538419246674 -0,726443946361542 2,33228540420532
HipRight 0,315574616193771 0,151548027992249 2,23694348335266
KneeRight 0,316714733839035 -0,318714082241058 2,20935535430908
AnkleRight 0,305913150310516 -0,650405645370483 2,32991123199463
FootRight 0,321552306413651 -0,730917751789093 2,32078838348389

