HipCenter 0,252250999212265 0,221464812755585 2,23605251312256
Spine 0,246822968125343 0,281422108411789 2,28751254081726
ShoulderCenter 0,251136124134064 0,623324155807495 2,28382039070129
Head 0,23303110897541 0,787153124809265 2,25669240951538
ShoulderLeft 0,0911032110452652 0,507991850376129 2,2609589099884
ElbowLeft 0,0511372983455658 0,253601610660553 2,25117945671082
WristLeft -0,0497015789151192 0,265899807214737 2,4287633895874
HandLeft -0,0801272317767143 0,243338167667389 2,47603535652161
ShoulderRight 0,398012340068817 0,52903288602829 2,29988241195679
ElbowRight 0,450185239315033 0,289535820484161 2,30286836624146
WristRight 0,485999882221222 0,0847886204719543 2,23270225524902
HandRight 0,50054407119751 0,0106854690238833 2,2075526714325
HipLeft 0,184169381856918 0,148843556642532 2,20782232284546
KneeLeft 0,161754220724106 -0,316531956195831 2,20056986808777
AnkleLeft 0,217455565929413 -0,649364948272705 2,31718468666077
FootLeft 0,184744596481323 -0,725572228431702 2,31924557685852
HipRight 0,320365309715271 0,152678892016411 2,24251103401184
KneeRight 0,316748082637787 -0,314228147268295 2,20918297767639
AnkleRight 0,305375158786774 -0,651336371898651 2,32970285415649
FootRight 0,302965551614761 -0,734036266803741 2,32364249229431

