HipCenter 0,0691151171922684 0,336743950843811 2,43615174293518
Spine 0,0676375329494476 0,394696444272995 2,46608638763428
ShoulderCenter 0,0686626732349396 0,681882798671722 2,45029878616333
Head 0,0413681380450726 0,919078528881073 2,50959610939026
ShoulderLeft -0,0843331515789032 0,674294352531433 2,45546460151672
ElbowLeft 0,0978824198246002 0,635218501091003 2,32562732696533
WristLeft 0,273701906204224 0,522405683994293 2,29116344451904
HandLeft 0,332308411598206 0,484801411628723 2,28449988365173
ShoulderRight 0,237474173307419 0,740255355834961 2,46623682975769
ElbowRight 0,224415868520737 0,542454361915588 2,31652593612671
WristRight 0,133385241031647 0,722534954547882 2,2444052696228
HandRight 0,10304169356823 0,782561838626862 2,22518944740295
HipLeft -0,00252632121555507 0,259696990251541 2,42911028862
KneeLeft -0,0339976437389851 -0,282392919063568 2,52462720870972
AnkleLeft -0,042437519878149 -0,665111124515533 2,54760122299194
FootLeft -0,0656930133700371 -0,737217783927917 2,49023938179016
HipRight 0,140681251883507 0,264177709817886 2,43043971061707
KneeRight 0,179505750536919 -0,286529749631882 2,5253791809082
AnkleRight 0,204159781336784 -0,670736253261566 2,53547143936157
FootRight 0,229900062084198 -0,742635071277618 2,4892213344574

