HipCenter 0,0709111616015434 0,338441759347916 2,4373619556427
Spine 0,0711571872234344 0,394023507833481 2,46588659286499
ShoulderCenter 0,0692194327712059 0,686422407627106 2,4509289264679
Head 0,0423938855528831 0,92422342300415 2,51305484771729
ShoulderLeft -0,0834561511874199 0,677266776561737 2,45675444602966
ElbowLeft 0,107805758714676 0,63117653131485 2,32483410835266
WristLeft 0,284568339586258 0,520927548408508 2,28607964515686
HandLeft 0,343489199876785 0,484177887439728 2,27797508239746
ShoulderRight 0,233703538775444 0,752036333084106 2,45566153526306
ElbowRight 0,225561156868935 0,545822620391846 2,31588673591614
WristRight 0,120544008910656 0,716495275497437 2,23953294754028
HandRight 0,0855382904410362 0,773386180400848 2,21889519691467
HipLeft -0,00030162712209858 0,261447817087173 2,43049049377441
KneeLeft -0,0327268876135349 -0,282931625843048 2,52568197250366
AnkleLeft -0,0422922410070896 -0,663392782211304 2,54706048965454
FootLeft -0,0660398527979851 -0,736014306545258 2,49184894561768
HipRight 0,14316600561142 0,266587018966675 2,43217158317566
KneeRight 0,180387794971466 -0,28779736161232 2,52624583244324
AnkleRight 0,205381959676743 -0,671191215515137 2,53688454627991
FootRight 0,230330914258957 -0,742953538894653 2,49077749252319

