HipCenter 0,0697298645973206 0,339672923088074 2,43786144256592
Spine 0,0688506960868835 0,395465672016144 2,46453356742859
ShoulderCenter 0,0667449161410332 0,68819534778595 2,45137405395508
Head 0,0389397218823433 0,92658668756485 2,51241087913513
ShoulderLeft -0,0833726897835732 0,677551805973053 2,45688772201538
ElbowLeft 0,113964408636093 0,630555629730225 2,31873250007629
WristLeft 0,290016263723373 0,518193244934082 2,28577208518982
HandLeft 0,348700225353241 0,480739116668701 2,27958965301514
ShoulderRight 0,241014808416367 0,750686645507813 2,46682906150818
ElbowRight 0,2253497838974 0,54917323589325 2,31552338600159
WristRight 0,113448835909367 0,7126305103302 2,23238277435303
HandRight 0,0761485174298286 0,767116248607636 2,20947360992432
HipLeft -0,00142607348971069 0,262019455432892 2,43126201629639
KneeLeft -0,0328251756727695 -0,283026993274689 2,52596592903137
AnkleLeft -0,0422723963856697 -0,663332164287567 2,5472195148468
FootLeft -0,065963976085186 -0,735922634601593 2,49031734466553
HipRight 0,142507269978523 0,266352415084839 2,43248558044434
KneeRight 0,180639743804932 -0,284687906503677 2,52665948867798
AnkleRight 0,204621225595474 -0,668951213359833 2,53554272651672
FootRight 0,231087788939476 -0,74187844991684 2,49162793159485

