HipCenter 0,0682461261749268 0,335708528757095 2,43040442466736
Spine 0,0671470984816551 0,391507565975189 2,45556807518005
ShoulderCenter 0,0634394139051437 0,681452572345734 2,44269895553589
Head 0,0330840833485127 0,92180734872818 2,50117945671082
ShoulderLeft -0,0880375951528549 0,673938035964966 2,44783735275269
ElbowLeft 0,111825905740261 0,626441538333893 2,31162166595459
WristLeft 0,28833419084549 0,516563773155212 2,27375197410584
HandLeft 0,347170293331146 0,479937851428986 2,26590204238892
ShoulderRight 0,230697810649872 0,732036352157593 2,45649981498718
ElbowRight 0,220977306365967 0,5502610206604 2,30390763282776
WristRight 0,106250174343586 0,716342329978943 2,23447322845459
HandRight 0,0680077970027924 0,771702766418457 2,21610188484192
HipLeft -0,00298810214735568 0,258919060230255 2,42413806915283
KneeLeft -0,0330400392413139 -0,282160550355911 2,5229594707489
AnkleLeft -0,0422098599374294 -0,66428130865097 2,54689407348633
FootLeft -0,0663973093032837 -0,737519025802612 2,48808813095093
HipRight 0,141484498977661 0,263903260231018 2,42504167556763
KneeRight 0,179153278470039 -0,290678858757019 2,52455067634583
AnkleRight 0,204798638820648 -0,670405149459839 2,53520703315735
FootRight 0,229322925209999 -0,741682231426239 2,48808622360229

