HipCenter 0,0674291476607323 0,333166390657425 2,42907547950745
Spine 0,0668231025338173 0,389670759439468 2,45439338684082
ShoulderCenter 0,0653803944587708 0,681283414363861 2,44147181510925
Head 0,0310178957879543 0,921291589736938 2,5003662109375
ShoulderLeft -0,0891210585832596 0,672975599765778 2,44684457778931
ElbowLeft 0,105774611234665 0,626854121685028 2,31184530258179
WristLeft 0,2858607172966 0,523328065872192 2,27262592315674
HandLeft 0,345889419317245 0,488819390535355 2,26432275772095
ShoulderRight 0,229920268058777 0,736796498298645 2,45580220222473
ElbowRight 0,241811960935593 0,496926516294479 2,31982517242432
WristRight 0,142438843846321 0,672324776649475 2,24957251548767
HandRight 0,109314471483231 0,730790853500366 2,2309250831604
HipLeft -0,00433223228901625 0,257269889116287 2,42348575592041
KneeLeft -0,0332978032529354 -0,281810820102692 2,5225772857666
AnkleLeft -0,0422102324664593 -0,664174139499664 2,54719400405884
FootLeft -0,0655191093683243 -0,736894965171814 2,48838067054749
HipRight 0,140284299850464 0,262106001377106 2,4232337474823
KneeRight 0,178883388638496 -0,290322065353394 2,52425312995911
AnkleRight 0,204869642853737 -0,671396434307098 2,53547668457031
FootRight 0,228958860039711 -0,741965293884277 2,48783826828003

