HipCenter 0,0667353793978691 0,336044728755951 2,42831182479858
Spine 0,0654511600732803 0,391331225633621 2,45552253723145
ShoulderCenter 0,0620760098099709 0,681887030601501 2,44217252731323
Head 0,0300925336778164 0,923296332359314 2,50143003463745
ShoulderLeft -0,0906094759702683 0,671587407588959 2,44605946540833
ElbowLeft 0,114992178976536 0,627606153488159 2,30765962600708
WristLeft 0,290289849042892 0,515508711338043 2,27404999732971
HandLeft 0,348722398281097 0,478142887353897 2,26760029792786
ShoulderRight 0,232337683439255 0,742120385169983 2,45955896377563
ElbowRight 0,219802811741829 0,553647696971893 2,30412292480469
WristRight 0,104596555233002 0,717769980430603 2,23103308677673
HandRight 0,0661944672465324 0,772477388381958 2,21142339706421
HipLeft -0,00476725120097399 0,258983433246613 2,42083740234375
KneeLeft -0,0337776727974415 -0,280283123254776 2,52081322669983
AnkleLeft -0,0426268987357616 -0,66421639919281 2,54632639884949
FootLeft -0,0676117986440659 -0,737675607204437 2,49093341827393
HipRight 0,139898270368576 0,264270126819611 2,42395734786987
KneeRight 0,178047150373459 -0,290141314268112 2,5236964225769
AnkleRight 0,204874485731125 -0,67169851064682 2,53466057777405
FootRight 0,23038749396801 -0,741996467113495 2,48823666572571

