HipCenter 0,0674046725034714 0,324936002492905 2,4448070526123
Spine 0,0672464221715927 0,394566595554352 2,49656176567078
ShoulderCenter 0,069483682513237 0,776944398880005 2,49609637260437
Head 0,0781361237168312 0,958285808563232 2,50210928916931
ShoulderLeft -0,0848340317606926 0,661675214767456 2,47782301902771
ElbowLeft -0,173976585268974 0,656827092170715 2,26254868507385
WristLeft 0,0484989881515503 0,702755391597748 2,15455102920532
HandLeft 0,122657515108585 0,718064844608307 2,1232225894928
ShoulderRight 0,247510507702827 0,640549659729004 2,49163913726807
ElbowRight 0,300682872533798 0,448083072900772 2,40620112419128
WristRight 0,114241778850555 0,437694072723389 2,21968126296997
HandRight 0,0586372315883636 0,453847348690033 2,17377901077271
HipLeft -0,00433348631486297 0,253686159849167 2,43743872642517
KneeLeft -0,0320267453789711 -0,286440789699554 2,52557802200317
AnkleLeft -0,0422842428088188 -0,665340781211853 2,5465624332428
FootLeft -0,0650418549776077 -0,737431406974792 2,48872995376587
HipRight 0,137738987803459 0,249177873134613 2,43240308761597
KneeRight 0,18060190975666 -0,292737722396851 2,52625417709351
AnkleRight 0,20586197078228 -0,671048223972321 2,53597283363342
FootRight 0,230452552437782 -0,741660058498383 2,48973798751831

