HipCenter 0,0781006366014481 0,299240738153458 2,33826899528503
Spine 0,0776183232665062 0,368794798851013 2,3976731300354
ShoulderCenter 0,0837190672755241 0,762999057769775 2,39313888549805
Head 0,0926669165492058 0,951183080673218 2,31789565086365
ShoulderLeft -0,072472371160984 0,660947918891907 2,36597061157227
ElbowLeft -0,144406482577324 0,422202348709106 2,29312872886658
WristLeft -0,137581139802933 0,475032478570938 2,0125093460083
HandLeft -0,135343134403229 0,517844080924988 1,9582451581955
ShoulderRight 0,260275930166245 0,651285171508789 2,37323808670044
ElbowRight 0,308846980333328 0,380079060792923 2,35279607772827
WristRight 0,306238174438477 0,173029243946075 2,32323503494263
HandRight 0,305853277444839 0,0800508111715317 2,33367133140564
HipLeft 0,00174258812330663 0,226069331169128 2,32197237014771
KneeLeft -0,0372343137860298 -0,289829343557358 2,37594985961914
AnkleLeft -0,0232242736965418 -0,655091106891632 2,40488195419312
FootLeft -0,0417379140853882 -0,732335090637207 2,33838558197021
HipRight 0,152300670742989 0,222452640533447 2,33190035820007
KneeRight 0,163188740611076 -0,305628895759583 2,37224245071411
AnkleRight 0,154600724577904 -0,674461424350739 2,40225982666016
FootRight 0,165311321616173 -0,737958550453186 2,33670878410339

