HipCenter 0,0705100297927856 0,304385304450989 2,33312177658081
Spine 0,0658589154481888 0,373810112476349 2,38953399658203
ShoulderCenter 0,0769771561026573 0,758151590824127 2,37267923355103
Head 0,0977836102247238 0,94601035118103 2,30480217933655
ShoulderLeft -0,0859036222100258 0,663907408714294 2,34448790550232
ElbowLeft -0,154555976390839 0,437455028295517 2,24708223342896
WristLeft -0,154037907719612 0,400540173053741 2,03276801109314
HandLeft -0,143410921096802 0,450825899839401 2,01895403862
ShoulderRight 0,25416162610054 0,661736905574799 2,38045263290405
ElbowRight 0,297395795583725 0,390852838754654 2,37132143974304
WristRight 0,302628517150879 0,183510184288025 2,34167194366455
HandRight 0,301229566335678 0,0933251678943634 2,34945034980774
HipLeft -0,00617543049156666 0,229693606495857 2,31419062614441
KneeLeft -0,0397360511124134 -0,286851853132248 2,37237238883972
AnkleLeft -0,0231561120599508 -0,655744969844818 2,40627980232239
FootLeft -0,0421753004193306 -0,732159972190857 2,33921122550964
HipRight 0,145627424120903 0,225228071212769 2,33372044563293
KneeRight 0,160809218883514 -0,301787465810776 2,37414765357971
AnkleRight 0,153270468115807 -0,674419164657593 2,40130519866943
FootRight 0,164180129766464 -0,737812876701355 2,33639216423035

