HipCenter 0,097012922167778 0,268028736114502 2,66190671920776
Spine 0,118376411497593 0,351801365613937 2,72431707382202
ShoulderCenter 0,119216874241829 0,825446605682373 2,73384594917297
Head 0,0818149223923683 1,02946949005127 2,77120447158813
ShoulderLeft -0,0513004809617996 0,657045900821686 2,74225807189941
ElbowLeft 0,0986154526472092 0,776357233524323 2,49660897254944
WristLeft 0,316367983818054 0,733500599861145 2,54329133033752
HandLeft 0,388952165842056 0,719215035438538 2,56403231620789
ShoulderRight 0,238117426633835 0,65318751335144 2,64456677436829
ElbowRight 0,333223462104797 0,443531632423401 2,6029326915741
WristRight 0,141258224844933 0,662991166114807 2,49693894386292
HandRight 0,0772431790828705 0,645515084266663 2,54795598983765
HipLeft 0,0282582584768534 0,201344728469849 2,67013621330261
KneeLeft -0,0373841561377048 -0,440867334604263 2,72331166267395
AnkleLeft -0,0479599982500076 -0,835231423377991 2,73642802238464
FootLeft -0,0866897851228714 -0,919831275939941 2,67836833000183
HipRight 0,161423936486244 0,20127546787262 2,63319182395935
KneeRight 0,234645500779152 -0,436490923166275 2,68345642089844
AnkleRight 0,245106995105743 -0,853113830089569 2,70820426940918
FootRight 0,255353331565857 -0,925371646881104 2,66363954544067

