HipCenter 0,0984330698847771 0,266607522964478 2,66098237037659
Spine 0,118889771401882 0,350371688604355 2,7243287563324
ShoulderCenter 0,118747070431709 0,824937164783478 2,73593997955322
Head 0,0704902783036232 1,02717983722687 2,77358937263489
ShoulderLeft -0,0290494859218597 0,666692614555359 2,72583556175232
ElbowLeft -0,226997464895248 0,767564833164215 2,63505840301514
WristLeft 0,0579462349414825 0,673785924911499 2,7031238079071
HandLeft 0,152927473187447 0,642526268959045 2,7310037612915
ShoulderRight 0,230758547782898 0,669319808483124 2,64428496360779
ElbowRight 0,340161561965942 0,456418395042419 2,61872482299805
WristRight 0,149007201194763 0,674090683460236 2,51260209083557
HandRight 0,0851842164993286 0,656666934490204 2,56346583366394
HipLeft 0,0343837924301624 0,206279948353767 2,66826057434082
KneeLeft -0,0378614999353886 -0,4385746717453 2,72247457504272
AnkleLeft -0,0475065745413303 -0,83391410112381 2,7369658946991
FootLeft -0,0879847630858421 -0,919140994548798 2,67011952400208
HipRight 0,158450484275818 0,205332562327385 2,63420128822327
KneeRight 0,234073504805565 -0,431779742240906 2,68332552909851
AnkleRight 0,244571372866631 -0,850705325603485 2,7083797454834
FootRight 0,262566536664963 -0,927229106426239 2,65619325637817

