HipCenter 0,100471764802933 0,264784187078476 2,66378903388977
Spine 0,12094247341156 0,347313940525055 2,72730588912964
ShoulderCenter 0,120876923203468 0,829185366630554 2,74187254905701
Head 0,0883922651410103 1,0347706079483 2,79623532295227
ShoulderLeft -0,0258656051009893 0,665025234222412 2,73118209838867
ElbowLeft -0,232161343097687 0,754823684692383 2,65408062934875
WristLeft 0,0567512810230255 0,668085157871246 2,71349143981934
HandLeft 0,153055489063263 0,639172315597534 2,73849105834961
ShoulderRight 0,232114613056183 0,667691349983215 2,64987063407898
ElbowRight 0,338850110769272 0,459208786487579 2,61709260940552
WristRight 0,147695705294609 0,676881074905396 2,51095747947693
HandRight 0,0840021744370461 0,659492671489716 2,56171774864197
HipLeft 0,0367363318800926 0,205465957522392 2,67082190513611
KneeLeft -0,0362941361963749 -0,426546633243561 2,72139096260071
AnkleLeft -0,0468447729945183 -0,826493203639984 2,73980712890625
FootLeft -0,0788025408983231 -0,904450416564941 2,6750500202179
HipRight 0,160225242376328 0,204196214675903 2,63738369941711
KneeRight 0,236571669578552 -0,432390123605728 2,68387818336487
AnkleRight 0,244209602475166 -0,85119754076004 2,70900416374207
FootRight 0,264403581619263 -0,928572595119476 2,64853858947754

