HipCenter 0,100614167749882 0,257688492536545 2,67354083061218
Spine 0,125425457954407 0,344652771949768 2,73949503898621
ShoulderCenter 0,120941244065762 0,844598591327667 2,76698541641235
Head 0,0657501369714737 1,05041086673737 2,82047605514526
ShoulderLeft -0,0312357824295759 0,647736787796021 2,74763655662537
ElbowLeft -0,219041436910629 0,774919033050537 2,68903231620789
WristLeft 0,0624224543571472 0,664607882499695 2,7375283241272
HandLeft 0,15624375641346 0,627837479114532 2,75899982452393
ShoulderRight 0,220794498920441 0,668154716491699 2,65067028999329
ElbowRight 0,333108931779861 0,458232223987579 2,60588240623474
WristRight 0,141954511404037 0,675903797149658 2,49941539764404
HandRight 0,079875111579895 0,658956050872803 2,54889035224915
HipLeft 0,0385651886463165 0,198052868247032 2,68076276779175
KneeLeft -0,0364043638110161 -0,432133376598358 2,72633337974548
AnkleLeft -0,0468174070119858 -0,827274441719055 2,74036288261414
FootLeft -0,0882238373160362 -0,911948502063751 2,67980670928955
HipRight 0,158638343214989 0,19957172870636 2,64415240287781
KneeRight 0,237602859735489 -0,440145194530487 2,68784284591675
AnkleRight 0,243633583188057 -0,851990580558777 2,71245741844177
FootRight 0,264014691114426 -0,928612351417542 2,65662336349487

