HipCenter 0,100312776863575 0,256142914295197 2,67317962646484
Spine 0,124331474304199 0,343000113964081 2,73912191390991
ShoulderCenter 0,117420263588428 0,835764646530151 2,76186275482178
Head 0,0721206665039063 1,04371738433838 2,82573270797729
ShoulderLeft -0,0307640265673399 0,647485613822937 2,74819493293762
ElbowLeft -0,219201296567917 0,773885369300842 2,69088912010193
WristLeft 0,0625475943088531 0,66408360004425 2,73852849006653
HandLeft 0,156463891267776 0,627483010292053 2,75972104072571
ShoulderRight 0,2257159948349 0,665976464748383 2,65274977684021
ElbowRight 0,334369540214539 0,456169188022614 2,60949993133545
WristRight 0,143215104937553 0,673840761184692 2,50301361083984
HandRight 0,0812403112649918 0,656921625137329 2,5524046421051
HipLeft 0,0379961431026459 0,196521550416946 2,68070864677429
KneeLeft -0,0360135436058044 -0,434152752161026 2,72646951675415
AnkleLeft -0,0470206774771214 -0,82950747013092 2,73759412765503
FootLeft -0,0839720964431763 -0,914157271385193 2,6766574382782
HipRight 0,158726155757904 0,198040515184402 2,64416527748108
KneeRight 0,237511709332466 -0,439595848321915 2,6879026889801
AnkleRight 0,243631571531296 -0,85217273235321 2,71085214614868
FootRight 0,263866484165192 -0,929183423519135 2,65172457695007

