HipCenter 0,100287489593029 0,25825709104538 2,6711266040802
Spine 0,124893754720688 0,34440940618515 2,73638653755188
ShoulderCenter 0,120497941970825 0,826740264892578 2,75344610214233
Head 0,0683220028877258 1,03320264816284 2,82205748558044
ShoulderLeft -0,0355750136077404 0,648637235164642 2,74506568908691
ElbowLeft -0,215634241700172 0,783234715461731 2,67420220375061
WristLeft 0,0616296976804733 0,667824149131775 2,730135679245
HandLeft 0,154051005840302 0,629353940486908 2,75410342216492
ShoulderRight 0,222670242190361 0,664484858512878 2,64657330513
ElbowRight 0,334279030561447 0,458130091428757 2,60400938987732
WristRight 0,143124595284462 0,675801694393158 2,49749135971069
HandRight 0,0813429355621338 0,658935248851776 2,54672813415527
HipLeft 0,0372446291148663 0,198029518127441 2,67836952209473
KneeLeft -0,0361224673688412 -0,43387433886528 2,72659468650818
AnkleLeft -0,045563817024231 -0,831896781921387 2,7407169342041
FootLeft -0,0852972418069839 -0,916229426860809 2,67264580726624
HipRight 0,15879899263382 0,199373751878738 2,64230251312256
KneeRight 0,237849026918411 -0,439417719841003 2,68842625617981
AnkleRight 0,24611322581768 -0,855611860752106 2,70931696891785
FootRight 0,265717297792435 -0,927345514297485 2,65090227127075

