HipCenter 0,100023217499256 0,258260428905487 2,67102527618408
Spine 0,124700382351875 0,344027638435364 2,73605465888977
ShoulderCenter 0,119488790631294 0,826832890510559 2,75253033638
Head 0,067753940820694 1,03356385231018 2,81998252868652
ShoulderLeft -0,0370484180748463 0,648778438568115 2,74535870552063
ElbowLeft -0,214813634753227 0,786169588565826 2,67384552955627
WristLeft 0,0614588409662247 0,668784558773041 2,73027324676514
HandLeft 0,153549671173096 0,629656195640564 2,75440645217896
ShoulderRight 0,221456453204155 0,663800358772278 2,64583110809326
ElbowRight 0,334787100553513 0,454715639352798 2,60218143463135
WristRight 0,143632709980011 0,6723872423172 2,49566149711609
HandRight 0,0818688124418259 0,655525684356689 2,5448842048645
HipLeft 0,0367516875267029 0,197621673345566 2,67846322059631
KneeLeft -0,0362137332558632 -0,434008777141571 2,72675490379334
AnkleLeft -0,0455936565995216 -0,83446329832077 2,73964071273804
FootLeft -0,0872321724891663 -0,917060136795044 2,67517685890198
HipRight 0,158788412809372 0,199302569031715 2,6423602104187
KneeRight 0,237795606255531 -0,440392434597015 2,68835401535034
AnkleRight 0,245794624090195 -0,855619668960571 2,7091658115387
FootRight 0,267465621232986 -0,928058564662933 2,65075445175171

