HipCenter 0,0997640714049339 0,258891701698303 2,67122197151184
Spine 0,124948777258396 0,345560342073441 2,73629331588745
ShoulderCenter 0,121920824050903 0,842173516750336 2,75712561607361
Head 0,062787801027298 1,04700469970703 2,82522821426392
ShoulderLeft -0,0385071821510792 0,648004829883575 2,74686169624329
ElbowLeft -0,212572067975998 0,789823174476624 2,6747133731842
WristLeft 0,0623254776000977 0,669771194458008 2,73179173469543
HandLeft 0,15395799279213 0,629753887653351 2,75614476203918
ShoulderRight 0,220774114131927 0,667776226997375 2,64686608314514
ElbowRight 0,334527760744095 0,453989863395691 2,60465717315674
WristRight 0,143373340368271 0,671661496162415 2,49812889099121
HandRight 0,0816625952720642 0,65481436252594 2,54730916023254
HipLeft 0,0360210798680782 0,19793738424778 2,6786835193634
KneeLeft -0,0366510152816772 -0,436769187450409 2,72735810279846
AnkleLeft -0,046993687748909 -0,831817150115967 2,73950219154358
FootLeft -0,0819445326924324 -0,912251830101013 2,67916464805603
HipRight 0,159105628728867 0,199055910110474 2,64289999008179
KneeRight 0,23711858689785 -0,44034332036972 2,68901872634888
AnkleRight 0,244871884584427 -0,851582705974579 2,71064472198486
FootRight 0,26634156703949 -0,928728103637695 2,65439367294312

