HipCenter 0,101530574262142 0,256766676902771 2,67212319374084
Spine 0,126430571079254 0,343234449625015 2,73734045028687
ShoulderCenter 0,124979227781296 0,83912992477417 2,75745177268982
Head 0,0684200450778008 1,04555857181549 2,82557559013367
ShoulderLeft -0,0310115311294794 0,646145284175873 2,74294686317444
ElbowLeft -0,218195348978043 0,773223161697388 2,68322896957397
WristLeft 0,0626035332679749 0,663269877433777 2,73214626312256
HandLeft 0,156203165650368 0,626618802547455 2,75379490852356
ShoulderRight 0,226014971733093 0,666169881820679 2,64596652984619
ElbowRight 0,336186021566391 0,452640861272812 2,60110759735107
WristRight 0,145031690597534 0,670312643051147 2,49453139305115
HandRight 0,0836210027337074 0,653547406196594 2,54347252845764
HipLeft 0,0383856184780598 0,196776419878006 2,67936158180237
KneeLeft -0,0366381108760834 -0,434515476226807 2,72740626335144
AnkleLeft -0,0480491891503334 -0,831380903720856 2,73979353904724
FootLeft -0,0905199646949768 -0,920197725296021 2,67802739143372
HipRight 0,160409569740295 0,197824254631996 2,6443772315979
KneeRight 0,237718179821968 -0,436894237995148 2,68857264518738
AnkleRight 0,244118675589561 -0,850113034248352 2,70967578887939
FootRight 0,268766403198242 -0,929850578308105 2,65646600723267

