HipCenter 0,101360879838467 0,257030487060547 2,67227363586426
Spine 0,126601129770279 0,343714147806168 2,73744416236877
ShoulderCenter 0,123788803815842 0,839682817459106 2,75814628601074
Head 0,0689590349793434 1,04702472686768 2,82194089889526
ShoulderLeft -0,0309392269700766 0,648170590400696 2,74278020858765
ElbowLeft -0,220025464892387 0,771545708179474 2,67962884902954
WristLeft 0,0612296909093857 0,663957715034485 2,73041653633118
HandLeft 0,154981404542923 0,628095030784607 2,75268959999084
ShoulderRight 0,222662553191185 0,667966723442078 2,64552211761475
ElbowRight 0,336344599723816 0,455868124961853 2,60163569450378
WristRight 0,145190194249153 0,673539698123932 2,49505591392517
HandRight 0,0838009864091873 0,656780421733856 2,54398012161255
HipLeft 0,0384662486612797 0,197345376014709 2,67956161499023
KneeLeft -0,0366362929344177 -0,434008598327637 2,7275652885437
AnkleLeft -0,046505156904459 -0,829522371292114 2,74185633659363
FootLeft -0,0885837525129318 -0,915604054927826 2,67608046531677
HipRight 0,159656152129173 0,198606967926025 2,64455962181091
KneeRight 0,237749755382538 -0,439163267612457 2,68960237503052
AnkleRight 0,245833918452263 -0,853841185569763 2,709547996521
FootRight 0,262649774551392 -0,923800408840179 2,65785908699036

