HipCenter 0,104572467505932 0,226560682058334 2,66721677780151
Spine 0,0829459503293037 0,307625532150269 2,72718501091003
ShoulderCenter 0,102923303842545 0,771060466766357 2,73473763465881
Head 0,0892659202218056 0,976096391677856 2,77988195419312
ShoulderLeft -0,0458149090409279 0,595204949378967 2,55631947517395
ElbowLeft -0,069074735045433 0,601724803447723 2,29469347000122
WristLeft 0,161256164312363 0,640358746051788 2,42829442024231
HandLeft 0,238033130764961 0,653236746788025 2,47798013687134
ShoulderRight 0,260385602712631 0,598349034786224 2,68244314193726
ElbowRight 0,160400092601776 0,3636554479599 2,48536276817322
WristRight 0,00926326215267181 0,621183812618256 2,43554449081421
HandRight -0,0553629919886589 0,603540778160095 2,48704862594604
HipLeft 0,0358889512717724 0,164969176054001 2,6566698551178
KneeLeft -0,0364058017730713 -0,42954608798027 2,71870231628418
AnkleLeft -0,0477929785847664 -0,826559901237488 2,73711514472961
FootLeft -0,0863393545150757 -0,915759444236755 2,67421317100525
HipRight 0,173114508390427 0,159858092665672 2,65939402580261
KneeRight 0,235064804553986 -0,43410336971283 2,68052411079407
AnkleRight 0,242137208580971 -0,848552763462067 2,70802807807922
FootRight 0,264188349246979 -0,926149129867554 2,65442681312561

