HipCenter 0,260172665119171 0,215142294764519 2,2439968585968
Spine 0,256100416183472 0,274977535009384 2,29685068130493
ShoulderCenter 0,265236705541611 0,617924332618713 2,29366731643677
Head 0,247216030955315 0,790151596069336 2,26805758476257
ShoulderLeft 0,0926178470253944 0,479004889726639 2,25551509857178
ElbowLeft 0,0247505288571119 0,286969661712646 2,31544280052185
WristLeft 0,219280257821083 0,365582585334778 2,16831064224243
HandLeft 0,378397732973099 0,402458369731903 2,09005546569824
ShoulderRight 0,415458619594574 0,512467741966248 2,29360055923462
ElbowRight 0,450766384601593 0,275719314813614 2,26843190193176
WristRight 0,469762593507767 0,0723240673542023 2,19935297966003
HandRight 0,467801123857498 0,0027669204864651 2,1665256023407
HipLeft 0,188250541687012 0,138813182711601 2,22400331497192
KneeLeft 0,162702769041061 -0,311513304710388 2,19950485229492
AnkleLeft 0,227338582277298 -0,645209014415741 2,31952714920044
FootLeft 0,176815927028656 -0,708286106586456 2,31564021110535
HipRight 0,330448746681213 0,146145462989807 2,24108076095581
KneeRight 0,327454686164856 -0,3057581782341 2,21309542655945
AnkleRight 0,310526132583618 -0,647803783416748 2,33025121688843
FootRight 0,317168116569519 -0,727684259414673 2,31923484802246

