HipCenter 0,259155184030533 0,214990481734276 2,24050998687744
Spine 0,262840569019318 0,274766266345978 2,29396653175354
ShoulderCenter 0,272643089294434 0,620462715625763 2,29279828071594
Head 0,243831962347031 0,787915349006653 2,26870012283325
ShoulderLeft 0,0977625697851181 0,507015883922577 2,29128837585449
ElbowLeft 0,0660251677036285 0,279785871505737 2,25853061676025
WristLeft 0,130377203226089 0,363860309123993 2,03043103218079
HandLeft 0,146159395575523 0,371962755918503 2,00829648971558
ShoulderRight 0,413124680519104 0,507612526416779 2,2807514667511
ElbowRight 0,456673800945282 0,269705384969711 2,25342440605164
WristRight 0,470613300800323 0,0747070834040642 2,18266868591309
HandRight 0,46770703792572 0,00874738674610853 2,15163660049438
HipLeft 0,186939507722855 0,14238129556179 2,22787880897522
KneeLeft 0,16781809926033 -0,315984070301056 2,2017297744751
AnkleLeft 0,231159403920174 -0,645672738552094 2,31959700584412
FootLeft 0,188957825303078 -0,714764356613159 2,31719613075256
HipRight 0,326636284589767 0,146559506654739 2,22951149940491
KneeRight 0,325911819934845 -0,304645627737045 2,21072483062744
AnkleRight 0,310540765523911 -0,647324681282043 2,33082318305969
FootRight 0,309205085039139 -0,727902710437775 2,32271218299866

