HipCenter 0,260492652654648 0,214199781417847 2,23515868186951
Spine 0,263112545013428 0,274196922779083 2,28857851028442
ShoulderCenter 0,273769378662109 0,618884801864624 2,28641605377197
Head 0,242791801691055 0,787875413894653 2,25949168205261
ShoulderLeft 0,100753381848335 0,49785378575325 2,27854990959167
ElbowLeft 0,0640468150377274 0,283691942691803 2,22267055511475
WristLeft 0,0194008834660053 0,352627396583557 2,01842474937439
HandLeft 0,00568120740354061 0,373811274766922 1,95964574813843
ShoulderRight 0,414295256137848 0,507904529571533 2,27724623680115
ElbowRight 0,456559509038925 0,269126206636429 2,25070929527283
WristRight 0,471581608057022 0,0741407051682472 2,18143630027771
HandRight 0,470439046621323 0,0104797873646021 2,15062427520752
HipLeft 0,189111948013306 0,142389476299286 2,22259783744812
KneeLeft 0,172179609537125 -0,316001772880554 2,20062375068665
AnkleLeft 0,224264204502106 -0,646835327148438 2,31792140007019
FootLeft 0,189450204372406 -0,719893336296082 2,31375813484192
HipRight 0,327310532331467 0,146804764866829 2,22548413276672
KneeRight 0,327642232179642 -0,309136927127838 2,21141123771667
AnkleRight 0,313074886798859 -0,649188756942749 2,33056354522705
FootRight 0,307956546545029 -0,729384660720825 2,3201117515564

