HipCenter 0,122092232108116 0,0545055270195007 2,50533175468445
Spine 0,107853062450886 0,121126927435398 2,56451940536499
ShoulderCenter 0,122207343578339 0,511149168014526 2,57416033744812
Head 0,133042454719543 0,690795600414276 2,57425880432129
ShoulderLeft -0,0145054189488292 0,367032408714294 2,48716473579407
ElbowLeft -0,0885307118296623 0,140083223581314 2,5134813785553
WristLeft -0,21202564239502 0,220338732004166 2,2531042098999
HandLeft -0,248111456632614 0,225350603461266 2,20027995109558
ShoulderRight 0,2708560526371 0,390908986330032 2,57276248931885
ElbowRight 0,317805916070938 0,113012358546257 2,55704522132874
WristRight 0,333369553089142 -0,0915716737508774 2,44588088989258
HandRight 0,328345715999603 -0,14863720536232 2,42000079154968
HipLeft 0,0579302571713924 -0,00878147594630718 2,47464799880981
KneeLeft -0,000140196949359961 -0,498714745044708 2,4627046585083
AnkleLeft 0,0172021575272083 -0,82390308380127 2,46204471588135
FootLeft 0,00946264900267124 -0,910527884960175 2,42444658279419
HipRight 0,185761258006096 -0,0146886920556426 2,51180195808411
KneeRight 0,214248970150948 -0,515692234039307 2,48751878738403
AnkleRight 0,280634820461273 -0,83412230014801 2,50531697273254
FootRight 0,270080387592316 -0,904253840446472 2,45043516159058

