HipCenter 0,121154636144638 0,054665319621563 2,49935340881348
Spine 0,105948328971863 0,121721692383289 2,55739140510559
ShoulderCenter 0,125670149922371 0,508680701255798 2,56256294250488
Head 0,139093518257141 0,691857576370239 2,55664277076721
ShoulderLeft -0,0108338529244065 0,363552391529083 2,47571206092834
ElbowLeft -0,089435450732708 0,149200573563576 2,48108196258545
WristLeft -0,114746406674385 -0,091068223118782 2,27174687385559
HandLeft -0,123891487717628 -0,181714683771133 2,20260214805603
ShoulderRight 0,279538869857788 0,388664722442627 2,57134795188904
ElbowRight 0,325272530317307 0,114248961210251 2,55957579612732
WristRight 0,333491504192352 -0,0937173962593079 2,44858574867249
HandRight 0,334780365228653 -0,171332776546478 2,41510820388794
HipLeft 0,0567215234041214 -0,0102891325950623 2,46814703941345
KneeLeft 0,00189557741396129 -0,503229379653931 2,4614086151123
AnkleLeft 0,0216956529766321 -0,840790569782257 2,46351003646851
FootLeft 0,00759048201143742 -0,912693083286285 2,4321300983429
HipRight 0,184827581048012 -0,0154215469956398 2,50600171089172
KneeRight 0,215687215328217 -0,527508914470673 2,48647999763489
AnkleRight 0,28012490272522 -0,84542453289032 2,50095987319946
FootRight 0,277238667011261 -0,921876668930054 2,45016479492188

