HipCenter -0,143237292766571 0,0427168123424053 2,45359516143799
Spine -0,156453251838684 0,106483921408653 2,51119112968445
ShoulderCenter -0,127280473709106 0,476269364356995 2,52194738388062
Head -0,168946474790573 0,654740989208221 2,55541968345642
ShoulderLeft -0,264173239469528 0,386734366416931 2,45183777809143
ElbowLeft -0,104107677936554 0,30871394276619 2,30893111228943
WristLeft -0,0239527672529221 0,499143779277802 2,34286093711853
HandLeft 0,0248961076140404 0,504440784454346 2,28576755523682
ShoulderRight 0,0113558610901237 0,382780849933624 2,53878879547119
ElbowRight -0,045440498739481 0,157183572649956 2,35501861572266
WristRight -0,235861867666245 0,243125140666962 2,30423045158386
HandRight -0,297510415315628 0,302347987890244 2,29284048080444
HipLeft -0,206290692090988 -0,0166054293513298 2,43233346939087
KneeLeft -0,286315858364105 -0,477828294038773 2,47677636146545
AnkleLeft -0,341955274343491 -0,832605063915253 2,4947624206543
FootLeft -0,376957386732101 -0,901713311672211 2,43276476860046
HipRight -0,083485022187233 -0,020327489823103 2,45061922073364
KneeRight -0,018213814124465 -0,50163197517395 2,48678779602051
AnkleRight 0,0433023124933243 -0,839146554470062 2,49093675613403
FootRight 0,0762234181165695 -0,910119771957397 2,42285108566284

