HipCenter -0,142007425427437 0,046054545789957 2,45427870750427
Spine -0,153682246804237 0,109044454991817 2,51292324066162
ShoulderCenter -0,119759224355221 0,477752655744553 2,53134393692017
Head -0,170798286795616 0,65494704246521 2,55703496932983
ShoulderLeft -0,274503409862518 0,379739373922348 2,45729923248291
ElbowLeft -0,109799221158028 0,339368551969528 2,3024468421936
WristLeft -0,0339941903948784 0,530375003814697 2,34042978286743
HandLeft 0,0146753629669547 0,534956991672516 2,28305315971375
ShoulderRight 0,0109971137717366 0,385906726121902 2,54384613037109
ElbowRight -0,0412266813218594 0,155155941843987 2,35723042488098
WristRight -0,231535837054253 0,241046905517578 2,30646657943726
HandRight -0,293365240097046 0,300443530082703 2,29504323005676
HipLeft -0,207899734377861 -0,0177366156131029 2,42975473403931
KneeLeft -0,286347091197968 -0,480221688747406 2,47723317146301
AnkleLeft -0,341930836439133 -0,830053627490997 2,4941873550415
FootLeft -0,376394033432007 -0,901818215847015 2,43358039855957
HipRight -0,0820218324661255 -0,0188512317836285 2,45253992080688
KneeRight -0,0187278520315886 -0,500064134597778 2,48642683029175
AnkleRight 0,0423512570559978 -0,837402045726776 2,48934507369995
FootRight 0,0756137296557426 -0,90943455696106 2,42119836807251

