HipCenter -0,141739711165428 0,0479725115001202 2,45659351348877
Spine -0,156060338020325 0,111370235681534 2,51441407203674
ShoulderCenter -0,124617092311382 0,484322905540466 2,5335807800293
Head -0,169764474034309 0,654218137264252 2,55605292320251
ShoulderLeft -0,263599038124084 0,377941191196442 2,454594373703
ElbowLeft -0,103392571210861 0,328254073858261 2,29693531990051
WristLeft -0,0478033572435379 0,521938741207123 2,34947443008423
HandLeft 0,00248905690386891 0,53023886680603 2,2930154800415
ShoulderRight 0,016825133934617 0,383377730846405 2,55436182022095
ElbowRight -0,0419677346944809 0,155759856104851 2,36186528205872
WristRight -0,233969137072563 0,236598923802376 2,30726456642151
HandRight -0,296341240406036 0,296517014503479 2,29574108123779
HipLeft -0,208499282598495 -0,0171429496258497 2,43093156814575
KneeLeft -0,287012755870819 -0,477869063615799 2,47735452651978
AnkleLeft -0,340947717428207 -0,830655634403229 2,4948616027832
FootLeft -0,377573013305664 -0,90357631444931 2,43607974052429
HipRight -0,0805213004350662 -0,0186982080340385 2,45521593093872
KneeRight -0,0183055847883224 -0,499463260173798 2,48684096336365
AnkleRight 0,0413829497992992 -0,836576044559479 2,49222850799561
FootRight 0,0749522969126701 -0,909670412540436 2,42284774780273

