HipCenter -0,140538483858109 0,0476240627467632 2,45873975753784
Spine -0,153593063354492 0,109914615750313 2,51788306236267
ShoulderCenter -0,117215409874916 0,481562435626984 2,54204249382019
Head -0,165877938270569 0,656063318252563 2,56843614578247
ShoulderLeft -0,273593962192535 0,378553569316864 2,46634960174561
ElbowLeft -0,102151498198509 0,250425547361374 2,32754588127136
WristLeft -0,0162299424409866 0,439372360706329 2,35793399810791
HandLeft 0,0320046134293079 0,443641245365143 2,30067181587219
ShoulderRight 0,0134427724406123 0,401885002851486 2,57101607322693
ElbowRight -0,0384985059499741 0,174103945493698 2,37633728981018
WristRight -0,235352411866188 0,220489889383316 2,29777073860168
HandRight -0,298030287027359 0,280701667070389 2,28619074821472
HipLeft -0,207031339406967 -0,0161401182413101 2,43043947219849
KneeLeft -0,288135141134262 -0,484066992998123 2,47922515869141
AnkleLeft -0,342920780181885 -0,836208343505859 2,49592089653015
FootLeft -0,378869891166687 -0,904618620872498 2,42967677116394
HipRight -0,0802788287401199 -0,0183084942400455 2,4583728313446
KneeRight -0,0181118007749319 -0,499719977378845 2,48817992210388
AnkleRight 0,0424158573150635 -0,837687373161316 2,4899115562439
FootRight 0,0755302831530571 -0,908786058425903 2,42474317550659

