HipCenter -0,0187021996825933 -0,0338206067681313 2,21553134918213
Spine -0,0252923760563135 0,0128365699201822 2,24466037750244
ShoulderCenter -0,0440170541405678 0,257585465908051 2,22798347473145
Head -0,0459083393216133 0,458309471607208 2,16553139686584
ShoulderLeft -0,215289399027824 0,172504752874374 2,21961784362793
ElbowLeft -0,353882133960724 0,0805137306451797 2,16373038291931
WristLeft -0,138280838727951 0,0845995023846626 2,13944125175476
HandLeft -0,0664137452840805 0,0859614238142967 2,13477277755737
ShoulderRight 0,129067987203598 0,175771132111549 2,24694538116455
ElbowRight 0,212865754961967 -0,0372175723314285 2,20235013961792
WristRight 0,260141789913177 -0,176961749792099 2,10732316970825
HandRight 0,256814032793045 -0,205578878521919 2,05352115631104
HipLeft -0,0879792049527168 -0,117740780115128 2,19948792457581
KneeLeft -0,0897794589400291 -0,306211769580841 1,91797208786011
AnkleLeft -0,0341732650995255 -0,680667042732239 2,0274612903595
FootLeft -0,0762700289487839 -0,740700125694275 1,98015487194061
HipRight 0,064903236925602 -0,104128479957581 2,21724987030029
KneeRight 0,221631407737732 -0,305829733610153 1,95058953762054
AnkleRight 0,177588507533073 -0,678230583667755 2,05154800415039
FootRight 0,224366724491119 -0,744804620742798 2,00259733200073

