HipCenter -0,0240697432309389 -0,140886813402176 2,03041076660156
Spine -0,042843259871006 -0,0962987989187241 2,01225852966309
ShoulderCenter -0,134583324193954 0,133575707674026 1,93863427639008
Head -0,0577947795391083 0,0706956088542938 1,73513877391815
ShoulderLeft -0,192137539386749 0,0498649552464485 1,92141401767731
ElbowLeft -0,249180376529694 -0,0725743174552917 1,99936187267303
WristLeft -0,369046896696091 0,0608912259340286 2,02117037773132
HandLeft -0,409002423286438 0,105379745364189 2,03183484077454
ShoulderRight 0,145878553390503 -0,00319899944588542 1,89909493923187
ElbowRight 0,26198348402977 -0,135637864470482 2,00991153717041
WristRight 0,230105087161064 -0,315526515245438 1,86752927303314
HandRight 0,228366881608963 -0,375523418188095 1,86763346195221
HipLeft -0,075516514480114 -0,199679106473923 2,0583291053772
KneeLeft -0,0700888484716415 -0,418946385383606 1,83435392379761
AnkleLeft -0,034398328512907 -0,684485137462616 2,04151296615601
FootLeft -0,0701531022787094 -0,740396797657013 1,98764884471893
HipRight 0,085915818810463 -0,220046535134315 2,0452561378479
KneeRight 0,246051430702209 -0,461358606815338 1,93537652492523
AnkleRight 0,185645714402199 -0,745400905609131 2,04646015167236
FootRight 0,230656921863556 -0,74435031414032 1,98345804214478

