HipCenter -0,0394932217895985 -0,156661972403526 2,03002953529358
Spine -0,0626491978764534 -0,13680163025856 2,01317739486694
ShoulderCenter -0,178315281867981 -0,0253750663250685 1,92951834201813
Head -0,0644122958183289 0,0282953064888716 1,73893535137177
ShoulderLeft -0,237892955541611 -0,107225112617016 1,91923344135284
ElbowLeft -0,281000673770905 0,0350827053189278 1,96777403354645
WristLeft -0,418493181467056 0,0709994360804558 2,03888535499573
HandLeft -0,464324027299881 0,0829716771841049 2,06597375869751
ShoulderRight 0,152397677302361 -0,00823979079723358 1,90218901634216
ElbowRight 0,266656309366226 -0,139211565256119 2,0145206451416
WristRight 0,233522981405258 -0,326472103595734 1,89083957672119
HandRight 0,218573391437531 -0,410337865352631 1,89947664737701
HipLeft -0,0751412063837051 -0,242640897631645 2,06408023834229
KneeLeft -0,0711711943149567 -0,417931914329529 1,79820239543915
AnkleLeft -0,0395672470331192 -0,68476402759552 2,03687047958374
FootLeft -0,0697602853178978 -0,740165889263153 1,98585534095764
HipRight 0,122148409485817 -0,180057898163795 2,06854438781738
KneeRight 0,265695869922638 -0,385203182697296 1,87550520896912
AnkleRight 0,169917792081833 -0,677728891372681 2,04675078392029
FootRight 0,218965426087379 -0,747579753398895 2,00242924690247

