HipCenter -0,0400345884263515 -0,156231477856636 2,02987623214722
Spine -0,0635043457150459 -0,135747134685516 2,01266050338745
ShoulderCenter -0,179836302995682 -0,0239740796387196 1,92957830429077
Head -0,064845122396946 0,0284944996237755 1,73923921585083
ShoulderLeft -0,23941396176815 -0,105824127793312 1,91929340362549
ElbowLeft -0,28124725818634 0,0377560704946518 1,96590137481689
WristLeft -0,41812390089035 0,0696410611271858 2,03965950012207
HandLeft -0,463749438524246 0,0802693888545036 2,06763100624084
ShoulderRight 0,157958894968033 -0,0105389459058642 1,90524315834045
ElbowRight 0,266394406557083 -0,138949155807495 2,01403069496155
WristRight 0,235796749591827 -0,328556954860687 1,89361596107483
HandRight 0,241606146097183 -0,405739039182663 1,91617953777313
HipLeft -0,0758040323853493 -0,241976425051689 2,06430697441101
KneeLeft -0,0708457455039024 -0,41786190867424 1,79874396324158
AnkleLeft -0,0387657321989536 -0,685545384883881 2,03794455528259
FootLeft -0,0696573406457901 -0,740119814872742 1,98550879955292
HipRight 0,121275454759598 -0,181331470608711 2,06882834434509
KneeRight 0,258347809314728 -0,400583565235138 1,88740456104279
AnkleRight 0,169522315263748 -0,677971959114075 2,0471351146698
FootRight 0,21887232363224 -0,747812867164612 2,00288033485413

