HipCenter -0,0225362926721573 -0,159992918372154 2,02700424194336
Spine -0,0459862500429153 -0,127579122781754 2,0023455619812
ShoulderCenter -0,15581339597702 0,0447863079607487 1,90053296089172
Head -0,0533274933695793 0,0451415590941906 1,69780457019806
ShoulderLeft -0,193587094545364 0,0474644377827644 1,92013561725616
ElbowLeft -0,329577565193176 0,025774335488677 1,98817193508148
WristLeft -0,439966857433319 0,11063826829195 2,06353068351746
HandLeft -0,476763278245926 0,138926237821579 2,0920307636261
ShoulderRight 0,142783254384995 -0,00877884216606617 1,89909517765045
ElbowRight 0,269042670726776 -0,130952432751656 2,00367283821106
WristRight 0,228192061185837 -0,313904523849487 1,8763599395752
HandRight 0,238951608538628 -0,390746921300888 1,89824461936951
HipLeft -0,0607469826936722 -0,209107667207718 2,07056212425232
KneeLeft -0,0782481878995895 -0,415059775114059 1,82715439796448
AnkleLeft -0,036885105073452 -0,68541294336319 2,03980207443237
FootLeft -0,0693361759185791 -0,739597201347351 1,98592281341553
HipRight 0,0917020812630653 -0,222202658653259 2,04925656318665
KneeRight 0,256482571363449 -0,466233253479004 1,93697726726532
AnkleRight 0,187774807214737 -0,741518795490265 2,04589056968689
FootRight 0,228551551699638 -0,747770190238953 1,9807106256485

