HipCenter -0,0237759612500668 -0,140287309885025 2,03224062919617
Spine -0,039023332297802 -0,0962938144803047 2,01247024536133
ShoulderCenter -0,12261188775301 0,125416845083237 1,92900145053864
Head -0,0346332490444183 0,0635779649019241 1,73083984851837
ShoulderLeft -0,183230876922607 0,0467992387712002 1,91448485851288
ElbowLeft -0,317759901285172 0,0367217473685741 1,97818601131439
WristLeft -0,436352878808975 0,0871754363179207 2,06065917015076
HandLeft -0,47588387131691 0,103993333876133 2,09152460098267
ShoulderRight 0,152181103825569 -0,0202881805598736 1,8938319683075
ElbowRight 0,267260193824768 -0,131955683231354 1,9972106218338
WristRight 0,224734395742416 -0,319272577762604 1,89116132259369
HandRight 0,20944932103157 -0,398282647132874 1,89586746692657
HipLeft -0,0746453255414963 -0,19514924287796 2,05864763259888
KneeLeft -0,0744379013776779 -0,4221550822258 1,83731687068939
AnkleLeft -0,0355026088654995 -0,687845170497894 2,04181385040283
FootLeft -0,0718433856964111 -0,740840613842011 1,9848964214325
HipRight 0,0734274536371231 -0,222114682197571 2,05563139915466
KneeRight 0,241654276847839 -0,460128009319305 1,93972671031952
AnkleRight 0,182894647121429 -0,729145646095276 2,04758024215698
FootRight 0,227602526545525 -0,7507563829422 1,9886862039566

