HipCenter 0,0100595783442259 -0,188091248273849 2,03875708580017
Spine -0,02187480032444 -0,170321434736252 2,02585077285767
ShoulderCenter -0,171733409166336 -0,075701005756855 1,97113978862762
Head -0,0673022419214249 0,00213988125324249 1,78528833389282
ShoulderLeft -0,185438185930252 -0,0898222327232361 2,00608968734741
ElbowLeft -0,287614643573761 0,038065355271101 1,95968341827393
WristLeft -0,413836687803268 0,0713315606117249 2,03970146179199
HandLeft -0,455910712480545 0,0824202969670296 2,06974768638611
ShoulderRight -0,13709057867527 0,0835956633090973 1,90456342697144
ElbowRight 0,0342953056097031 -0,0392485707998276 1,92465817928314
WristRight 0,124152973294258 -0,23314556479454 1,89478278160095
HandRight 0,162348687648773 -0,301797598600388 1,89884102344513
HipLeft 0,0243886262178421 -0,248765826225281 2,0516471862793
KneeLeft -0,122159227728844 -0,412027537822723 1,82267606258392
AnkleLeft -0,033211100846529 -0,687971472740173 2,04165363311768
FootLeft -0,0712565258145332 -0,740689635276794 1,98559868335724
HipRight 0,0584543831646442 -0,152946099638939 2,04343628883362
KneeRight 0,227372601628304 -0,422004729509354 1,94536423683167
AnkleRight 0,169100925326347 -0,691835343837738 2,05115437507629
FootRight 0,219716310501099 -0,74653685092926 1,99852669239044

