HipCenter 0,00967203732579947 -0,176973700523376 2,03991389274597
Spine -0,0117070013657212 -0,12693852186203 2,01862335205078
ShoulderCenter -0,117832198739052 0,126469492912292 1,92858576774597
Head -0,0306710377335548 0,0632443130016327 1,73143374919891
ShoulderLeft -0,230104476213455 -0,0429745428264141 1,98724901676178
ElbowLeft -0,328603655099869 0,0809160470962524 1,96095669269562
WristLeft -0,424921721220016 0,0495622605085373 2,07263684272766
HandLeft -0,457027733325958 0,0391109958291054 2,11323285102844
ShoulderRight -0,155073016881943 0,0490251816809177 1,89539134502411
ElbowRight 0,0245137363672256 -0,0591954775154591 1,9199070930481
WristRight 0,124949358403683 -0,247401550412178 1,88925993442535
HandRight 0,162222743034363 -0,315778285264969 1,89871835708618
HipLeft -0,0021336586214602 -0,223585650324821 2,05542659759521
KneeLeft -0,104382023215294 -0,417151540517807 1,82835817337036
AnkleLeft -0,035284623503685 -0,685898900032043 2,03903269767761
FootLeft -0,0718550607562065 -0,741012990474701 1,98624730110168
HipRight 0,0390880107879639 -0,176626428961754 2,04160356521606
KneeRight 0,226871371269226 -0,427782595157623 1,95049250125885
AnkleRight 0,166218116879463 -0,69640040397644 2,05553412437439
FootRight 0,220221772789955 -0,746079325675964 1,998868227005

