HipCenter 0,00547823868691921 -0,174963861703873 2,04039287567139
Spine -0,0166078880429268 -0,12478369474411 2,01989316940308
ShoulderCenter -0,123583629727364 0,126079887151718 1,92906498908997
Head -0,0325904488563538 0,064184382557869 1,73337292671204
ShoulderLeft -0,238549470901489 -0,0375161059200764 1,98729741573334
ElbowLeft -0,32705757021904 0,0932550579309464 1,95496678352356
WristLeft -0,416998624801636 0,0403668209910393 2,06404376029968
HandLeft -0,436083227396011 -0,0109113790094852 2,04491281509399
ShoulderRight -0,160215690732002 0,0518929027020931 1,89771139621735
ElbowRight 0,0299768298864365 -0,0306211970746517 1,93215143680573
WristRight 0,138761013746262 -0,214163511991501 1,90190052986145
HandRight 0,151810735464096 -0,289726614952087 1,91832065582275
HipLeft -0,00323575921356678 -0,225522875785828 2,05266785621643
KneeLeft -0,10734499245882 -0,416308701038361 1,82527208328247
AnkleLeft -0,0368411093950272 -0,685343086719513 2,03690361976624
FootLeft -0,0712711960077286 -0,740823686122894 1,98553490638733
HipRight 0,0362171344459057 -0,172173321247101 2,04373717308044
KneeRight 0,230101257562637 -0,430126845836639 1,9509608745575
AnkleRight 0,166846662759781 -0,698524653911591 2,05442523956299
FootRight 0,220120534300804 -0,746486485004425 1,99820101261139

