HipCenter 0,00950659345835447 -0,178238600492477 2,04398107528687
Spine -0,0152628850191832 -0,139289349317551 2,01984238624573
ShoulderCenter -0,148109763860703 0,0406584516167641 1,89830899238586
Head -0,0297252312302589 0,045985110104084 1,70744740962982
ShoulderLeft -0,263070553541183 -0,122934624552727 1,95656406879425
ElbowLeft -0,289302408695221 0,0366073399782181 1,96157813072205
WristLeft -0,415365695953369 0,0724014937877655 2,04033732414246
HandLeft -0,464365512132645 0,0417078919708729 2,04291296005249
ShoulderRight -0,193177476525307 -0,0371780730783939 1,88161766529083
ElbowRight 0,00797905027866364 -0,0792449563741684 1,92224168777466
WristRight 0,142096415162086 -0,245279312133789 1,8938934803009
HandRight 0,154181882739067 -0,320437222719193 1,91224300861359
HipLeft 0,00746941473335028 -0,224051922559738 2,06318378448486
KneeLeft -0,106397368013859 -0,403987944126129 1,83296048641205
AnkleLeft -0,037729799747467 -0,687145352363586 2,03691124916077
FootLeft -0,0715691596269608 -0,740327656269073 1,98400211334229
HipRight 0,0387964732944965 -0,174088850617409 2,04691362380981
KneeRight 0,229553908109665 -0,432865619659424 1,95160627365112
AnkleRight 0,166141748428345 -0,699878811836243 2,05671668052673
FootRight 0,218954786658287 -0,746379196643829 1,99823117256165

