HipCenter 0,0169212389737368 -0,183063730597496 2,03854417800903
Spine -0,00911640375852585 -0,13046595454216 2,01981925964355
ShoulderCenter -0,137801945209503 0,130281016230583 1,94007647037506
Head -0,0453070849180222 0,0752246975898743 1,74696052074432
ShoulderLeft -0,236943855881691 -0,0329186879098415 2,00097966194153
ElbowLeft -0,326306015253067 0,0937210470438004 1,95298719406128
WristLeft -0,401732474565506 0,0309913009405136 2,0661895275116
HandLeft -0,449590057134628 0,0482795536518097 2,09109926223755
ShoulderRight -0,16094009578228 0,0204829778522253 1,89973425865173
ElbowRight 0,0329194962978363 -0,0490243583917618 1,93491423130035
WristRight 0,152851328253746 -0,22230426967144 1,89287352561951
HandRight 0,192828610539436 -0,280064225196838 1,88221621513367
HipLeft 0,00985747389495373 -0,21879917383194 2,0520384311676
KneeLeft -0,108950532972813 -0,402187764644623 1,83690059185028
AnkleLeft -0,036395400762558 -0,685368418693542 2,03962659835815
FootLeft -0,0693373531103134 -0,740353524684906 1,98451936244965
HipRight 0,0444222465157509 -0,18623623251915 2,0356080532074
KneeRight 0,244334369897842 -0,37894207239151 1,91284668445587
AnkleRight 0,168676719069481 -0,681100010871887 2,04936695098877
FootRight 0,217193588614464 -0,74662858247757 2,00181341171265

