HipCenter 0,108308710157871 0,407474756240845 2,72563195228577
Spine 0,106628641486168 0,481331080198288 2,78800392150879
ShoulderCenter 0,10750300437212 0,898930013179779 2,78019738197327
Head 0,0844862461090088 1,10756194591522 2,76345920562744
ShoulderLeft -0,0635213255882263 0,764158368110657 2,76066708564758
ElbowLeft -0,143783211708069 0,5295729637146 2,70730757713318
WristLeft 0,0616447776556015 0,532701730728149 2,56422305107117
HandLeft 0,137690752744675 0,546359598636627 2,54180574417114
ShoulderRight 0,282604545354843 0,779383301734924 2,77198195457459
ElbowRight 0,370123028755188 0,482689440250397 2,75810527801514
WristRight 0,382939636707306 0,233275383710861 2,6788444519043
HandRight 0,377929925918579 0,126001387834549 2,66112494468689
HipLeft 0,0327783562242985 0,329266577959061 2,70951962471008
KneeLeft -0,0219371225684881 -0,258967936038971 2,79418349266052
AnkleLeft -0,0201539229601622 -0,630013465881348 2,815349817276
FootLeft -0,0399676114320755 -0,727319836616516 2,74926519393921
HipRight 0,184233129024506 0,330726265907288 2,72028946876526
KneeRight 0,232595652341843 -0,254773110151291 2,76865077018738
AnkleRight 0,238993793725967 -0,64279317855835 2,79910111427307
FootRight 0,250589162111282 -0,735846042633057 2,72554039955139

