HipCenter 0,095284678041935 0,409149944782257 2,72061038017273
Spine 0,0969459116458893 0,483373671770096 2,78136992454529
ShoulderCenter 0,0979336425662041 0,897897720336914 2,767982006073
Head 0,0773191079497337 1,10154247283936 2,74963808059692
ShoulderLeft -0,0831766426563263 0,773076117038727 2,77268195152283
ElbowLeft -0,146981790661812 0,489734619855881 2,645343542099
WristLeft -0,0480097681283951 0,463215559720993 2,41038751602173
HandLeft -0,0616945624351501 0,515630125999451 2,40467548370361
ShoulderRight 0,268996864557266 0,779655277729034 2,76549291610718
ElbowRight 0,35281977057457 0,48880597949028 2,76545166969299
WristRight 0,367987513542175 0,240580454468727 2,68864774703979
HandRight 0,362395226955414 0,133807599544525 2,67091107368469
HipLeft 0,0177050605416298 0,330689340829849 2,71007585525513
KneeLeft -0,0316035002470016 -0,251220464706421 2,78791570663452
AnkleLeft -0,020530266687274 -0,626430809497833 2,81539416313171
FootLeft -0,0397626534104347 -0,724450349807739 2,7502920627594
HipRight 0,171910256147385 0,330649107694626 2,71087265014648
KneeRight 0,224430650472641 -0,255221635103226 2,76942753791809
AnkleRight 0,237673401832581 -0,635959506034851 2,79701638221741
FootRight 0,250664204359055 -0,734354734420776 2,73127698898315

