HipCenter -0,0500942394137383 -0,142324432730675 2,00266909599304
Spine -0,034363891929388 -0,0919492319226265 1,98758387565613
ShoulderCenter 0,0404941961169243 0,156604871153831 1,93119764328003
Head -0,0430686995387077 0,0233743041753769 1,75498104095459
ShoulderLeft -0,134010493755341 0,0831736177206039 1,899866938591
ElbowLeft -0,114878624677658 -0,0615017712116241 1,68774104118347
WristLeft 0,0135053917765617 0,085517555475235 1,55941271781921
HandLeft 0,0563000664114952 0,134523987770081 1,52017199993134
ShoulderRight 0,100666277110577 -0,0198984313756227 1,88760316371918
ElbowRight 0,161729738116264 -0,216081336140633 1,92608487606049
WristRight 0,128143951296806 -0,414102256298065 1,87147462368011
HandRight 0,167275547981262 -0,438865721225739 1,94813168048859
HipLeft -0,127290576696396 -0,212205901741982 1,96970152854919
KneeLeft -0,15376615524292 -0,411088943481445 1,92104601860046
AnkleLeft -0,142096057534218 -0,6472527384758 2,03079080581665
FootLeft -0,176861941814423 -0,724378883838654 2,00494289398193
HipRight -0,0169692635536194 -0,215678632259369 2,05623650550842
KneeRight 0,18303769826889 -0,41854327917099 1,83433628082275
AnkleRight 0,0944656655192375 -0,690389573574066 2,05499196052551
FootRight 0,131795331835747 -0,735970616340637 2,014404296875

