HipCenter -0,0523581430315971 -0,148708239197731 1,9875351190567
Spine -0,0403764620423317 -0,0990297794342041 1,97484171390533
ShoulderCenter 0,0182526223361492 0,145153567194939 1,92451202869415
Head -0,0586813502013683 0,00696521997451782 1,74640953540802
ShoulderLeft -0,181354239583015 0,05384386703372 1,88212382793427
ElbowLeft -0,128226950764656 -0,0916216522455215 1,66954731941223
WristLeft 0,0116472970694304 0,0752712041139603 1,5699725151062
HandLeft 0,058272048830986 0,130902156233788 1,5403208732605
ShoulderRight 0,0987291559576988 -0,0171832535415888 1,88261115550995
ElbowRight 0,159009158611298 -0,212512463331223 1,92368018627167
WristRight 0,128161132335663 -0,412973999977112 1,8709237575531
HandRight 0,167573213577271 -0,437956660985947 1,94793581962585
HipLeft -0,132326453924179 -0,220987975597382 1,97764360904694
KneeLeft -0,153206050395966 -0,415638208389282 1,92316484451294
AnkleLeft -0,141965463757515 -0,645348310470581 2,02932143211365
FootLeft -0,177018463611603 -0,725443005561829 2,01280546188354
HipRight -0,00385439139790833 -0,222686126828194 2,01514196395874
KneeRight 0,211932629346848 -0,438649237155914 1,81972336769104
AnkleRight 0,0920622572302818 -0,68415904045105 2,05393624305725
FootRight 0,126464486122131 -0,735065817832947 2,01827716827393

