HipCenter 0,0207967981696129 -0,158820897340775 2,04372215270996
Spine 0,0204208847135305 -0,116250038146973 2,02338409423828
ShoulderCenter 0,0184125937521458 0,0985055863857269 1,9339656829834
Head -0,0510996915400028 -0,0630744397640228 1,7680356502533
ShoulderLeft -0,180303275585175 0,0822094306349754 1,86001920700073
ElbowLeft -0,129266783595085 -0,095167763531208 1,66740834712982
WristLeft 0,0164679810404778 0,0493611618876457 1,57300412654877
HandLeft 0,0650462359189987 0,0975374653935432 1,54507780075073
ShoulderRight 0,0975718796253204 -0,0200043842196465 1,8786541223526
ElbowRight 0,147271394729614 -0,211537748575211 1,91352987289429
WristRight 0,129113048315048 -0,41326367855072 1,86609399318695
HandRight 0,123060263693333 -0,480505645275116 1,85382378101349
HipLeft -0,0422999039292336 -0,218238636851311 2,05947375297546
KneeLeft 0,0617227479815483 -0,533284604549408 2,184086561203
AnkleLeft -0,178467571735382 -0,669770061969757 1,99898159503937
FootLeft -0,172076493501663 -0,737278759479523 2,01765990257263
HipRight 0,0850388929247856 -0,229114726185799 2,07794880867004
KneeRight 0,193133965134621 -0,358771026134491 1,75130355358124
AnkleRight 0,124105215072632 -0,716328740119934 1,96807658672333
FootRight 0,118964001536369 -0,767211437225342 1,90302443504333

