HipCenter -0,0568790920078754 -0,141581311821938 1,9686393737793
Spine -0,0424862653017044 -0,0953916907310486 1,95647203922272
ShoulderCenter 0,0152721032500267 0,142737552523613 1,91972053050995
Head -0,0519533082842827 -0,0410590469837189 1,77286887168884
ShoulderLeft -0,173520907759666 0,0459897629916668 1,87651324272156
ElbowLeft -0,125752389431 -0,109962746500969 1,66245627403259
WristLeft 0,0222122017294168 0,0499545857310295 1,57831513881683
HandLeft 0,0715337321162224 0,103260353207588 1,55380988121033
ShoulderRight 0,0919031128287315 -0,0156175158917904 1,87679314613342
ElbowRight 0,160362929105759 -0,206031769514084 1,93679308891296
WristRight 0,130727380514145 -0,411563873291016 1,86571288108826
HandRight 0,12084886431694 -0,4800745844841 1,84556126594543
HipLeft -0,13910499215126 -0,224312514066696 1,92884230613708
KneeLeft -0,147337466478348 -0,422748804092407 1,923872590065
AnkleLeft -0,141324117779732 -0,643256306648254 2,02636313438416
FootLeft -0,172025710344315 -0,721179962158203 2,01301002502441
HipRight -0,033385556191206 -0,22003698348999 2,05335426330566
KneeRight 0,190101280808449 -0,379232585430145 1,81203055381775
AnkleRight 0,0949645936489105 -0,688271582126617 2,05504608154297
FootRight 0,126134395599365 -0,738615691661835 2,01728272438049

