HipCenter -0,0579639822244644 -0,143128961324692 1,96156811714172
Spine -0,0453818924725056 -0,0970534756779671 1,9520263671875
ShoulderCenter 0,0163482446223497 0,138138398528099 1,91629731655121
Head -0,0587266087532043 -0,028583362698555 1,74735105037689
ShoulderLeft -0,169146686792374 0,0429693348705769 1,87513256072998
ElbowLeft -0,122313648462296 -0,114275768399239 1,65566205978394
WristLeft 0,016046779230237 0,053675215691328 1,5715104341507
HandLeft 0,0621669217944145 0,109658882021904 1,54700219631195
ShoulderRight 0,0960903838276863 -0,0212938655167818 1,87777018547058
ElbowRight 0,141850173473358 -0,213877364993095 1,90711486339569
WristRight 0,12933149933815 -0,436072111129761 1,88188254833221
HandRight 0,125158607959747 -0,510137021541595 1,87701416015625
HipLeft -0,136153161525726 -0,229360803961754 1,88728094100952
KneeLeft -0,147674143314362 -0,418504774570465 1,92600631713867
AnkleLeft -0,139611944556236 -0,644722819328308 2,03229880332947
FootLeft -0,177646189928055 -0,72539484500885 2,01484990119934
HipRight -0,0355030186474323 -0,230012357234955 2,05152010917664
KneeRight 0,194088727235794 -0,365212678909302 1,79820930957794
AnkleRight 0,0946395248174667 -0,693018019199371 2,05700421333313
FootRight 0,125997334718704 -0,738681554794312 2,01507472991943

