HipCenter -0,0595052242279053 -0,127640217542648 1,96290385723114
Spine -0,0464636832475662 -0,0832062289118767 1,95301520824432
ShoulderCenter 0,0221622586250305 0,138360142707825 1,91540575027466
Head -0,0548914447426796 -0,0313435345888138 1,74766969680786
ShoulderLeft -0,163332626223564 0,0431910641491413 1,87424087524414
ElbowLeft -0,121377155184746 -0,116569772362709 1,65426242351532
WristLeft 0,021191069856286 0,0483668856322765 1,57512211799622
HandLeft 0,0687138140201569 0,103345774114132 1,55228519439697
ShoulderRight 0,0953886955976486 -0,0193321779370308 1,87712025642395
ElbowRight 0,140027284622192 -0,215956553816795 1,90174949169159
WristRight 0,134220540523529 -0,423521012067795 1,87100183963776
HandRight 0,171257376670837 -0,442911207675934 1,95133447647095
HipLeft -0,137616753578186 -0,227234750986099 1,88978362083435
KneeLeft -0,15078541636467 -0,426552355289459 1,91997361183167
AnkleLeft -0,140576928853989 -0,645859897136688 2,03360509872437
FootLeft -0,175502508878708 -0,723613977432251 2,01597118377686
HipRight -0,0389926806092262 -0,224291875958443 2,06231021881104
KneeRight 0,186126112937927 -0,372614175081253 1,81250786781311
AnkleRight 0,0946542620658875 -0,694267392158508 2,05670714378357
FootRight 0,127189740538597 -0,741123914718628 2,01745533943176

