HipCenter -0,0606728233397007 -0,147150784730911 1,96298229694366
Spine -0,0485930591821671 -0,100146472454071 1,95258390903473
ShoulderCenter 0,0118057522922754 0,134875103831291 1,91359877586365
Head -0,0533237084746361 -0,0659211128950119 1,76058578491211
ShoulderLeft -0,173689141869545 0,0397060215473175 1,87243354320526
ElbowLeft -0,124885872006416 -0,126598238945007 1,65096855163574
WristLeft 0,0103666186332703 0,0479264669120312 1,58070838451385
HandLeft 0,0554507821798325 0,106101371347904 1,56083571910858
ShoulderRight 0,0926943570375443 -0,0211784020066261 1,87334358692169
ElbowRight 0,252468645572662 -0,183930575847626 1,98755705356598
WristRight 0,140396788716316 -0,403651773929596 1,87979829311371
HandRight 0,103039503097534 -0,476892173290253 1,84742617607117
HipLeft -0,135313645005226 -0,23895251750946 1,90912127494812
KneeLeft -0,427386045455933 -0,360371112823486 1,61759150028229
AnkleLeft -0,224144816398621 -0,570361495018005 1,90998160839081
FootLeft -0,226305767893791 -0,61060643196106 1,8404027223587
HipRight -0,0290484018623829 -0,222732812166214 2,03983640670776
KneeRight 0,202935144305229 -0,37879341840744 1,797647356987
AnkleRight 0,0969483852386475 -0,696052432060242 2,0554633140564
FootRight 0,129503235220909 -0,74007773399353 2,0145571231842

