HipCenter -0,0142112374305725 -0,0970617383718491 2,16440582275391
Spine -0,00720705185085535 -0,0599470734596252 2,13657069206238
ShoulderCenter 0,0293438360095024 0,121649444103241 2,00487303733826
Head -0,0566721484065056 0,23090535402298 1,8246603012085
ShoulderLeft -0,196533977985382 0,12634439766407 2,044677734375
ElbowLeft -0,36876580119133 0,148667216300964 2,04032349586487
WristLeft -0,201234698295593 0,104227863252163 2,00980520248413
HandLeft -0,167414292693138 0,0605299361050129 2,04608464241028
ShoulderRight 0,121841110289097 0,0795134529471397 2,0131995677948
ElbowRight 0,202882826328278 -0,116235129535198 2,09634113311768
WristRight 0,262448936700821 -0,326757788658142 2,1521589756012
HandRight 0,274093389511108 -0,411076992750168 2,1795973777771
HipLeft -0,101493857800961 -0,155065938830376 2,20829081535339
KneeLeft -0,172001898288727 -0,315740644931793 1,88711535930634
AnkleLeft -0,143474876880646 -0,650792002677917 2,03808212280273
FootLeft -0,181608259677887 -0,727953135967255 2,01578736305237
HipRight 0,0515326000750065 -0,160309478640556 2,19536304473877
KneeRight 0,126446783542633 -0,323646932840347 1,87661802768707
AnkleRight 0,0937934368848801 -0,679022550582886 2,05430579185486
FootRight 0,130834177136421 -0,732920169830322 2,01878595352173

