HipCenter -0,0116354431957006 -0,0269143749028444 2,18505501747131
Spine -0,0111175691708922 0,0148545261472464 2,16487264633179
ShoulderCenter -0,0250213053077459 0,232961639761925 2,043208360672
Head -0,0522707253694534 0,362357020378113 1,91748821735382
ShoulderLeft -0,194489806890488 0,202373847365379 2,13206100463867
ElbowLeft -0,370612502098084 0,114254280924797 2,10579347610474
WristLeft -0,416609406471252 0,214402765035629 1,93187117576599
HandLeft -0,480461776256561 0,214999884366989 1,91542673110962
ShoulderRight 0,142880752682686 0,193592637777328 2,11391949653625
ElbowRight 0,245063170790672 -0,0378423631191254 2,17699980735779
WristRight 0,298055052757263 -0,294605255126953 2,21445631980896
HandRight 0,31571900844574 -0,380192875862122 2,23048114776611
HipLeft -0,0860402658581734 -0,0957578793168068 2,21875023841858
KneeLeft -0,103264406323433 -0,3288394510746 1,89488959312439
AnkleLeft -0,139792889356613 -0,667654275894165 2,04273509979248
FootLeft -0,181188702583313 -0,732014536857605 2,01390933990479
HipRight 0,0664167255163193 -0,0974035710096359 2,21209716796875
KneeRight 0,113136865198612 -0,316760838031769 1,89636731147766
AnkleRight 0,102429583668709 -0,684938073158264 2,06217980384827
FootRight 0,13812455534935 -0,740950703620911 2,01183748245239

