HipCenter 0,227778345346451 0,430473744869232 2,64148664474487
Spine 0,232317566871643 0,501376628875732 2,70304489135742
ShoulderCenter 0,242660790681839 0,903295993804932 2,69003367424011
Head 0,217536002397537 1,12607634067535 2,64337825775146
ShoulderLeft 0,0403763800859451 0,807850182056427 2,69590997695923
ElbowLeft -0,202550396323204 0,811176002025604 2,69615840911865
WristLeft -0,438056260347366 0,857967376708984 2,63280248641968
HandLeft -0,515329480171204 0,8752361536026 2,61526274681091
ShoulderRight 0,41356086730957 0,78130179643631 2,67753934860229
ElbowRight 0,511997580528259 0,494855314493179 2,6902060508728
WristRight 0,526689827442169 0,24056088924408 2,61216711997986
HandRight 0,521436750888824 0,132824033498764 2,59206604957581
HipLeft 0,142223626375198 0,3484106361866 2,63463830947876
KneeLeft 0,11152358353138 -0,233681783080101 2,70668411254883
AnkleLeft 0,120416097342968 -0,631709039211273 2,74480772018433
FootLeft 0,106129229068756 -0,717858791351318 2,68782615661621
HipRight 0,308148622512817 0,345523148775101 2,6252269744873
KneeRight 0,368510842323303 -0,255199164152145 2,68689632415771
AnkleRight 0,369168728590012 -0,635897755622864 2,7338695526123
FootRight 0,370554149150848 -0,715940833091736 2,68522787094116

