HipCenter 0,228653639554977 0,429577082395554 2,63533854484558
Spine 0,23324590921402 0,500596463680267 2,69672465324402
ShoulderCenter 0,246234118938446 0,901295900344849 2,68288564682007
Head 0,218753710389137 1,12762153148651 2,64549803733826
ShoulderLeft 0,0446796156466007 0,806485950946808 2,68890929222107
ElbowLeft -0,196410059928894 0,821412146091461 2,68809342384338
WristLeft -0,430185616016388 0,865950405597687 2,62196516990662
HandLeft -0,507306277751923 0,881954550743103 2,60575222969055
ShoulderRight 0,417053997516632 0,780550181865692 2,67408680915833
ElbowRight 0,514469981193542 0,491434991359711 2,68855261802673
WristRight 0,537583470344543 0,239618837833405 2,61059927940369
HandRight 0,525945246219635 0,134030610322952 2,58709502220154
HipLeft 0,142989262938499 0,348109781742096 2,62922382354736
KneeLeft 0,112021841108799 -0,233630895614624 2,70326256752014
AnkleLeft 0,120674714446068 -0,630050241947174 2,7431640625
FootLeft 0,10739441215992 -0,710680425167084 2,6851532459259
HipRight 0,308208614587784 0,344227850437164 2,61873579025269
KneeRight 0,367997318506241 -0,256107836961746 2,68574118614197
AnkleRight 0,370152562856674 -0,639000773429871 2,73373866081238
FootRight 0,370391547679901 -0,718163430690765 2,68523955345154

