HipCenter 0,231168061494827 0,419605672359467 2,62758588790894
Spine 0,235201597213745 0,491849392652512 2,68940091133118
ShoulderCenter 0,247817113995552 0,898221015930176 2,678307056427
Head 0,214330807328224 1,12506282329559 2,64412617683411
ShoulderLeft 0,0527528449892998 0,786932945251465 2,67952990531921
ElbowLeft -0,195137903094292 0,702749609947205 2,68312668800354
WristLeft -0,424801528453827 0,640748739242554 2,62007284164429
HandLeft -0,494571506977081 0,608608782291412 2,59840750694275
ShoulderRight 0,41553196310997 0,776568353176117 2,66892504692078
ElbowRight 0,513541281223297 0,490189641714096 2,68567681312561
WristRight 0,53137868642807 0,235536515712738 2,60661935806274
HandRight 0,525084912776947 0,129683464765549 2,58510804176331
HipLeft 0,147633850574493 0,339519381523132 2,62089228630066
KneeLeft 0,111474819481373 -0,235048308968544 2,70131468772888
AnkleLeft 0,118455491960049 -0,625907778739929 2,74357843399048
FootLeft 0,108802318572998 -0,712743043899536 2,68256592750549
HipRight 0,309038281440735 0,337917745113373 2,61234426498413
KneeRight 0,366755545139313 -0,254338145256042 2,68296480178833
AnkleRight 0,37117725610733 -0,638164281845093 2,73219347000122
FootRight 0,370923191308975 -0,713134825229645 2,6843090057373

