HipCenter 0,229892924427986 0,407833099365234 2,61829996109009
Spine 0,231115609407425 0,48131451010704 2,67955660820007
ShoulderCenter 0,243381813168526 0,89258748292923 2,66639828681946
Head 0,214853122830391 1,11632978916168 2,62093782424927
ShoulderLeft 0,0699681118130684 0,768411099910736 2,65957522392273
ElbowLeft 0,00749883241951466 0,488577485084534 2,68470525741577
WristLeft -0,0102645037695765 0,237733960151672 2,64029550552368
HandLeft -0,000400571152567863 0,133264094591141 2,6007034778595
ShoulderRight 0,416577041149139 0,775313675403595 2,66701245307922
ElbowRight 0,497927963733673 0,484054297208786 2,68275427818298
WristRight 0,510674118995667 0,244618594646454 2,61190414428711
HandRight 0,502356350421906 0,135964184999466 2,58537459373474
HipLeft 0,149524554610252 0,331709384918213 2,61061334609985
KneeLeft 0,110796421766281 -0,244053453207016 2,69533085823059
AnkleLeft 0,119401216506958 -0,633640766143799 2,73991847038269
FootLeft 0,104148507118225 -0,715260565280914 2,67669153213501
HipRight 0,305671453475952 0,328854233026505 2,60612106323242
KneeRight 0,363359451293945 -0,253309220075607 2,6760425567627
AnkleRight 0,368945091962814 -0,636235237121582 2,73208689689636
FootRight 0,369930326938629 -0,713715076446533 2,68266582489014

