HipCenter 0,0755418837070465 0,293810367584229 2,3901002407074
Spine 0,0703625977039337 0,363103777170181 2,43502855300903
ShoulderCenter 0,0708798840641975 0,735341906547546 2,41980981826782
Head 0,0716103091835976 0,903711259365082 2,40152359008789
ShoulderLeft -0,0962763130664825 0,615872383117676 2,40049982070923
ElbowLeft -0,1776143014431 0,402294248342514 2,3959743976593
WristLeft 0,00647743418812752 0,439654350280762 2,21919107437134
HandLeft 0,103236392140388 0,485316872596741 2,16113305091858
ShoulderRight 0,242757350206375 0,625893473625183 2,43666100502014
ElbowRight 0,303721070289612 0,357178211212158 2,44374394416809
WristRight 0,306374400854111 0,153339073061943 2,39197897911072
HandRight 0,291068375110626 0,05409125238657 2,36765384674072
HipLeft 0,00210358109325171 0,216317817568779 2,36875462532043
KneeLeft -0,0251705218106508 -0,305036604404449 2,48519372940063
AnkleLeft -0,0251728128641844 -0,666589736938477 2,51949000358582
FootLeft -0,0511075556278229 -0,739069223403931 2,45970845222473
HipRight 0,150634422898293 0,217051640152931 2,39581274986267
KneeRight 0,176394283771515 -0,309946477413177 2,4804265499115
AnkleRight 0,199709504842758 -0,670744597911835 2,48171043395996
FootRight 0,224151834845543 -0,743603229522705 2,41569447517395

