HipCenter 0,0758028477430344 0,293735712766647 2,39032125473022
Spine 0,0706187337636948 0,362956583499908 2,43551301956177
ShoulderCenter 0,071643128991127 0,735184252262115 2,42054891586304
Head 0,0723428502678871 0,903711557388306 2,40231895446777
ShoulderLeft -0,0962225422263145 0,615848243236542 2,40066313743591
ElbowLeft -0,177666276693344 0,402249932289124 2,39612293243408
WristLeft 0,002519141882658 0,438022136688232 2,22033596038818
HandLeft 0,104681462049484 0,485888361930847 2,1622998714447
ShoulderRight 0,24308180809021 0,625925123691559 2,43717885017395
ElbowRight 0,303722739219666 0,356848120689392 2,44375109672546
WristRight 0,306327104568481 0,153020486235619 2,39176630973816
HandRight 0,290998250246048 0,053773507475853 2,36748814582825
HipLeft 0,00232964870519936 0,216176822781563 2,36884760856628
KneeLeft -0,0251201689243317 -0,304383486509323 2,4848256111145
AnkleLeft -0,0255275703966618 -0,664877533912659 2,51980423927307
FootLeft -0,0510819777846336 -0,738572359085083 2,46066164970398
HipRight 0,150874063372612 0,216946661472321 2,3961775302887
KneeRight 0,176488667726517 -0,310048401355743 2,48048400878906
AnkleRight 0,199454694986343 -0,670633792877197 2,48120856285095
FootRight 0,224538654088974 -0,743507742881775 2,41742372512817

