HipCenter 0,217636689543724 0,229484900832176 2,483149766922
Spine 0,225545510649681 0,298582047224045 2,54517102241516
ShoulderCenter 0,230883866548538 0,701916635036469 2,5552294254303
Head 0,210867017507553 0,873724341392517 2,52987313270569
ShoulderLeft 0,0767747908830643 0,568615198135376 2,54051828384399
ElbowLeft 0,0476395562291145 0,306520700454712 2,43828153610229
WristLeft -0,0292291864752769 0,333406388759613 2,2147843837738
HandLeft -0,0292156487703323 0,358383625745773 2,20873165130615
ShoulderRight 0,357301890850067 0,56324315071106 2,50921869277954
ElbowRight 0,428828775882721 0,297894358634949 2,48110175132751
WristRight 0,443817675113678 0,0730165392160416 2,41397309303284
HandRight 0,44364321231842 0,00302731245756149 2,39844512939453
HipLeft 0,152916938066483 0,166248023509979 2,47658491134644
KneeLeft 0,182987302541733 -0,299968957901001 2,59029507637024
AnkleLeft 0,189673066139221 -0,655975162982941 2,56901049613953
FootLeft 0,227693378925323 -0,742442965507507 2,51746439933777
HipRight 0,278752982616425 0,167653486132622 2,46644473075867
KneeRight 0,284729301929474 -0,301096588373184 2,57218456268311
AnkleRight 0,270939916372299 -0,665990650653839 2,56150650978088
FootRight 0,249452471733093 -0,739800870418549 2,52383160591125

