HipCenter 0,503076910972595 0,282644033432007 2,55013227462769
Spine 0,486850172281265 0,35093566775322 2,60199737548828
ShoulderCenter 0,439047455787659 0,725499749183655 2,57919907569885
Head 0,431437730789185 0,904976427555084 2,55133271217346
ShoulderLeft 0,276400864124298 0,60081821680069 2,53722071647644
ElbowLeft 0,0654883831739426 0,545750498771667 2,43888306617737
WristLeft -0,126784130930901 0,528913974761963 2,34067416191101
HandLeft -0,0822548344731331 0,532813191413879 2,36017799377441
ShoulderRight 0,61222916841507 0,610464215278625 2,57898950576782
ElbowRight 0,736200213432312 0,377317398786545 2,63588166236877
WristRight 0,762845933437347 0,133910283446312 2,56371855735779
HandRight 0,774579584598541 0,0715576708316803 2,55539512634277
HipLeft 0,438518524169922 0,1991868019104 2,53448390960693
KneeLeft 0,454710423946381 -0,310429841279984 2,63040828704834
AnkleLeft 0,484393358230591 -0,659341752529144 2,6525936126709
FootLeft 0,465763717889786 -0,737740993499756 2,60421323776245
HipRight 0,58750331401825 0,216721415519714 2,54955554008484
KneeRight 0,648850739002228 -0,316869020462036 2,62628412246704
AnkleRight 0,655707001686096 -0,67031991481781 2,66066336631775
FootRight 0,666406512260437 -0,738738179206848 2,60382580757141

