HipCenter 0,409711956977844 0,211518913507462 2,56203293800354
Spine 0,368535876274109 0,26782351732254 2,54054236412048
ShoulderCenter 0,163742482662201 0,551070988178253 2,44999289512634
Head 0,0645991340279579 0,695422947406769 2,40022349357605
ShoulderLeft 0,0534030832350254 0,500271737575531 2,44604516029358
ElbowLeft -0,138224884867668 0,417675673961639 2,42476081848145
WristLeft 0,056354358792305 0,492673426866531 2,40091896057129
HandLeft 0,0820033103227615 0,456791639328003 2,45263600349426
ShoulderRight 0,343408554792404 0,553955435752869 2,48496317863464
ElbowRight 0,573067307472229 0,448404848575592 2,58350467681885
WristRight 0,718125343322754 0,240519478917122 2,59134197235107
HandRight 0,7446249127388 0,183272987604141 2,59003067016602
HipLeft 0,397331446409225 0,135227724909782 2,57665920257568
KneeLeft 0,45439875125885 -0,322828322649002 2,63938164710999
AnkleLeft 0,479647874832153 -0,647680878639221 2,64562129974365
FootLeft 0,465268820524216 -0,734704971313477 2,59189462661743
HipRight 0,499377429485321 0,183169141411781 2,57705283164978
KneeRight 0,69028913974762 -0,306448608636856 2,63288474082947
AnkleRight 0,725967943668365 -0,656025111675262 2,64663887023926
FootRight 0,707003176212311 -0,738285541534424 2,59978485107422

