HipCenter 0,416616529226303 0,207798138260841 2,5621440410614
Spine 0,374084413051605 0,26517179608345 2,54051423072815
ShoulderCenter 0,164328411221504 0,55144065618515 2,4495153427124
Head 0,0684376507997513 0,696177184581757 2,39897680282593
ShoulderLeft 0,0568463504314423 0,504502475261688 2,44852757453918
ElbowLeft -0,134996891021729 0,422450840473175 2,41993570327759
WristLeft 0,0598111152648926 0,496899724006653 2,39923524856567
HandLeft 0,0792521983385086 0,458766907453537 2,45056533813477
ShoulderRight 0,34481543302536 0,554333806037903 2,48431134223938
ElbowRight 0,580694794654846 0,469166696071625 2,58641266822815
WristRight 0,692149996757507 0,278454303741455 2,57581758499146
HandRight 0,718638718128204 0,221231251955032 2,5745062828064
HipLeft 0,403101652860641 0,132820829749107 2,57670116424561
KneeLeft 0,454813182353973 -0,317515403032303 2,63800597190857
AnkleLeft 0,4799664914608 -0,647391319274902 2,64584565162659
FootLeft 0,465278118848801 -0,734717428684235 2,5919725894928
HipRight 0,502558887004852 0,181792691349983 2,57686495780945
KneeRight 0,689561069011688 -0,305363386869431 2,63237476348877
AnkleRight 0,726000428199768 -0,656433641910553 2,64665055274963
FootRight 0,70691442489624 -0,738231241703033 2,60000967979431

