HipCenter 0,432606875896454 0,218667089939117 2,57912802696228
Spine 0,396095752716064 0,281846433877945 2,56308603286743
ShoulderCenter 0,212883591651917 0,593018651008606 2,48274707794189
Head 0,122414216399193 0,743638157844543 2,43070864677429
ShoulderLeft 0,115573354065418 0,482889384031296 2,4757182598114
ElbowLeft -0,0907190218567848 0,47140184044838 2,40689730644226
WristLeft -0,134993493556976 0,642253279685974 2,27779340744019
HandLeft -0,149751648306847 0,699203729629517 2,23943495750427
ShoulderRight 0,387666493654251 0,577094078063965 2,51620125770569
ElbowRight 0,607439279556274 0,450820744037628 2,61910104751587
WristRight 0,741425335407257 0,243527263402939 2,62260150909424
HandRight 0,76833313703537 0,185398995876312 2,62127017974854
HipLeft 0,409039527177811 0,138568848371506 2,58337163925171
KneeLeft 0,450128734111786 -0,320102483034134 2,64124512672424
AnkleLeft 0,480929046869278 -0,655956506729126 2,65035605430603
FootLeft 0,467141896486282 -0,737857937812805 2,60196304321289
HipRight 0,518877565860748 0,186581507325172 2,59720516204834
KneeRight 0,665923357009888 -0,335402220487595 2,6488664150238
AnkleRight 0,695917367935181 -0,664591193199158 2,65533638000488
FootRight 0,696262657642365 -0,743004083633423 2,6034460067749

