HipCenter 0,620003223419189 0,103026643395424 2,23391795158386
Spine 0,542879223823547 0,14958319067955 2,22167825698853
ShoulderCenter 0,165578916668892 0,373916804790497 2,16208386421204
Head 0,0267203561961651 0,548076570034027 2,19779562950134
ShoulderLeft 0,0762467533349991 0,367762804031372 2,35148024559021
ElbowLeft 0,198814436793327 0,374267786741257 2,13752579689026
WristLeft -0,0895085781812668 0,438523322343826 2,06433010101318
HandLeft -0,328308790922165 0,487781405448914 2,05295729637146
ShoulderRight 0,357977986335754 0,415883839130402 2,06640315055847
ElbowRight 0,105886891484261 0,402265757322311 1,99189758300781
WristRight -0,153797209262848 0,471300542354584 2,0042679309845
HandRight -0,240358576178551 0,494312137365341 2,01318430900574
HipLeft 0,636117994785309 0,0171417184174061 2,29717707633972
KneeLeft 0,684115171432495 -0,396966814994812 2,37727570533752
AnkleLeft 0,649723708629608 -0,682943344116211 2,27040553092957
FootLeft 0,584685087203979 -0,736604571342468 2,29912781715393
HipRight 0,729512333869934 0,112747900187969 2,18474221229553
KneeRight 0,702376008033752 -0,330756813287735 2,13231301307678
AnkleRight 0,672967493534088 -0,70363986492157 2,16965985298157
FootRight 0,589493691921234 -0,749080359935761 2,12880396842957

