HipCenter -0,107281632721424 0,007358742877841 2,42825508117676
Spine -0,12256908416748 0,0676251351833344 2,49443244934082
ShoulderCenter -0,121323242783546 0,458761215209961 2,55166459083557
Head -0,109407842159271 0,647335112094879 2,53062796592712
ShoulderLeft -0,237888619303703 0,333063185214996 2,43488478660584
ElbowLeft -0,31948184967041 0,232387691736221 2,22375535964966
WristLeft -0,308757662773132 0,195329666137695 1,92698872089386
HandLeft -0,311227738857269 0,209630981087685 1,92584478855133
ShoulderRight 0,0397693328559399 0,322798162698746 2,5057532787323
ElbowRight 0,0983759686350822 0,0549633838236332 2,44839000701904
WristRight 0,0987152382731438 -0,155466020107269 2,35597610473633
HandRight 0,0945464819669724 -0,203682109713554 2,34862971305847
HipLeft -0,168344065546989 -0,0512244626879692 2,3932478427887
KneeLeft -0,247109904885292 -0,514307022094727 2,46160864830017
AnkleLeft -0,290509402751923 -0,832806050777435 2,46028256416321
FootLeft -0,322781085968018 -0,903278052806854 2,38868188858032
HipRight -0,0419065989553928 -0,0568585880100727 2,42537474632263
KneeRight -0,00413337768986821 -0,502082049846649 2,47165250778198
AnkleRight 0,0351386107504368 -0,834054827690125 2,46738386154175
FootRight 0,0609337352216244 -0,903981328010559 2,39991521835327

