HipCenter -0,10744521021843 0,0103835007175803 2,41582798957825
Spine -0,1149657741189 0,070456750690937 2,48198008537292
ShoulderCenter -0,121220782399178 0,456624418497086 2,52737784385681
Head -0,113924756646156 0,645009994506836 2,49681782722473
ShoulderLeft -0,265502899885178 0,322253942489624 2,45628786087036
ElbowLeft -0,326791733503342 0,0661902502179146 2,41423344612122
WristLeft -0,329011023044586 -0,145355105400085 2,32868957519531
HandLeft -0,346648335456848 -0,204499363899231 2,29840922355652
ShoulderRight 0,0392568595707417 0,322631806135178 2,487952709198
ElbowRight 0,0996303111314774 0,0590445958077908 2,43658661842346
WristRight 0,0973546355962753 -0,150245115160942 2,34467577934265
HandRight 0,0956129878759384 -0,206746354699135 2,3362238407135
HipLeft -0,173730418086052 -0,0556072443723679 2,38767218589783
KneeLeft -0,246017321944237 -0,514092981815338 2,45425581932068
AnkleLeft -0,292210072278976 -0,833366751670837 2,45892810821533
FootLeft -0,323686003684998 -0,902161478996277 2,38819932937622
HipRight -0,0369149781763554 -0,0562040433287621 2,40511083602905
KneeRight -0,00369426538236439 -0,50486946105957 2,46629238128662
AnkleRight 0,0376996584236622 -0,834417641162872 2,4688777923584
FootRight 0,0611706785857677 -0,906139671802521 2,40208268165588

