HipCenter -0,106822960078716 0,0113812889903784 2,414874792099
Spine -0,114407658576965 0,0712116807699203 2,48100328445435
ShoulderCenter -0,119586698710918 0,456654161214828 2,52647972106934
Head -0,109350711107254 0,646202981472015 2,49879908561707
ShoulderLeft -0,26460999250412 0,323742270469666 2,4560341835022
ElbowLeft -0,325785219669342 0,0652872696518898 2,41022276878357
WristLeft -0,328596919775009 -0,147040873765945 2,32684540748596
HandLeft -0,348103493452072 -0,206102013587952 2,29781436920166
ShoulderRight 0,0421314351260662 0,321999371051788 2,48841166496277
ElbowRight 0,0990933552384377 0,0581200830638409 2,43560218811035
WristRight 0,0960808992385864 -0,151564612984657 2,34459090232849
HandRight 0,0951153486967087 -0,205696254968643 2,33666944503784
HipLeft -0,173467144370079 -0,0546833463013172 2,38613224029541
KneeLeft -0,245936051011086 -0,513976454734802 2,45385885238647
AnkleLeft -0,292729735374451 -0,833281517028809 2,45814347267151
FootLeft -0,324257969856262 -0,902122974395752 2,38789796829224
HipRight -0,0363639369606972 -0,055984266102314 2,40483164787292
KneeRight -0,0037085865624249 -0,505187273025513 2,46560549736023
AnkleRight 0,0384612902998924 -0,830895602703094 2,47052025794983
FootRight 0,0611948408186436 -0,904920637607574 2,40167784690857

