HipCenter 0,541824817657471 -0,164856031537056 2,44867968559265
Spine 0,504096329212189 -0,112572059035301 2,42901253700256
ShoulderCenter 0,317864388227463 0,146965593099594 2,34805560112
Head 0,156475529074669 0,351899981498718 2,37113380432129
ShoulderLeft 0,293055236339569 0,0426627621054649 2,44133329391479
ElbowLeft 0,0600201338529587 0,170026481151581 2,36824750900269
WristLeft -0,164271607995033 0,275387346744537 2,24841165542603
HandLeft -0,246964663267136 0,302298545837402 2,25765776634216
ShoulderRight 0,392654091119766 0,186834812164307 2,32468390464783
ElbowRight 0,128465712070465 0,235765859484673 2,27695655822754
WristRight -0,128490433096886 0,289860367774963 2,25437235832214
HandRight -0,214133203029633 0,307436257600784 2,25231194496155
HipLeft 0,536354899406433 -0,221956714987755 2,47288417816162
KneeLeft 0,464130282402039 -0,557201623916626 2,51072883605957
AnkleLeft 0,3492511510849 -1,02094984054565 2,35978937149048
FootLeft 0,322859615087509 -1,0851092338562 2,28949356079102
HipRight 0,603659808635712 -0,181047469377518 2,44200778007507
KneeRight 0,753815054893494 -0,530474543571472 2,34405040740967
AnkleRight 0,826166808605194 -0,985821545124054 2,3105456829071
FootRight 0,799775302410126 -1,04998099803925 2,24024987220764

