HipCenter 0,0871435403823853 0,313826560974121 2,61676049232483
Spine 0,0810736045241356 0,382446259260178 2,67525696754456
ShoulderCenter 0,0896745473146439 0,770507156848907 2,66716527938843
Head 0,0784399583935738 0,952478766441345 2,61033892631531
ShoulderLeft -0,0795174092054367 0,665685772895813 2,64110994338989
ElbowLeft -0,136842027306557 0,391335725784302 2,59995341300964
WristLeft -0,198918536305428 0,180916339159012 2,50766515731812
HandLeft -0,218996793031693 0,104059763252735 2,47300910949707
ShoulderRight 0,258032947778702 0,666196346282959 2,68189215660095
ElbowRight 0,300905555486679 0,394243180751801 2,65029382705688
WristRight 0,303060740232468 0,16783344745636 2,58184885978699
HandRight 0,298204928636551 0,0688312724232674 2,57708764076233
HipLeft 0,0111496793106198 0,239297419786453 2,59760308265686
KneeLeft -0,0115460297092795 -0,298584699630737 2,65164375305176
AnkleLeft 0,0306231528520584 -0,664451003074646 2,67594504356384
FootLeft 0,0201290845870972 -0,735812664031982 2,60555219650269
HipRight 0,162506833672523 0,237073063850403 2,61481714248657
KneeRight 0,177549436688423 -0,29949814081192 2,65702986717224
AnkleRight 0,159558415412903 -0,666617810726166 2,6815664768219
FootRight 0,172421261668205 -0,738058090209961 2,61245775222778

