HipCenter 0,107842870056629 0,327646464109421 2,47417283058167
Spine 0,103870131075382 0,380955159664154 2,52874159812927
ShoulderCenter 0,0980090647935867 0,692775726318359 2,51636648178101
Head 0,0780329182744026 0,849526882171631 2,5044264793396
ShoulderLeft -0,0644856840372086 0,662217319011688 2,51917505264282
ElbowLeft -0,148513123393059 0,863433003425598 2,45998907089233
WristLeft -0,180496528744698 1,04430198669434 2,41976928710938
HandLeft -0,191157668828964 1,10459160804749 2,4109354019165
ShoulderRight 0,251029372215271 0,688827514648438 2,53903532028198
ElbowRight 0,326889008283615 0,866911768913269 2,46395540237427
WristRight 0,286401778459549 1,07021009922028 2,42940187454224
HandRight 0,270515322685242 1,13236391544342 2,42397427558899
HipLeft 0,0430178642272949 0,25338414311409 2,45475959777832
KneeLeft 0,00657165888696909 -0,270321488380432 2,49675798416138
AnkleLeft 0,0211568083614111 -0,649897813796997 2,4976327419281
FootLeft 0,0244335792958736 -0,685016095638275 2,41854453086853
HipRight 0,176535457372665 0,258515179157257 2,47193717956543
KneeRight 0,220126569271088 -0,268974781036377 2,51245212554932
AnkleRight 0,208303779363632 -0,661291003227234 2,51632499694824
FootRight 0,211580544710159 -0,696409285068512 2,43723678588867

