HipCenter 0,103336304426193 0,218207180500031 2,45604252815247
Spine 0,0941653102636337 0,286091595888138 2,51467728614807
ShoulderCenter 0,0931769832968712 0,676467180252075 2,51596021652222
Head 0,0875687599182129 0,844671308994293 2,49231290817261
ShoulderLeft -0,0425493642687798 0,535849153995514 2,47396850585938
ElbowLeft -0,108122065663338 0,29826021194458 2,44483399391174
WristLeft -0,131022036075592 0,0904119983315468 2,36909961700439
HandLeft -0,146715268492699 0,0306908767670393 2,34468841552734
ShoulderRight 0,233843550086021 0,549253523349762 2,5165548324585
ElbowRight 0,28861877322197 0,310081273317337 2,46527934074402
WristRight 0,329167544841766 0,0803451091051102 2,40605497360229
HandRight 0,343694984912872 0,0253669712692499 2,38562059402466
HipLeft 0,0426125377416611 0,155261918902397 2,43493556976318
KneeLeft 0,00305734504945576 -0,287048757076263 2,4999988079071
AnkleLeft 0,0205723494291306 -0,64562863111496 2,50029397010803
FootLeft 0,0315282456576824 -0,681278824806213 2,42056941986084
HipRight 0,166887432336807 0,156632021069527 2,45612049102783
KneeRight 0,215132564306259 -0,284099996089935 2,51523280143738
AnkleRight 0,206535279750824 -0,663944900035858 2,51670551300049
FootRight 0,217491179704666 -0,699595093727112 2,4369809627533

