HipCenter 0,102917306125164 0,217690378427505 2,45567727088928
Spine 0,0946007445454597 0,285270780324936 2,51463389396667
ShoulderCenter 0,0915511548519135 0,675089657306671 2,51775670051575
Head 0,0879097506403923 0,844077110290527 2,493004322052
ShoulderLeft -0,0427607409656048 0,535764515399933 2,4749641418457
ElbowLeft -0,119185581803322 0,297153949737549 2,42521524429321
WristLeft -0,144464805722237 0,15768538415432 2,27381062507629
HandLeft -0,130749344825745 0,0925900265574455 2,24716830253601
ShoulderRight 0,23778872191906 0,538192331790924 2,51133370399475
ElbowRight 0,292600780725479 0,297043949365616 2,43156242370605
WristRight 0,333569705486298 0,147800028324127 2,31280875205994
HandRight 0,342194586992264 0,0886966586112976 2,27321410179138
HipLeft 0,0414129868149757 0,154520601034164 2,43457078933716
KneeLeft 0,00327330408617854 -0,286859035491943 2,50013780593872
AnkleLeft 0,0199890453368425 -0,644351840019226 2,5005145072937
FootLeft 0,0295360926538706 -0,67989856004715 2,42060256004334
HipRight 0,167410984635353 0,155076876282692 2,45572805404663
KneeRight 0,215083330869675 -0,28312474489212 2,51545286178589
AnkleRight 0,206581771373749 -0,662710249423981 2,51630210876465
FootRight 0,216128826141357 -0,698256969451904 2,43639016151428

