HipCenter 0,107123605906963 0,276939779520035 2,46646881103516
Spine 0,104163825511932 0,332361876964569 2,52682781219482
ShoulderCenter 0,0962783917784691 0,681042671203613 2,53919744491577
Head 0,0821591094136238 0,848006010055542 2,5239372253418
ShoulderLeft -0,0582701526582241 0,622992336750031 2,50160622596741
ElbowLeft -0,14708848297596 0,792035102844238 2,34703469276428
WristLeft -0,177354365587234 0,93971711397171 2,22394061088562
HandLeft -0,187139496207237 0,983457863330841 2,1916229724884
ShoulderRight 0,239923998713493 0,629008710384369 2,50966191291809
ElbowRight 0,331514805555344 0,811774492263794 2,36642336845398
WristRight 0,331489324569702 0,965638518333435 2,24776887893677
HandRight 0,333560705184937 1,0075511932373 2,21948075294495
HipLeft 0,0416118502616882 0,207989513874054 2,44686722755432
KneeLeft 0,00840488541871309 -0,272841185331345 2,49999737739563
AnkleLeft 0,0212637949734926 -0,649253368377686 2,49724936485291
FootLeft 0,0223415698856115 -0,683936476707459 2,41719532012939
HipRight 0,175940647721291 0,213215693831444 2,45854902267456
KneeRight 0,221124038100243 -0,277460306882858 2,51543879508972
AnkleRight 0,208154335618019 -0,662819981575012 2,51724648475647
FootRight 0,209232106804848 -0,697503089904785 2,43719244003296

