HipCenter 0,19752624630928 0,149451941251755 2,25807976722717
Spine 0,208009645342827 0,236450627446175 2,28383541107178
ShoulderCenter 0,0135450717061758 0,602349400520325 2,30462408065796
Head -0,0857022404670715 0,757598876953125 2,36187505722046
ShoulderLeft -0,0609394460916519 0,506874561309814 2,50756859779358
ElbowLeft -0,31289678812027 0,515628159046173 2,48137664794922
WristLeft -0,354854047298431 0,339072108268738 2,25249886512756
HandLeft -0,39145165681839 0,351889878511429 2,1547429561615
ShoulderRight 0,0791375860571861 0,512145161628723 2,23984694480896
ElbowRight -0,127224653959274 0,514019310474396 2,18183279037476
WristRight -0,335303425788879 0,523521780967712 2,17724299430847
HandRight -0,404663026332855 0,526689291000366 2,18003797531128
HipLeft 0,190008774399757 0,0863235667347908 2,28574204444885
KneeLeft 0,277373760938644 -0,323034882545471 2,23794341087341
AnkleLeft 0,232555657625198 -0,693131029605865 2,27526164054871
FootLeft 0,20654721558094 -0,69684773683548 2,37488102912903
HipRight 0,243476867675781 0,13182470202446 2,21975517272949
KneeRight 0,278796494007111 -0,269071877002716 2,22578239440918
AnkleRight 0,235426008701324 -0,67455929517746 2,32654595375061
FootRight 0,194175735116005 -0,738067150115967 2,31855225563049

