HipCenter 0,186632364988327 0,178529068827629 2,26257610321045
Spine 0,212231293320656 0,271854043006897 2,28794574737549
ShoulderCenter 0,0883194357156754 0,716513752937317 2,32372045516968
Head -0,00834251195192337 0,873961627483368 2,37442588806152
ShoulderLeft 0,00898695923388004 0,580398321151733 2,5361213684082
ElbowLeft -0,194571688771248 0,507475733757019 2,47912693023682
WristLeft -0,30428010225296 0,336468487977982 2,27159023284912
HandLeft -0,402809798717499 0,293010979890823 2,10985112190247
ShoulderRight 0,137061774730682 0,565483212471008 2,23639345169067
ElbowRight -0,088272251188755 0,516213536262512 2,1827507019043
WristRight -0,295641422271729 0,510564029216766 2,18376564979553
HandRight -0,364764481782913 0,508680880069733 2,18843197822571
HipLeft 0,156674236059189 0,134793639183044 2,28766965866089
KneeLeft 0,265095353126526 -0,296258926391602 2,23919177055359
AnkleLeft 0,232120767235756 -0,690357744693756 2,27457547187805
FootLeft 0,203032448887825 -0,707989573478699 2,37191820144653
HipRight 0,2299864590168 0,153460398316383 2,22860264778137
KneeRight 0,255927085876465 -0,247777476906776 2,22913932800293
AnkleRight 0,205156549811363 -0,627618372440338 2,3909752368927
FootRight 0,200425252318382 -0,711367189884186 2,33100557327271

