HipCenter 0,266383856534958 0,0470722131431103 2,24552917480469
Spine 0,221846684813499 0,107624083757401 2,27948403358459
ShoulderCenter -0,110928945243359 0,304177224636078 2,27972650527954
Head -0,239823132753372 0,434669703245163 2,25665092468262
ShoulderLeft -0,157197296619415 0,252702414989471 2,42882394790649
ElbowLeft 0,0140949971973896 0,119992077350616 2,25075840950012
WristLeft 0,232650488615036 0,129671409726143 2,23487377166748
HandLeft 0,299631416797638 0,11884430795908 2,23879051208496
ShoulderRight 0,0699887275695801 0,291480660438538 2,24919772148132
ElbowRight 0,171117186546326 0,10953177511692 2,15580654144287
WristRight -0,0529529303312302 0,256920486688614 2,19443917274475
HandRight -0,127642974257469 0,306050062179565 2,21174049377441
HipLeft 0,266135185956955 -0,0109100108966231 2,23169445991516
KneeLeft 0,305024385452271 -0,428817361593246 2,23819303512573
AnkleLeft 0,221783593297005 -0,729455471038818 2,28019452095032
FootLeft 0,187249690294266 -0,794299364089966 2,22797155380249
HipRight 0,353436797857285 0,051387120038271 2,24924063682556
KneeRight 0,270916402339935 -0,348518997430801 2,23765540122986
AnkleRight 0,221686512231827 -0,586911797523499 2,33821892738342
FootRight 0,204420849680901 -0,688378632068634 2,3259265422821

