HipCenter 0,160501137375832 0,0568161942064762 2,50334501266479
Spine 0,150995567440987 0,120439305901527 2,56521797180176
ShoulderCenter 0,162191867828369 0,506348073482513 2,59062242507935
Head 0,178903833031654 0,688980937004089 2,57711887359619
ShoulderLeft 0,00637504924088717 0,363838374614716 2,50990128517151
ElbowLeft -0,0790224224328995 0,180296704173088 2,48224282264709
WristLeft 0,13214747607708 0,155505210161209 2,37140226364136
HandLeft 0,205584183335304 0,169411823153496 2,34359240531921
ShoulderRight 0,330324858427048 0,383674532175064 2,5766761302948
ElbowRight 0,34347677230835 0,123360365629196 2,53983950614929
WristRight 0,350614100694656 -0,0772699192166328 2,43940043449402
HandRight 0,340495556592941 -0,164897590875626 2,40827441215515
HipLeft 0,0883787348866463 -0,0131135685369372 2,46948337554932
KneeLeft 0,0430427044630051 -0,496764481067657 2,45144534111023
AnkleLeft 0,0255772303789854 -0,834011673927307 2,46218967437744
FootLeft 0,0194433443248272 -0,914377808570862 2,41334772109985
HipRight 0,232390612363815 -0,0200232770293951 2,50377345085144
KneeRight 0,237845480442047 -0,515847742557526 2,4545214176178
AnkleRight 0,274437844753265 -0,834878981113434 2,48751926422119
FootRight 0,274501442909241 -0,919776558876038 2,43340754508972

