HipCenter 0,161313652992249 0,0426204241812229 2,49492621421814
Spine 0,154839560389519 0,109642624855042 2,55738711357117
ShoulderCenter 0,172765985131264 0,507669806480408 2,58195471763611
Head 0,181544199585915 0,687632858753204 2,56866002082825
ShoulderLeft 0,0163360312581062 0,361084759235382 2,49923992156982
ElbowLeft -0,0692688375711441 0,185948744416237 2,42751121520996
WristLeft -0,113430269062519 -0,0359581708908081 2,27563714981079
HandLeft -0,120762631297112 -0,129552572965622 2,2739429473877
ShoulderRight 0,327568560838699 0,377485752105713 2,55506348609924
ElbowRight 0,356349140405655 0,114223629236221 2,52852487564087
WristRight 0,360590517520905 -0,080923929810524 2,43024039268494
HandRight 0,354737222194672 -0,164053305983543 2,40012526512146
HipLeft 0,0887758955359459 -0,0243047308176756 2,46860957145691
KneeLeft 0,052399531006813 -0,514208436012268 2,45083856582642
AnkleLeft 0,0291017051786184 -0,836007416248322 2,4618124961853
FootLeft 0,0208148658275604 -0,914432644844055 2,41623115539551
HipRight 0,230312779545784 -0,0299470536410809 2,49118494987488
KneeRight 0,249767988920212 -0,520958006381989 2,46146631240845
AnkleRight 0,271882504224777 -0,839302361011505 2,4813814163208
FootRight 0,275343418121338 -0,919678866863251 2,43139505386353

