HipCenter 0,162259697914124 0,0427078455686569 2,49493765830994
Spine 0,156003281474113 0,109553933143616 2,55741715431213
ShoulderCenter 0,174858227372169 0,507440745830536 2,58187866210938
Head 0,184524863958359 0,687109351158142 2,56784558296204
ShoulderLeft 0,0172526445239782 0,361203879117966 2,49962782859802
ElbowLeft -0,0706504359841347 0,184059172868729 2,44702935218811
WristLeft -0,116466619074345 -0,0365896075963974 2,2935962677002
HandLeft -0,123295187950134 -0,130293518304825 2,28861355781555
ShoulderRight 0,329408079385757 0,3758485019207 2,55385422706604
ElbowRight 0,358140528202057 0,112550914287567 2,52883195877075
WristRight 0,361770153045654 -0,0799903720617294 2,43063497543335
HandRight 0,355721294879913 -0,163822218775749 2,39953207969666
HipLeft 0,0898135304450989 -0,0240879915654659 2,46854567527771
KneeLeft 0,052346084266901 -0,515237748622894 2,45069074630737
AnkleLeft 0,0289898756891489 -0,823220729827881 2,46079540252686
FootLeft 0,0209792945533991 -0,914736986160278 2,41681575775146
HipRight 0,231051459908485 -0,0299439020454884 2,49125671386719
KneeRight 0,25009086728096 -0,520469486713409 2,46149945259094
AnkleRight 0,271896332502365 -0,840184092521667 2,48137736320496
FootRight 0,27548086643219 -0,919672250747681 2,43312549591064

