HipCenter 0,159376338124275 0,0542178973555565 2,50908327102661
Spine 0,150429055094719 0,117776080965996 2,57141280174255
ShoulderCenter 0,160562127828598 0,506144106388092 2,59908485412598
Head 0,172245815396309 0,687405288219452 2,58899807929993
ShoulderLeft 0,00259926961734891 0,368305832147598 2,5271680355072
ElbowLeft -0,0829747766256332 0,195225790143013 2,43532872200012
WristLeft -0,00480883568525314 -0,000146806240081787 2,27151679992676
HandLeft -0,00975530128926039 -0,0965043380856514 2,27584266662598
ShoulderRight 0,327667772769928 0,387042164802551 2,58729553222656
ElbowRight 0,34155148267746 0,129349648952484 2,54929733276367
WristRight 0,344053655862808 -0,0737420171499252 2,44473838806152
HandRight 0,338338971138 -0,164013102650642 2,41087961196899
HipLeft 0,0864206701517105 -0,0151035599410534 2,47985672950745
KneeLeft 0,0418181046843529 -0,50492924451828 2,44719624519348
AnkleLeft 0,0287757366895676 -0,821954131126404 2,46200251579285
FootLeft 0,018013596534729 -0,914161860942841 2,41755867004395
HipRight 0,233245521783829 -0,0206714645028114 2,50435924530029
KneeRight 0,241782963275909 -0,522326767444611 2,46883416175842
AnkleRight 0,26900327205658 -0,82548463344574 2,48965740203857
FootRight 0,273576557636261 -0,921831130981445 2,44093203544617

