HipCenter 0,161130666732788 0,0452889204025269 2,50101518630981
Spine 0,156091719865799 0,110505864024162 2,56377363204956
ShoulderCenter 0,178196460008621 0,50431627035141 2,58916115760803
Head 0,183720231056213 0,686172425746918 2,5737156867981
ShoulderLeft 0,019539387896657 0,361806184053421 2,51610016822815
ElbowLeft -0,0553243681788445 0,181435286998749 2,47110199928284
WristLeft -0,0871178209781647 -0,0428301095962524 2,31886410713196
HandLeft -0,0736560150980949 -0,140112087130547 2,31682062149048
ShoulderRight 0,336240917444229 0,37925386428833 2,56845831871033
ElbowRight 0,357540160417557 0,115034312009811 2,53201270103455
WristRight 0,357548743486404 -0,0770074352622032 2,43092179298401
HandRight 0,351035237312317 -0,165887802839279 2,40318751335144
HipLeft 0,0870897546410561 -0,0224388167262077 2,47517776489258
KneeLeft 0,0479548387229443 -0,517019867897034 2,45359349250793
AnkleLeft 0,0301101393997669 -0,840832710266113 2,46045541763306
FootLeft 0,0219095647335052 -0,910221219062805 2,4157817363739
HipRight 0,229939445853233 -0,0276604443788528 2,49549174308777
KneeRight 0,24329274892807 -0,516038537025452 2,45447778701782
AnkleRight 0,269019931554794 -0,838599443435669 2,47785329818726
FootRight 0,274449795484543 -0,91886693239212 2,43026781082153

