HipCenter 0,145819216966629 0,0500132441520691 2,50157260894775
Spine 0,14518129825592 0,11582937836647 2,56263732910156
ShoulderCenter 0,166568145155907 0,503554403781891 2,57362389564514
Head 0,178373262286186 0,684661686420441 2,56058168411255
ShoulderLeft -0,0032108654268086 0,361959010362625 2,52081179618835
ElbowLeft -0,132311642169952 0,143205270171165 2,49442267417908
WristLeft -0,310629487037659 -0,0159696321934462 2,38636422157288
HandLeft -0,316443771123886 -0,0145114213228226 2,37933611869812
ShoulderRight 0,323630154132843 0,373786330223084 2,54989385604858
ElbowRight 0,342775464057922 0,108355283737183 2,51168346405029
WristRight 0,335505485534668 -0,085491381585598 2,41627430915833
HandRight 0,321379870176315 -0,17094811797142 2,38099122047424
HipLeft 0,067540742456913 -0,0187138356268406 2,48184776306152
KneeLeft 0,0279074143618345 -0,498796343803406 2,45289659500122
AnkleLeft 0,0255284048616886 -0,838749408721924 2,46153330802917
FootLeft 0,0172707140445709 -0,915280699729919 2,42210650444031
HipRight 0,217045366764069 -0,0264784004539251 2,49360013008118
KneeRight 0,233517572283745 -0,521454393863678 2,4580237865448
AnkleRight 0,270643204450607 -0,840777158737183 2,4785304069519
FootRight 0,271058142185211 -0,919325709342957 2,42707133293152

