HipCenter 0,10827361792326 0,143958389759064 2,76633262634277
Spine 0,128584310412407 0,210602328181267 2,82688856124878
ShoulderCenter 0,19576270878315 0,607671618461609 2,83830809593201
Head 0,245144739747047 0,776515543460846 2,83420753479004
ShoulderLeft 0,0180096197873354 0,614136636257172 2,81895017623901
ElbowLeft -0,138950884342194 0,827696561813354 2,70152640342712
WristLeft -0,238862425088882 1,01232969760895 2,64026498794556
HandLeft -0,301443159580231 1,04150629043579 2,61177349090576
ShoulderRight 0,283617496490479 0,495254337787628 2,76572108268738
ElbowRight 0,0315082371234894 0,455761253833771 2,59778165817261
WristRight -0,185494229197502 0,420901268720627 2,52103996276855
HandRight -0,242522731423378 0,431427597999573 2,48750495910645
HipLeft 0,0236397534608841 0,0959195047616959 2,74775648117065
KneeLeft 0,0155528793111444 -0,449811369180679 2,77216148376465
AnkleLeft 0,0316229984164238 -0,854547739028931 2,77077627182007
FootLeft 0,0131021700799465 -0,921811461448669 2,71882939338684
HipRight 0,168654575943947 0,065073698759079 2,76125168800354
KneeRight 0,226333722472191 -0,465810716152191 2,7607946395874
AnkleRight 0,251792639493942 -0,870043158531189 2,75414085388184
FootRight 0,270746231079102 -0,933526813983917 2,69428563117981

