HipCenter 0,10782678425312 0,0116108395159245 2,72906613349915
Spine 0,0856432840228081 0,0787282511591911 2,75909757614136
ShoulderCenter -0,0685884356498718 0,417901605367661 2,74429559707642
Head -0,142099678516388 0,582524538040161 2,71191787719727
ShoulderLeft -0,164374768733978 0,320857852697372 2,75481986999512
ElbowLeft -0,357809334993362 0,327042251825333 2,7752411365509
WristLeft -0,542283236980438 0,252468794584274 2,76987862586975
HandLeft -0,603774547576904 0,227610975503922 2,77259349822998
ShoulderRight 0,0965070128440857 0,346874475479126 2,70018076896667
ElbowRight 0,264442443847656 0,157131567597389 2,76524972915649
WristRight 0,425695776939392 -0,0436320006847382 2,72872424125671
HandRight 0,435926496982574 -0,106698751449585 2,7153046131134
HipLeft 0,0833607167005539 -0,0562608204782009 2,73799300193787
KneeLeft 0,119793526828289 -0,527238249778748 2,6930992603302
AnkleLeft 0,154608517885208 -0,844428777694702 2,71662449836731
FootLeft 0,139969155192375 -0,923997223377228 2,67011308670044
HipRight 0,183208793401718 -0,0333435423672199 2,70882320404053
KneeRight 0,320810556411743 -0,541191697120667 2,70758867263794
AnkleRight 0,340029746294022 -0,862170338630676 2,73984289169312
FootRight 0,344183146953583 -0,927482068538666 2,71500301361084

