HipCenter 0,106959089636803 0,00832360796630383 2,7277717590332
Spine 0,0835686773061752 0,0768332779407501 2,75853514671326
ShoulderCenter -0,0687141418457031 0,416858345270157 2,74549555778503
Head -0,146646872162819 0,576581835746765 2,70117378234863
ShoulderLeft -0,161412239074707 0,315217047929764 2,74575042724609
ElbowLeft -0,353409975767136 0,324837982654572 2,76823139190674
WristLeft -0,538188338279724 0,28194072842598 2,76939058303833
HandLeft -0,599781155586243 0,267641633749008 2,77410912513733
ShoulderRight 0,0958760157227516 0,347194850444794 2,69623160362244
ElbowRight 0,170440584421158 0,176225438714027 2,63339447975159
WristRight 0,303423881530762 0,0272158980369568 2,59978270530701
HandRight 0,313288182020187 -0,0335922949016094 2,58684372901917
HipLeft 0,0836573541164398 -0,0591543577611446 2,73743391036987
KneeLeft 0,119759924709797 -0,531172394752502 2,69260454177856
AnkleLeft 0,154798611998558 -0,845192849636078 2,71308875083923
FootLeft 0,141590356826782 -0,919551134109497 2,67119789123535
HipRight 0,177829965949059 -0,0357424020767212 2,70989274978638
KneeRight 0,320800065994263 -0,540679275989532 2,70525431632996
AnkleRight 0,341447830200195 -0,852123856544495 2,73685121536255
FootRight 0,343443751335144 -0,922901034355164 2,70760798454285

