HipCenter 0,16380949318409 0,0421777963638306 2,73646402359009
Spine 0,153862208127975 0,109284728765488 2,78873467445374
ShoulderCenter 0,0640653148293495 0,469278067350388 2,77027606964111
Head 0,0283471215516329 0,647948205471039 2,74514031410217
ShoulderLeft -0,0700269937515259 0,36633974313736 2,77300930023193
ElbowLeft -0,264724463224411 0,353349715471268 2,78213787078857
WristLeft -0,460303008556366 0,352300196886063 2,73515367507935
HandLeft -0,529518008232117 0,356877565383911 2,73164343833923
ShoulderRight 0,204783141613007 0,371561646461487 2,73818778991699
ElbowRight 0,351066410541534 0,160098701715469 2,78848600387573
WristRight 0,40735986828804 -0,097954273223877 2,72695589065552
HandRight 0,418243914842606 -0,165048941969872 2,71267890930176
HipLeft 0,117835342884064 -0,0289167277514935 2,72933197021484
KneeLeft 0,124432355165482 -0,509551465511322 2,69762134552002
AnkleLeft 0,152762889862061 -0,845103740692139 2,71541547775269
FootLeft 0,139245182275772 -0,923717081546783 2,66877269744873
HipRight 0,235287919640541 -0,00829334557056427 2,72915315628052
KneeRight 0,319402545690537 -0,52754533290863 2,70944547653198
AnkleRight 0,341812402009964 -0,858878612518311 2,74022221565247
FootRight 0,344964474439621 -0,928304612636566 2,71471977233887

