HipCenter 0,193497747182846 0,0638203918933868 2,71839833259583
Spine 0,195023477077484 0,129753410816193 2,76850008964539
ShoulderCenter 0,171649307012558 0,496066570281982 2,76473069190979
Head 0,162706732749939 0,672652184963226 2,743079662323
ShoulderLeft 0,0133586917072535 0,399443209171295 2,76978349685669
ElbowLeft -0,169040381908417 0,36792865395546 2,77639508247375
WristLeft -0,350889623165131 0,340070307254791 2,74499917030334
HandLeft -0,411506026983261 0,330784201622009 2,73879599571228
ShoulderRight 0,312610238790512 0,379541546106339 2,73126125335693
ElbowRight 0,398235976696014 0,148657739162445 2,75028491020203
WristRight 0,417572021484375 -0,0738147050142288 2,68414616584778
HandRight 0,423288255929947 -0,154689654707909 2,66491651535034
HipLeft 0,129553437232971 -0,00718234200030565 2,70929288864136
KneeLeft 0,119937285780907 -0,493436247110367 2,69030165672302
AnkleLeft 0,143932729959488 -0,830529928207397 2,70851874351501
FootLeft 0,142620533704758 -0,917777240276337 2,67615509033203
HipRight 0,265301197767258 0,000378473370801657 2,7096118927002
KneeRight 0,314122825860977 -0,495149403810501 2,68982005119324
AnkleRight 0,342257231473923 -0,861310601234436 2,73751473426819
FootRight 0,343703985214233 -0,928857088088989 2,71312975883484

