HipCenter 0,156927898526192 0,0452975481748581 2,737713098526
Spine 0,147429317235947 0,112262405455112 2,78794193267822
ShoulderCenter 0,0565652623772621 0,467950284481049 2,76892709732056
Head 0,0120702106505632 0,645247101783752 2,74017810821533
ShoulderLeft -0,0786673575639725 0,363382190465927 2,77108454704285
ElbowLeft -0,272583931684494 0,35200697183609 2,78407049179077
WristLeft -0,467195004224777 0,350733488798141 2,73248696327209
HandLeft -0,535938560962677 0,356788128614426 2,72836184501648
ShoulderRight 0,191422402858734 0,368628412485123 2,7317943572998
ElbowRight 0,345556735992432 0,168361380696297 2,79500651359558
WristRight 0,40427428483963 -0,0893111974000931 2,73531556129456
HandRight 0,41510796546936 -0,156094700098038 2,72110486030579
HipLeft 0,113664016127586 -0,0250992681831121 2,73582673072815
KneeLeft 0,119758114218712 -0,504467368125916 2,69810795783997
AnkleLeft 0,146206378936768 -0,832919359207153 2,71640777587891
FootLeft 0,141591921448708 -0,919192671775818 2,67889714241028
HipRight 0,226392731070518 -0,00361502962186933 2,72656941413879
KneeRight 0,317735642194748 -0,52613627910614 2,70939970016479
AnkleRight 0,343222737312317 -0,855148375034332 2,73826813697815
FootRight 0,332229286432266 -0,886576533317566 2,66343832015991

