HipCenter 0,0928954780101776 0,203252702951431 2,82150721549988
Spine 0,0974734202027321 0,277628391981125 2,88813257217407
ShoulderCenter 0,100271984934807 0,711167633533478 2,89440488815308
Head 0,0819740518927574 0,912229657173157 2,91317081451416
ShoulderLeft -0,0767482072114944 0,558437049388886 2,88368892669678
ElbowLeft -0,160403564572334 0,285963743925095 2,83695268630981
WristLeft -0,180568471550941 0,047342374920845 2,71590161323547
HandLeft -0,17402309179306 -0,0435477122664452 2,68763995170593
ShoulderRight 0,23829773068428 0,575980842113495 2,86797380447388
ElbowRight 0,349384844303131 0,266907304525375 2,8310546875
WristRight 0,367473065853119 0,0216243118047714 2,72618055343628
HandRight 0,369513034820557 -0,0474704056978226 2,68399548530579
HipLeft 0,0202005319297314 0,131058633327484 2,81353330612183
KneeLeft -0,0438048467040062 -0,438083589076996 2,82913208007813
AnkleLeft -0,0502031408250332 -0,841858088970184 2,84829235076904
FootLeft -0,0705361217260361 -0,932360231876373 2,77357959747314
HipRight 0,163461983203888 0,134304597973824 2,80442070960999
KneeRight 0,2220159471035 -0,448118805885315 2,81189942359924
AnkleRight 0,236296772956848 -0,8526451587677 2,83484172821045
FootRight 0,245356321334839 -0,935891807079315 2,77107954025269

