HipCenter 0,101021081209183 0,26185604929924 2,83303642272949
Spine 0,102553583681583 0,330633282661438 2,90110659599304
ShoulderCenter 0,105511121451855 0,74446976184845 2,92010307312012
Head 0,0875139683485031 0,919601380825043 2,96041393280029
ShoulderLeft -0,058009184896946 0,64209920167923 2,88370227813721
ElbowLeft -0,158438503742218 0,777002453804016 2,66590523719788
WristLeft -0,187513411045074 0,932905077934265 2,46660780906677
HandLeft -0,197683736681938 0,991794586181641 2,41040635108948
ShoulderRight 0,256956934928894 0,651963472366333 2,88117122650146
ElbowRight 0,349564909934998 0,792382597923279 2,66553688049316
WristRight 0,353675574064255 0,942113876342773 2,45899176597595
HandRight 0,355506479740143 0,999579310417175 2,40047359466553
HipLeft 0,0308879315853119 0,19180554151535 2,8156361579895
KneeLeft -0,0425954833626747 -0,426959961652756 2,83307957649231
AnkleLeft -0,0484742522239685 -0,838748455047607 2,85071873664856
FootLeft -0,068236730992794 -0,927672326564789 2,7801308631897
HipRight 0,16984286904335 0,193249523639679 2,82079601287842
KneeRight 0,225948929786682 -0,422783374786377 2,81202912330627
AnkleRight 0,235994026064873 -0,850881099700928 2,83473682403564
FootRight 0,239495486021042 -0,932009100914001 2,76893281936646

