HipCenter 0,0974033549427986 0,229396373033524 2,83216214179993
Spine 0,0991129279136658 0,301698327064514 2,90032458305359
ShoulderCenter 0,103824242949486 0,731793642044067 2,91903281211853
Head 0,0946051925420761 0,922642350196838 2,93951296806335
ShoulderLeft -0,0491087734699249 0,590888857841492 2,86256146430969
ElbowLeft -0,155287086963654 0,584635257720947 2,60017704963684
WristLeft -0,179009273648262 0,627491652965546 2,26097273826599
HandLeft -0,177486404776573 0,651025354862213 2,20305442810059
ShoulderRight 0,24044580757618 0,616350293159485 2,86493825912476
ElbowRight 0,34280252456665 0,590396761894226 2,58580565452576
WristRight 0,349030286073685 0,626559734344482 2,29871606826782
HandRight 0,347968876361847 0,656832933425903 2,21582412719727
HipLeft 0,0293948277831078 0,164506047964096 2,818204164505
KneeLeft -0,0437173955142498 -0,431402683258057 2,83536314964294
AnkleLeft -0,0484716929495335 -0,838357210159302 2,85008001327515
FootLeft -0,0703534930944443 -0,926646292209625 2,77226805686951
HipRight 0,163639292120934 0,166470244526863 2,81940984725952
KneeRight 0,225211426615715 -0,431531876325607 2,81441307067871
AnkleRight 0,236570060253143 -0,849909842014313 2,83501124382019
FootRight 0,239757061004639 -0,930551886558533 2,76836824417114

