HipCenter 0,0934819951653481 0,282647281885147 2,83135986328125
Spine 0,0973946675658226 0,348382562398911 2,89802026748657
ShoulderCenter 0,102925904095173 0,747375249862671 2,90753149986267
Head 0,0872115343809128 0,920963943004608 2,94495463371277
ShoulderLeft -0,0748419165611267 0,66653299331665 2,90009903907776
ElbowLeft -0,170128643512726 0,869549989700317 2,75386786460876
WristLeft -0,183539107441902 1,09819686412811 2,63260936737061
HandLeft -0,189886286854744 1,17965471744537 2,60501432418823
ShoulderRight 0,265236675739288 0,671807527542114 2,88708281517029
ElbowRight 0,369384855031967 0,876008331775665 2,75105762481689
WristRight 0,347638547420502 1,09671986103058 2,6152868270874
HandRight 0,355094254016876 1,17336571216583 2,57646703720093
HipLeft 0,0193870328366756 0,209034472703934 2,81497931480408
KneeLeft -0,0471968613564968 -0,421830415725708 2,83207964897156
AnkleLeft -0,0509218797087669 -0,8366978764534 2,84885239601135
FootLeft -0,0642511770129204 -0,923518300056458 2,77672910690308
HipRight 0,164433509111404 0,206097304821014 2,81803679466248
KneeRight 0,223627746105194 -0,425115793943405 2,81299829483032
AnkleRight 0,237063929438591 -0,849347412586212 2,83551239967346
FootRight 0,243075653910637 -0,932324945926666 2,7717273235321

