HipCenter 0,123995222151279 0,261284500360489 2,1470263004303
Spine 0,125449866056442 0,329128742218018 2,19861149787903
ShoulderCenter 0,116035774350166 0,700336575508118 2,1821768283844
Head 0,0818531960248947 0,890588521957397 2,12668561935425
ShoulderLeft -0,0594100393354893 0,564118266105652 2,17883515357971
ElbowLeft -0,0987723618745804 0,360984981060028 2,13303184509277
WristLeft -0,170579224824905 0,28112855553627 1,90648555755615
HandLeft -0,180186733603477 0,282337307929993 1,87560558319092
ShoulderRight 0,271676570177078 0,588609039783478 2,16187930107117
ElbowRight 0,345959663391113 0,332477152347565 2,17128610610962
WristRight 0,352358996868134 0,136205390095711 2,12312436103821
HandRight 0,359856277704239 0,0712163522839546 2,11865568161011
HipLeft 0,0513220317661762 0,182779774069786 2,14003276824951
KneeLeft 0,03711948543787 -0,315527260303497 2,21737122535706
AnkleLeft 0,0304552689194679 -0,658192992210388 2,22241854667664
FootLeft 0,0145268989726901 -0,737726986408234 2,15712237358093
HipRight 0,199750557541847 0,191534027457237 2,13735556602478
KneeRight 0,218541085720062 -0,318494319915771 2,22007203102112
AnkleRight 0,216940879821777 -0,672039210796356 2,23146319389343
FootRight 0,239529132843018 -0,739677250385284 2,17570495605469

