HipCenter 0,122032821178436 0,261263072490692 2,14823961257935
Spine 0,120489709079266 0,328264862298965 2,19952344894409
ShoulderCenter 0,11023622751236 0,696164727210999 2,18335938453674
Head 0,0772735849022865 0,885124504566193 2,12489366531372
ShoulderLeft -0,0622308515012264 0,556898295879364 2,16346859931946
ElbowLeft -0,10528327524662 0,365114897489548 2,10184693336487
WristLeft 0,0723288655281067 0,370834648609161 1,99720919132233
HandLeft 0,0936672165989876 0,391779571771622 1,98412084579468
ShoulderRight 0,267947882413864 0,58756822347641 2,16325759887695
ElbowRight 0,349669635295868 0,334537714719772 2,18271565437317
WristRight 0,355351895093918 0,138031661510468 2,13463640213013
HandRight 0,357680082321167 0,0754171907901764 2,12523555755615
HipLeft 0,0514457821846008 0,181974858045578 2,13584899902344
KneeLeft 0,0340511202812195 -0,316163659095764 2,222731590271
AnkleLeft 0,0294577311724424 -0,657748699188232 2,22343826293945
FootLeft 0,0150705361738801 -0,736655712127686 2,15870451927185
HipRight 0,19693885743618 0,191779062151909 2,14488983154297
KneeRight 0,21535736322403 -0,31701135635376 2,21863436698914
AnkleRight 0,213707000017166 -0,669389843940735 2,22877597808838
FootRight 0,23818039894104 -0,739384412765503 2,16969227790833

