HipCenter 0,120745837688446 0,260454505681992 2,14428472518921
Spine 0,118656352162361 0,328059107065201 2,19543528556824
ShoulderCenter 0,10844299197197 0,698103487491608 2,1792995929718
Head 0,072244681417942 0,883650779724121 2,11585021018982
ShoulderLeft -0,0660786256194115 0,552600026130676 2,15268158912659
ElbowLeft -0,111809059977531 0,361299961805344 2,09163880348206
WristLeft 0,0695775151252747 0,371280312538147 1,99512946605682
HandLeft 0,0951277390122414 0,391631245613098 1,97811937332153
ShoulderRight 0,264433860778809 0,589365661144257 2,15771985054016
ElbowRight 0,343811392784119 0,334387302398682 2,17049360275269
WristRight 0,3520567715168 0,137409865856171 2,12558054924011
HandRight 0,351459294557571 0,0741199553012848 2,11269187927246
HipLeft 0,049659289419651 0,180765688419342 2,13109111785889
KneeLeft 0,0318824239075184 -0,316793322563171 2,2218964099884
AnkleLeft 0,029697535559535 -0,658724665641785 2,22336602210999
FootLeft 0,0147452130913734 -0,73676472902298 2,15834641456604
HipRight 0,195792809128761 0,190946340560913 2,14051246643066
KneeRight 0,214347988367081 -0,317197412252426 2,2175121307373
AnkleRight 0,215401202440262 -0,668779969215393 2,22960352897644
FootRight 0,237699612975121 -0,738637089729309 2,17255783081055

