HipCenter -0,0882630050182343 0,0831966996192932 2,60027313232422
Spine -0,0890790075063705 0,147111475467682 2,65996122360229
ShoulderCenter -0,0902253985404968 0,536021649837494 2,68200945854187
Head -0,0989067330956459 0,70710289478302 2,72877168655396
ShoulderLeft -0,209744676947594 0,430632174015045 2,66399645805359
ElbowLeft -0,00636273622512817 0,393665283918381 2,50782060623169
WristLeft 0,0406970083713531 0,55938458442688 2,54766321182251
HandLeft 0,10989898443222 0,546944916248322 2,60667490959167
ShoulderRight 0,0702419504523277 0,349135547876358 2,65112829208374
ElbowRight 0,0679613724350929 0,184510409832001 2,53253555297852
WristRight 0,145862579345703 0,377057284116745 2,64704871177673
HandRight 0,142095059156418 0,422816753387451 2,59709739685059
HipLeft -0,149826675653458 0,0245204865932465 2,58942437171936
KneeLeft -0,156013056635857 -0,448882043361664 2,65613865852356
AnkleLeft -0,155014425516129 -0,823329091072083 2,65135216712952
FootLeft -0,125801652669907 -0,903401792049408 2,59720039367676
HipRight -0,0328041277825832 0,0245966967195272 2,58632683753967
KneeRight -0,00589103903621435 -0,406942903995514 2,63017535209656
AnkleRight -0,0131406486034393 -0,842538893222809 2,62147378921509
FootRight -0,0130008207634091 -0,877252757549286 2,52761459350586

