HipCenter -0,0867556631565094 0,0729924663901329 2,59742784500122
Spine -0,0536980740725994 0,142207503318787 2,64528679847717
ShoulderCenter -0,0880866721272469 0,531761646270752 2,67968058586121
Head -0,102820999920368 0,703266739845276 2,72630548477173
ShoulderLeft -0,210146576166153 0,421724110841751 2,66166949272156
ElbowLeft -0,00975747406482697 0,384212672710419 2,49876427650452
WristLeft 0,0393301323056221 0,551560759544373 2,53467082977295
HandLeft 0,108739100396633 0,539083898067474 2,59385895729065
ShoulderRight -0,0584435984492302 0,513169169425964 2,5407600402832
ElbowRight 0,0353878140449524 0,2869753241539 2,52761268615723
WristRight 0,153298646211624 0,43627142906189 2,66885089874268
HandRight 0,192602246999741 0,486036777496338 2,72044324874878
HipLeft -0,128359451889992 0,0278221499174833 2,59042358398438
KneeLeft -0,16611360013485 -0,367213934659958 2,63477873802185
AnkleLeft -0,148163810372353 -0,801443696022034 2,64565348625183
FootLeft -0,110219702124596 -0,90234112739563 2,60504961013794
HipRight -0,0463171228766441 0,0321831442415714 2,58539938926697
KneeRight 0,00442371889948845 -0,332931280136108 2,61974167823792
AnkleRight -0,00271825399249792 -0,648511528968811 2,65882229804993
FootRight -0,0650092288851738 -0,684698939323425 2,58922791481018

