HipCenter -0,085921972990036 0,0933532491326332 2,59290671348572
Spine -0,0670844614505768 0,15595431625843 2,64891839027405
ShoulderCenter -0,0872324705123901 0,536627411842346 2,67287468910217
Head -0,0986960977315903 0,714263617992401 2,71570611000061
ShoulderLeft -0,209052830934525 0,424217760562897 2,65515851974487
ElbowLeft -0,0078759640455246 0,433455049991608 2,47593665122986
WristLeft 0,068739578127861 0,583136320114136 2,54360198974609
HandLeft 0,118499025702477 0,574973404407501 2,6224308013916
ShoulderRight 0,0467623472213745 0,509150147438049 2,56796860694885
ElbowRight 0,0572912245988846 0,257301509380341 2,52407288551331
WristRight 0,163903906941414 0,427180230617523 2,66415619850159
HandRight 0,199441462755203 0,483806490898132 2,71537590026855
HipLeft -0,138523757457733 0,0314872600138187 2,58295249938965
KneeLeft -0,168556615710258 -0,396303296089172 2,64029836654663
AnkleLeft -0,148646205663681 -0,826222598552704 2,65125465393066
FootLeft -0,120715878903866 -0,906259119510651 2,59400081634521
HipRight -0,029261102899909 0,0374219492077827 2,57901692390442
KneeRight 0,00931444577872753 -0,32983735203743 2,61302256584167
AnkleRight -0,00238994136452675 -0,64933842420578 2,64422225952148
FootRight -0,0379059128463268 -0,684134185314178 2,55725789070129

