HipCenter -0,0799433663487434 0,0762056261301041 2,60259675979614
Spine -0,0517427548766136 0,14664714038372 2,6557924747467
ShoulderCenter -0,0847125425934792 0,538588345050812 2,69268417358398
Head -0,0898569449782372 0,71934050321579 2,73801684379578
ShoulderLeft -0,202689453959465 0,435747981071472 2,67006206512451
ElbowLeft 0,00220576790161431 0,436976552009583 2,49254107475281
WristLeft 0,117268562316895 0,532162606716156 2,61742877960205
HandLeft 0,169457256793976 0,537279546260834 2,6629753112793
ShoulderRight -0,0269060470163822 0,473862916231155 2,55728268623352
ElbowRight 0,0567644871771336 0,231547802686691 2,53376269340515
WristRight 0,166301697492599 0,406286150217056 2,6724226474762
HandRight 0,202814102172852 0,464532256126404 2,72319030761719
HipLeft -0,123945824801922 0,0298486817628145 2,59150362014771
KneeLeft -0,16202999651432 -0,337110280990601 2,62649583816528
AnkleLeft -0,144300863146782 -0,774982690811157 2,65091824531555
FootLeft -0,121604658663273 -0,880775630474091 2,61162042617798
HipRight -0,0327153280377388 0,0328492596745491 2,59172081947327
KneeRight -0,0066759567707777 -0,335452228784561 2,62445306777954
AnkleRight -0,00618193065747619 -0,775872111320496 2,62409853935242
FootRight -0,0585650317370892 -0,811139225959778 2,54643034934998

