HipCenter -0,0881523713469505 0,0648216977715492 2,59948301315308
Spine -0,0540494732558727 0,136138454079628 2,64950275421143
ShoulderCenter -0,086299754679203 0,534243762493134 2,69259095191956
Head -0,0964419096708298 0,71350634098053 2,74559164047241
ShoulderLeft -0,200891062617302 0,439764052629471 2,6688928604126
ElbowLeft -0,0139667876064777 0,471312373876572 2,49493741989136
WristLeft 0,0380927696824074 0,633070290088654 2,56569838523865
HandLeft 0,0900670140981674 0,638166189193726 2,6110577583313
ShoulderRight -0,0745197981595993 0,500620067119598 2,56549382209778
ElbowRight 0,0301372557878494 0,266225814819336 2,54022717475891
WristRight 0,155843585729599 0,421368658542633 2,68790531158447
HandRight 0,187116235494614 0,520009517669678 2,70500469207764
HipLeft -0,128631114959717 0,0307647176086903 2,59426856040955
KneeLeft -0,164145976305008 -0,412533581256866 2,64723968505859
AnkleLeft -0,143857330083847 -0,824046015739441 2,65607500076294
FootLeft -0,134419247508049 -0,906744539737701 2,59570479393005
HipRight -0,052562303841114 0,0316450893878937 2,588059425354
KneeRight -0,000789435754995793 -0,425631314516068 2,63370394706726
AnkleRight -0,00706880819052458 -0,836448848247528 2,64183855056763
FootRight -0,0145162222906947 -0,918875992298126 2,60251617431641

