HipCenter -0,0765170454978943 0,0669852271676064 2,60384464263916
Spine -0,0493474453687668 0,135265380144119 2,65875792503357
ShoulderCenter -0,0746373981237412 0,54328864812851 2,69938397407532
Head -0,0929718166589737 0,721444725990295 2,74101495742798
ShoulderLeft -0,183268547058105 0,433619797229767 2,66783905029297
ElbowLeft 0,0361813753843308 0,413962602615356 2,50657844543457
WristLeft 0,122205279767513 0,541381359100342 2,60596132278442
HandLeft 0,173735961318016 0,546433806419373 2,65093350410461
ShoulderRight -0,00637426041066647 0,501797497272491 2,57120132446289
ElbowRight 0,0540656000375748 0,250926226377487 2,53736400604248
WristRight 0,172977268695831 0,416835367679596 2,68177127838135
HandRight 0,212614491581917 0,472138404846191 2,73444843292236
HipLeft -0,113461710512638 0,0234088338911533 2,60125541687012
KneeLeft -0,155166640877724 -0,436825037002563 2,65628910064697
AnkleLeft -0,141095787286758 -0,830721259117126 2,661212682724
FootLeft -0,129859566688538 -0,907349467277527 2,60037064552307
HipRight -0,0402814522385597 0,0277570337057114 2,58787870407104
KneeRight -0,00158584304153919 -0,430465996265411 2,63845181465149
AnkleRight -0,00463344529271126 -0,832306444644928 2,64517211914063
FootRight -0,012788918800652 -0,915141105651855 2,60272169113159

