HipCenter -0,0690687149763107 0,0685363486409187 2,60514354705811
Spine -0,0410410314798355 0,136428236961365 2,65857577323914
ShoulderCenter -0,0749225318431854 0,533730983734131 2,70334482192993
Head -0,092632457613945 0,711077511310577 2,74176502227783
ShoulderLeft -0,182914867997169 0,429340004920959 2,67085719108582
ElbowLeft 0,0307737588882446 0,430720895528793 2,49434185028076
WristLeft 0,119229607284069 0,569246828556061 2,58168292045593
HandLeft 0,169883161783218 0,574213266372681 2,62588953971863
ShoulderRight -0,0204930938780308 0,489291310310364 2,56915903091431
ElbowRight 0,0740335434675217 0,246047824621201 2,54289770126343
WristRight 0,189597919583321 0,423771500587463 2,68147587776184
HandRight 0,228119373321533 0,483012735843658 2,73220610618591
HipLeft -0,10412422567606 0,0260417014360428 2,59525275230408
KneeLeft -0,144662007689476 -0,431337505578995 2,65925121307373
AnkleLeft -0,142770618200302 -0,823814570903778 2,6633620262146
FootLeft -0,126377135515213 -0,912322998046875 2,59939980506897
HipRight -0,033040177077055 0,0340042635798454 2,59441328048706
KneeRight 0,00918829906731844 -0,427679896354675 2,63897609710693
AnkleRight -0,00214981636963785 -0,816022634506226 2,65899777412415
FootRight 0,00344995851628482 -0,919134736061096 2,60809659957886

