HipCenter -0,0879597812891006 0,0709377601742744 2,60864734649658
Spine -0,0635875463485718 0,136280432343483 2,66409993171692
ShoulderCenter -0,0893287509679794 0,537385165691376 2,70318198204041
Head -0,0975923389196396 0,702319741249084 2,74856615066528
ShoulderLeft -0,200028896331787 0,429689317941666 2,67344903945923
ElbowLeft 0,00533869862556458 0,407964885234833 2,51703333854675
WristLeft 0,0423431061208248 0,569244742393494 2,57517385482788
HandLeft 0,102470263838768 0,542535603046417 2,63821744918823
ShoulderRight -0,022275235503912 0,479942113161087 2,58590030670166
ElbowRight -0,0404710620641708 0,66467297077179 2,53057909011841
WristRight 0,109332025051117 0,542986750602722 2,66629076004028
HandRight 0,159266382455826 0,502424657344818 2,71603345870972
HipLeft -0,124747157096863 0,0289784874767065 2,60286450386047
KneeLeft -0,159072488546371 -0,445832967758179 2,66429758071899
AnkleLeft -0,143187403678894 -0,838215410709381 2,65129446983337
FootLeft -0,140676259994507 -0,909891903400421 2,59573483467102
HipRight -0,0493098869919777 0,0328590460121632 2,59578466415405
KneeRight -0,00313628022558987 -0,44537290930748 2,6440761089325
AnkleRight -0,0128216771408916 -0,835437178611755 2,65291571617126
FootRight -0,0132332649081945 -0,924566805362701 2,59708762168884

