HipCenter 0,140165418386459 0,0420593433082104 2,73871445655823
Spine 0,125677645206451 0,106546804308891 2,78709602355957
ShoulderCenter 0,00829432439059019 0,444907784461975 2,76958441734314
Head -0,0557551570236683 0,61194509267807 2,73795342445374
ShoulderLeft -0,106257557868958 0,339784890413284 2,76792669296265
ElbowLeft -0,299109607934952 0,338466465473175 2,77356576919556
WristLeft -0,493931382894516 0,35105761885643 2,75050449371338
HandLeft -0,558871984481812 0,355254679918289 2,74726891517639
ShoulderRight 0,151156902313232 0,352324575185776 2,7288293838501
ElbowRight 0,327863216400146 0,200379326939583 2,82761859893799
WristRight 0,427400708198547 -0,044012188911438 2,79684567451477
HandRight 0,436340123414993 -0,105930134654045 2,78804636001587
HipLeft 0,106709957122803 -0,0271460711956024 2,74404096603394
KneeLeft 0,108060665428638 -0,498537540435791 2,69443821907043
AnkleLeft 0,140055194497108 -0,840678095817566 2,71585559844971
FootLeft 0,141405314207077 -0,916346549987793 2,68261480331421
HipRight 0,209658950567245 -0,00263381423428655 2,72039175033569
KneeRight 0,322549045085907 -0,521082639694214 2,70901584625244
AnkleRight 0,341154843568802 -0,858702659606934 2,74516630172729
FootRight 0,343096405267715 -0,934064328670502 2,71936225891113

