HipCenter 0,122820883989334 0,0229910872876644 2,74392652511597
Spine 0,102904208004475 0,0862927138805389 2,79147505760193
ShoulderCenter -0,0416757874190807 0,417482048273087 2,77695417404175
Head -0,112419076263905 0,585051476955414 2,73376798629761
ShoulderLeft -0,141668245196342 0,322793424129486 2,77536010742188
ElbowLeft -0,332685500383377 0,325330376625061 2,7952299118042
WristLeft -0,527694821357727 0,334286123514175 2,7611346244812
HandLeft -0,59269791841507 0,337271362543106 2,7541024684906
ShoulderRight 0,120584741234779 0,346834629774094 2,73297548294067
ElbowRight 0,29705747961998 0,184813037514687 2,82225227355957
WristRight 0,394291579723358 -0,0614387542009354 2,78742337226868
HandRight 0,402830392122269 -0,120582610368729 2,77901864051819
HipLeft 0,0962282419204712 -0,0447571463882923 2,746009349823
KneeLeft 0,109996743500233 -0,509551048278809 2,69671320915222
AnkleLeft 0,142622753977776 -0,846134543418884 2,71805191040039
FootLeft 0,138129994273186 -0,918772101402283 2,68104529380798
HipRight 0,196150287985802 -0,0194837339222431 2,72945690155029
KneeRight 0,322785466909409 -0,524219155311584 2,71229887008667
AnkleRight 0,342104434967041 -0,856386601924896 2,74109268188477
FootRight 0,342917501926422 -0,930919051170349 2,70980215072632

