HipCenter 0,12031526863575 0,0309777911752462 2,73782539367676
Spine 0,0990700721740723 0,092957615852356 2,78034067153931
ShoulderCenter -0,0425283275544643 0,415755540132523 2,76529550552368
Head -0,115049779415131 0,582802951335907 2,71103715896606
ShoulderLeft -0,146580070257187 0,322841107845306 2,76553297042847
ElbowLeft -0,337761253118515 0,322237700223923 2,78738212585449
WristLeft -0,524694681167603 0,344155848026276 2,71735262870789
HandLeft -0,587005853652954 0,351461887359619 2,69821190834045
ShoulderRight 0,128968223929405 0,354200720787048 2,72657680511475
ElbowRight 0,299467325210571 0,185143053531647 2,8168420791626
WristRight 0,393204510211945 -0,0627459287643433 2,77888154983521
HandRight 0,401361674070358 -0,119246318936348 2,77085208892822
HipLeft 0,0927364900708199 -0,0412120297551155 2,74166870117188
KneeLeft 0,109255343675613 -0,508959829807281 2,69420218467712
AnkleLeft 0,141284167766571 -0,842380106449127 2,71676588058472
FootLeft 0,138792112469673 -0,919376313686371 2,67699813842773
HipRight 0,196431994438171 -0,0139443837106228 2,72167348861694
KneeRight 0,325872659683228 -0,534283041954041 2,71107769012451
AnkleRight 0,342896968126297 -0,854240357875824 2,74496102333069
FootRight 0,340848386287689 -0,932644069194794 2,70949268341064

