HipCenter 0,240725636482239 0,0689715892076492 2,73993420600891
Spine 0,242217019200325 0,13268181681633 2,79298233985901
ShoulderCenter 0,252164632081985 0,496028125286102 2,79607915878296
Head 0,260073125362396 0,676287949085236 2,78996515274048
ShoulderLeft 0,0966639220714569 0,399524748325348 2,78566980361938
ElbowLeft -0,0930314511060715 0,371084034442902 2,80344080924988
WristLeft -0,356652796268463 0,354329347610474 2,76034951210022
HandLeft -0,391286611557007 0,399340331554413 2,76589894294739
ShoulderRight 0,408192217350006 0,371950507164001 2,78306198120117
ElbowRight 0,444512784481049 0,126303061842918 2,79251527786255
WristRight 0,452103137969971 -0,132568672299385 2,71955919265747
HandRight 0,440707355737686 -0,19414646923542 2,70240449905396
HipLeft 0,17322626709938 0,00195887079462409 2,72060203552246
KneeLeft 0,122583799064159 -0,485641837120056 2,69630408287048
AnkleLeft 0,146239936351776 -0,848135590553284 2,71813583374023
FootLeft 0,140285938978195 -0,917754828929901 2,68429327011108
HipRight 0,304632902145386 -0,00440140115097165 2,73683214187622
KneeRight 0,325699150562286 -0,502633094787598 2,697674036026
AnkleRight 0,342379599809647 -0,865409970283508 2,73990178108215
FootRight 0,341363579034805 -0,934811890125275 2,70566439628601

