HipCenter 0,112063936889172 0,272120386362076 2,40144276618958
Spine 0,114124797284603 0,34284719824791 2,44517087936401
ShoulderCenter 0,114334106445313 0,719780385494232 2,42814874649048
Head 0,106305591762066 0,900828540325165 2,4141788482666
ShoulderLeft -0,0546897985041142 0,604699492454529 2,43474102020264
ElbowLeft -0,23941832780838 0,456809639930725 2,45036196708679
WristLeft -0,405893534421921 0,323622226715088 2,38203525543213
HandLeft -0,450378835201263 0,280760139226913 2,33265900611877
ShoulderRight 0,270497262477875 0,597393333911896 2,42031860351563
ElbowRight 0,337417244911194 0,341802060604095 2,4450249671936
WristRight 0,340220212936401 0,124432250857353 2,39711880683899
HandRight 0,334192961454391 0,0541410893201828 2,38439011573792
HipLeft 0,0386579781770706 0,198441430926323 2,39657688140869
KneeLeft 0,0189254190772772 -0,318859875202179 2,47328519821167
AnkleLeft 0,0271685570478439 -0,665763556957245 2,46731019020081
FootLeft 0,0073877852410078 -0,732128977775574 2,39788889884949
HipRight 0,184845209121704 0,199334755539894 2,39322829246521
KneeRight 0,216517418622971 -0,311052173376083 2,47053480148315
AnkleRight 0,211227938532829 -0,661141633987427 2,47655391693115
FootRight 0,221103250980377 -0,739910364151001 2,42410826683044

