HipCenter 0,10872395336628 0,290788948535919 2,40476322174072
Spine 0,110885336995125 0,36019441485405 2,43764138221741
ShoulderCenter 0,115708470344543 0,722775459289551 2,42103004455566
Head 0,110212758183479 0,900359451770782 2,40780997276306
ShoulderLeft -0,0704734772443771 0,64343273639679 2,43390393257141
ElbowLeft -0,307804137468338 0,689399123191834 2,41523003578186
WristLeft -0,514055013656616 0,757132530212402 2,36611032485962
HandLeft -0,590416073799133 0,764015316963196 2,34468460083008
ShoulderRight 0,272518336772919 0,599523663520813 2,42153334617615
ElbowRight 0,334968835115433 0,341996252536774 2,45575094223022
WristRight 0,335639119148254 0,115552969276905 2,41912245750427
HandRight 0,334602296352386 0,0474163889884949 2,40745544433594
HipLeft 0,0318795591592789 0,21512958407402 2,39954686164856
KneeLeft 0,0163669176399708 -0,312513023614883 2,47376012802124
AnkleLeft 0,0265423487871885 -0,665844261646271 2,46667575836182
FootLeft 0,00737293576821685 -0,732068181037903 2,39849495887756
HipRight 0,183006554841995 0,2115498483181 2,39918518066406
KneeRight 0,215863198041916 -0,305816531181335 2,46979641914368
AnkleRight 0,211339205503464 -0,66208803653717 2,47707676887512
FootRight 0,224284410476685 -0,745024561882019 2,42619228363037

