HipCenter 0,105800107121468 0,292357206344604 2,40510177612305
Spine 0,107151694595814 0,362197041511536 2,43268537521362
ShoulderCenter 0,110217645764351 0,722344577312469 2,41795825958252
Head 0,108145624399185 0,899595260620117 2,40694570541382
ShoulderLeft -0,0731675699353218 0,644240200519562 2,43223476409912
ElbowLeft -0,319030046463013 0,690715968608856 2,40590882301331
WristLeft -0,528493344783783 0,746461391448975 2,35576248168945
HandLeft -0,61697381734848 0,763451814651489 2,33143305778503
ShoulderRight 0,270695477724075 0,598929822444916 2,42362689971924
ElbowRight 0,330720007419586 0,3423191010952 2,45840692520142
WristRight 0,332210451364517 0,105626434087753 2,42312335968018
HandRight 0,332823425531387 0,0369511842727661 2,41668939590454
HipLeft 0,0291750840842724 0,216349586844444 2,39983224868774
KneeLeft 0,0140478620305657 -0,311284005641937 2,47418022155762
AnkleLeft 0,0266065858304501 -0,666032314300537 2,46816682815552
FootLeft 0,00727068213745952 -0,733083128929138 2,39976978302002
HipRight 0,180342718958855 0,212631851434708 2,40038561820984
KneeRight 0,214502304792404 -0,308018386363983 2,47145080566406
AnkleRight 0,209985986351967 -0,662111759185791 2,47535276412964
FootRight 0,218091875314713 -0,73981237411499 2,42084908485413

