HipCenter 0,115235574543476 0,232578501105309 2,44626069068909
Spine 0,0977891534566879 0,296464383602142 2,50632429122925
ShoulderCenter 0,108569256961346 0,680917024612427 2,52950549125671
Head 0,11077855527401 0,850775301456451 2,51661062240601
ShoulderLeft -0,0333777330815792 0,553487479686737 2,44312143325806
ElbowLeft -0,173296511173248 0,558437347412109 2,23046731948853
WristLeft -0,289667189121246 0,584447801113129 2,01698160171509
HandLeft -0,318734049797058 0,597706377506256 1,96552789211273
ShoulderRight 0,244699522852898 0,563885092735291 2,53667449951172
ElbowRight 0,298949003219604 0,306954264640808 2,47746014595032
WristRight 0,309122622013092 0,0719484016299248 2,40418410301209
HandRight 0,309283047914505 -0,00383973447605968 2,37791609764099
HipLeft 0,0544261559844017 0,168375551700592 2,40732550621033
KneeLeft -0,00149408238939941 -0,283919274806976 2,4773964881897
AnkleLeft 0,0235599726438522 -0,649937748908997 2,47390580177307
FootLeft 0,0473361574113369 -0,683785617351532 2,40011715888977
HipRight 0,178331762552261 0,165249720215797 2,45698428153992
KneeRight 0,201768860220909 -0,290404766798019 2,49317049980164
AnkleRight 0,187911555171013 -0,656004667282104 2,49768877029419
FootRight 0,211687743663788 -0,68985253572464 2,42390012741089

