HipCenter -0,0892608165740967 0,0177523847669363 2,47437858581543
Spine -0,0926509127020836 0,0779203176498413 2,54069066047668
ShoulderCenter -0,093870498239994 0,459829658269882 2,57348823547363
Head -0,0804889351129532 0,646928071975708 2,5737247467041
ShoulderLeft -0,248510673642159 0,329137414693832 2,51176977157593
ElbowLeft -0,300635546445847 0,0652466267347336 2,45161962509155
WristLeft -0,295615315437317 -0,141448453068733 2,38219499588013
HandLeft -0,292185634374619 -0,207749158143997 2,37490630149841
ShoulderRight 0,064854770898819 0,322291940450668 2,52477669715881
ElbowRight 0,114735320210457 0,0654322654008865 2,4873194694519
WristRight 0,0959245264530182 -0,144700765609741 2,39690685272217
HandRight 0,0874791964888573 -0,20849372446537 2,3790237903595
HipLeft -0,159048438072205 -0,050181332975626 2,44820404052734
KneeLeft -0,217088773846626 -0,513550281524658 2,50396203994751
AnkleLeft -0,260829538106918 -0,842107534408569 2,48198556900024
FootLeft -0,289659082889557 -0,905321955680847 2,4132387638092
HipRight -0,0178632047027349 -0,0516468100249767 2,46464776992798
KneeRight 0,0158506110310555 -0,510988116264343 2,50643134117126
AnkleRight 0,05797054246068 -0,842684030532837 2,48714685440063
FootRight 0,0820687934756279 -0,916691899299622 2,42543148994446

