HipCenter -0,0969752669334412 0,047637578099966 2,48643755912781
Spine -0,111281424760818 0,122635126113892 2,54537415504456
ShoulderCenter -0,107549175620079 0,550550043582916 2,56013536453247
Head -0,125561013817787 0,718813955783844 2,59384894371033
ShoulderLeft -0,228619188070297 0,389541208744049 2,50567770004272
ElbowLeft -0,0397617742419243 0,318961977958679 2,35702681541443
WristLeft 0,144732922315598 0,422128200531006 2,3811674118042
HandLeft 0,206231161952019 0,456516951322556 2,39389586448669
ShoulderRight 0,0708600506186485 0,420789361000061 2,58644580841064
ElbowRight 0,0582723803818226 0,156437754631042 2,43880915641785
WristRight -0,155108407139778 0,18083019554615 2,42111110687256
HandRight -0,238342046737671 0,20370826125145 2,39543700218201
HipLeft -0,161876440048218 -0,0153506193310022 2,4718599319458
KneeLeft -0,217298477888107 -0,50402307510376 2,50250101089478
AnkleLeft -0,263424843549728 -0,842315852642059 2,47766542434692
FootLeft -0,288540333509445 -0,905216753482819 2,40778756141663
HipRight -0,0297231674194336 -0,01687335036695 2,47881197929382
KneeRight 0,0178472921252251 -0,506692469120026 2,50575137138367
AnkleRight 0,0546369254589081 -0,84021532535553 2,48811841011047
FootRight 0,0820503383874893 -0,915162920951843 2,42293214797974

