HipCenter -0,096945121884346 0,0478216633200645 2,48613262176514
Spine -0,107798188924789 0,122541546821594 2,54591822624207
ShoulderCenter -0,107828430831432 0,550577998161316 2,56001543998718
Head -0,125708177685738 0,719229221343994 2,59397482872009
ShoulderLeft -0,228388637304306 0,38878607749939 2,50624942779541
ElbowLeft -0,0395300388336182 0,318207114934921 2,35756897926331
WristLeft 0,14499519765377 0,421390295028687 2,38170027732849
HandLeft 0,206503614783287 0,455784678459167 2,3944308757782
ShoulderRight 0,065574899315834 0,375996828079224 2,55589008331299
ElbowRight 0,0576064102351666 0,139847457408905 2,42764234542847
WristRight -0,1520756483078 0,186174988746643 2,42007374763489
HandRight -0,235337734222412 0,20906089246273 2,39439105987549
HipLeft -0,161520332098007 -0,0151848495006561 2,47106766700745
KneeLeft -0,21753416955471 -0,505928516387939 2,50298929214478
AnkleLeft -0,263245135545731 -0,84403383731842 2,47718954086304
FootLeft -0,290402054786682 -0,90780508518219 2,40837359428406
HipRight -0,0304111428558826 -0,0163490567356348 2,4786548614502
KneeRight 0,0179141238331795 -0,507275462150574 2,50591540336609
AnkleRight 0,0557503290474415 -0,840617537498474 2,48736500740051
FootRight 0,0822407603263855 -0,915616095066071 2,42396020889282

