HipCenter -0,0967772752046585 0,0467091202735901 2,48457169532776
Spine -0,0996662154793739 0,122270330786705 2,54559421539307
ShoulderCenter -0,106870822608471 0,550961136817932 2,55907297134399
Head -0,125115171074867 0,720721006393433 2,59198689460754
ShoulderLeft -0,227907255291939 0,388819009065628 2,50298666954041
ElbowLeft -0,0390473604202271 0,318240433931351 2,35420441627502
WristLeft 0,145489916205406 0,421430349349976 2,37828612327576
HandLeft 0,207002341747284 0,455826997756958 2,39101767539978
ShoulderRight 0,0267336815595627 0,389371633529663 2,50928235054016
ElbowRight 0,0573050901293755 0,140844151377678 2,42592835426331
WristRight -0,152390688657761 0,187174692749977 2,41830730438232
HandRight -0,235747665166855 0,210086658596992 2,3925952911377
HipLeft -0,160386368632317 -0,0151154799386859 2,46951246261597
KneeLeft -0,215791955590248 -0,501024186611176 2,50188994407654
AnkleLeft -0,262991607189178 -0,84479957818985 2,47687840461731
FootLeft -0,291665077209473 -0,909035861492157 2,4115514755249
HipRight -0,0309518687427044 -0,0169595591723919 2,47780513763428
KneeRight 0,0182807091623545 -0,506942272186279 2,50558662414551
AnkleRight 0,0553668439388275 -0,840192139148712 2,48757481575012
FootRight 0,0830924361944199 -0,916894316673279 2,42466926574707

