HipCenter -0,0946740284562111 0,0188008118420839 2,48497986793518
Spine -0,0959373265504837 0,0791169926524162 2,54896831512451
ShoulderCenter -0,0944179221987724 0,461292564868927 2,59227180480957
Head -0,0961293876171112 0,642829656600952 2,56397557258606
ShoulderLeft -0,260086417198181 0,338337242603302 2,5268771648407
ElbowLeft -0,363201290369034 0,241317465901375 2,33255672454834
WristLeft -0,124415397644043 0,25239360332489 2,14649891853333
HandLeft -0,131122022867203 0,259304910898209 2,14838123321533
ShoulderRight 0,0560400001704693 0,325116395950317 2,53181767463684
ElbowRight 0,114674210548401 0,110098630189896 2,47114634513855
WristRight -0,00638195127248764 0,0103830918669701 2,30626225471497
HandRight -0,0926146805286407 -0,0253698360174894 2,26893281936646
HipLeft -0,164837926626205 -0,0496251285076141 2,46304678916931
KneeLeft -0,216633319854736 -0,51819384098053 2,50275182723999
AnkleLeft -0,263185918331146 -0,844681799411774 2,47530651092529
FootLeft -0,289683610200882 -0,906666934490204 2,40833783149719
HipRight -0,0247926376760006 -0,0500168800354004 2,47010970115662
KneeRight 0,0181086659431458 -0,514221489429474 2,50575375556946
AnkleRight 0,0575582087039948 -0,841769218444824 2,48622703552246
FootRight 0,0826054364442825 -0,916061520576477 2,4232325553894

