HipCenter -0,0961652621626854 0,0478264652192593 2,48438429832459
Spine -0,106980599462986 0,122581802308559 2,54555487632751
ShoulderCenter -0,106240913271904 0,553057432174683 2,55864500999451
Head -0,127349674701691 0,728041231632233 2,58685517311096
ShoulderLeft -0,227638363838196 0,388525098562241 2,49796628952026
ElbowLeft -0,0515555441379547 0,336736142635345 2,34966468811035
WristLeft 0,132064074277878 0,439412951469421 2,37329530715942
HandLeft 0,193270623683929 0,473638564348221 2,38596343994141
ShoulderRight 0,0682684406638145 0,369287073612213 2,5476496219635
ElbowRight 0,0548973940312862 0,135261043906212 2,42232775688171
WristRight -0,153755605220795 0,18136128783226 2,41441369056702
HandRight -0,237642347812653 0,204418823122978 2,38853788375854
HipLeft -0,162306159734726 -0,0168876871466637 2,46729946136475
KneeLeft -0,217100977897644 -0,506979703903198 2,50463438034058
AnkleLeft -0,26375225186348 -0,843422412872314 2,47730565071106
FootLeft -0,287861764431 -0,907235860824585 2,40871167182922
HipRight -0,0280932877212763 -0,01827104203403 2,47799801826477
KneeRight 0,0173110794275999 -0,506772220134735 2,50629329681396
AnkleRight 0,0559314489364624 -0,839534163475037 2,48873209953308
FootRight 0,0818711072206497 -0,915293872356415 2,42398238182068

