HipCenter -0,0947510823607445 0,0479011386632919 2,48311614990234
Spine -0,111766040325165 0,122928522527218 2,54335427284241
ShoulderCenter -0,105177342891693 0,554700672626495 2,55785703659058
Head -0,12976199388504 0,734539926052094 2,59622764587402
ShoulderLeft -0,22730752825737 0,384752810001373 2,49382567405701
ElbowLeft -0,0405317433178425 0,303653717041016 2,34998989105225
WristLeft 0,142580389976501 0,406046748161316 2,37333345413208
HandLeft 0,203617766499519 0,440177768468857 2,38596653938293
ShoulderRight 0,0759880393743515 0,417024731636047 2,59078931808472
ElbowRight 0,0581285059452057 0,157993763685226 2,43660068511963
WristRight -0,154198661446571 0,175667643547058 2,41459083557129
HandRight -0,238514006137848 0,198842987418175 2,38858270645142
HipLeft -0,161672085523605 -0,0185169745236635 2,46558976173401
KneeLeft -0,217136904597282 -0,50764137506485 2,50448799133301
AnkleLeft -0,263329446315765 -0,846124112606049 2,47931528091431
FootLeft -0,288571000099182 -0,908584356307983 2,41136312484741
HipRight -0,0252041071653366 -0,0194728821516037 2,47724318504334
KneeRight 0,0171857159584761 -0,506699085235596 2,50689363479614
AnkleRight 0,0561844445765018 -0,838923692703247 2,48878383636475
FootRight 0,0822156593203545 -0,915026664733887 2,42517685890198

