HipCenter -0,0946031808853149 0,0479431115090847 2,48310232162476
Spine -0,106681123375893 0,123058639466763 2,54478979110718
ShoulderCenter -0,104239031672478 0,555368900299072 2,56020283699036
Head -0,131804913282394 0,734954357147217 2,59004545211792
ShoulderLeft -0,229165822267532 0,384786516427994 2,49451541900635
ElbowLeft -0,0478285625576973 0,319895148277283 2,34816956520081
WristLeft 0,135321617126465 0,422309398651123 2,37149810791016
HandLeft 0,196371674537659 0,45644748210907 2,38413381576538
ShoulderRight 0,0693860054016113 0,367143005132675 2,55115962028503
ElbowRight 0,0556391179561615 0,130755066871643 2,42618465423584
WristRight -0,15248030424118 0,176737427711487 2,41805052757263
HandRight -0,236850395798683 0,19992783665657 2,39202547073364
HipLeft -0,16200764477253 -0,0184573885053396 2,46477746963501
KneeLeft -0,216856703162193 -0,505525827407837 2,5039324760437
AnkleLeft -0,263726115226746 -0,845227897167206 2,47836828231812
FootLeft -0,287478983402252 -0,908010542392731 2,41162419319153
HipRight -0,024880837649107 -0,0201580245047808 2,47747683525085
KneeRight 0,0165796503424644 -0,507431030273438 2,50753736495972
AnkleRight 0,0567398481070995 -0,840501546859741 2,48695158958435
FootRight 0,082345262169838 -0,915098488330841 2,4247522354126

