HipCenter -0,095068633556366 0,0452737398445606 2,49102592468262
Spine -0,121944651007652 0,106855683028698 2,54394817352295
ShoulderCenter -0,0988756269216537 0,472265154123306 2,56897139549255
Head -0,0959878191351891 0,660483777523041 2,59212923049927
ShoulderLeft -0,216788694262505 0,383758425712585 2,32482886314392
ElbowLeft -0,153799116611481 0,189709171652794 2,36915898323059
WristLeft -0,0339197069406509 0,445212095975876 2,33223247528076
HandLeft 0,00604009628295898 0,530379772186279 2,32450914382935
ShoulderRight 0,0448521971702576 0,366701126098633 2,4815456867218
ElbowRight 0,026677068322897 0,175624594092369 2,3551914691925
WristRight -0,18000003695488 0,240057706832886 2,34308934211731
HandRight -0,262566745281219 0,26275247335434 2,31762051582336
HipLeft -0,156050994992256 -0,0121761672198772 2,46960377693176
KneeLeft -0,217213064432144 -0,508841037750244 2,50314974784851
AnkleLeft -0,264274209737778 -0,844334542751312 2,47464179992676
FootLeft -0,289078116416931 -0,906246602535248 2,40708541870117
HipRight -0,0328169465065002 -0,0133049776777625 2,48724603652954
KneeRight 0,0168871264904737 -0,506018340587616 2,5066089630127
AnkleRight 0,0560830272734165 -0,842062592506409 2,48721671104431
FootRight 0,0820205733180046 -0,915014028549194 2,42131304740906

