HipCenter -0,0911969244480133 0,0568415969610214 2,49154138565063
Spine -0,103449940681458 0,128969088196754 2,55373191833496
ShoulderCenter -0,101439818739891 0,556047976016998 2,56989884376526
Head -0,126729920506477 0,739592671394348 2,60778999328613
ShoulderLeft -0,230337426066399 0,379284739494324 2,50173616409302
ElbowLeft -0,0433941185474396 0,330097734928131 2,34461140632629
WristLeft 0,13987435400486 0,432578176259995 2,36784029006958
HandLeft 0,200963839888573 0,466738313436508 2,38048434257507
ShoulderRight 0,0700896829366684 0,368533909320831 2,55973839759827
ElbowRight 0,0555339865386486 0,133906096220016 2,42922115325928
WristRight -0,152719959616661 0,179918199777603 2,42096614837646
HandRight -0,23740091919899 0,20319402217865 2,3948450088501
HipLeft -0,154542684555054 -0,00790249463170767 2,45863199234009
KneeLeft -0,216385990381241 -0,506897509098053 2,50663328170776
AnkleLeft -0,263017117977142 -0,844611167907715 2,4788613319397
FootLeft -0,28838774561882 -0,907062888145447 2,40773820877075
HipRight -0,0237659998238087 -0,013851098716259 2,4990861415863
KneeRight 0,0180308539420366 -0,507376551628113 2,50869131088257
AnkleRight 0,0551471747457981 -0,841318845748901 2,48770189285278
FootRight 0,0827061980962753 -0,916407525539398 2,42395281791687

