HipCenter -0,0332415886223316 0,104845903813839 2,61978387832642
Spine -0,067357636988163 0,15612818300724 2,60077691078186
ShoulderCenter -0,238869920372963 0,412678897380829 2,52092361450195
Head -0,318775981664658 0,56274151802063 2,46194505691528
ShoulderLeft -0,358906447887421 0,383836567401886 2,54856824874878
ElbowLeft -0,506349444389343 0,462565124034882 2,4917631149292
WristLeft -0,608221173286438 0,581522166728973 2,41254854202271
HandLeft -0,642178416252136 0,621174514293671 2,39033842086792
ShoulderRight -0,0657624006271362 0,366936564445496 2,5228796005249
ElbowRight 0,0972027331590652 0,209541499614716 2,53933620452881
WristRight 0,119955472648144 -0,0176295172423124 2,5060088634491
HandRight 0,108773663640022 -0,0818953588604927 2,49499297142029
HipLeft -0,045564629137516 0,0335213840007782 2,63643336296082
KneeLeft 0,0139196403324604 -0,341655820608139 2,53683757781982
AnkleLeft 0,0351595170795918 -0,562451839447021 2,53625965118408
FootLeft 0,0757256671786308 -0,517735064029694 2,48942995071411
HipRight 0,0500182546675205 0,0706909596920013 2,63346004486084
KneeRight 0,292798757553101 -0,327153861522675 2,69949054718018
AnkleRight 0,327837616205215 -0,548620104789734 2,71070551872253
FootRight 0,319914728403091 -0,602573394775391 2,63924336433411

