HipCenter 0,0215136967599392 0,160557508468628 2,61875009536743
Spine 0,00142296927515417 0,221289500594139 2,60300350189209
ShoulderCenter -0,0960719063878059 0,52555125951767 2,54205560684204
Head -0,148448973894119 0,687536835670471 2,50580048561096
ShoulderLeft -0,226154923439026 0,459849953651428 2,57391786575317
ElbowLeft -0,386234700679779 0,503950178623199 2,50638651847839
WristLeft -0,540226101875305 0,540087282657623 2,43468141555786
HandLeft -0,57668149471283 0,550588548183441 2,42327308654785
ShoulderRight 0,0672642886638641 0,457410037517548 2,54832172393799
ElbowRight 0,175163060426712 0,256627678871155 2,53989410400391
WristRight 0,191601812839508 0,0526021383702755 2,48660778999329
HandRight 0,187747001647949 0,00129415467381477 2,47458243370056
HipLeft -0,0175250750035048 0,0877860933542252 2,63725805282593
KneeLeft 0,0359953008592129 -0,300500333309174 2,58474326133728
AnkleLeft 0,0349166058003902 -0,526807427406311 2,57889866828918
FootLeft 0,00515119172632694 -0,610854923725128 2,62988138198853
HipRight 0,104049123823643 0,1076680123806 2,62430858612061
KneeRight 0,275356292724609 -0,313776969909668 2,68282794952393
AnkleRight 0,32227548956871 -0,543432414531708 2,70083236694336
FootRight 0,315354883670807 -0,59110414981842 2,62562465667725

