HipCenter 0,10409988462925 0,204919785261154 2,60821437835693
Spine 0,100436151027679 0,272283971309662 2,60913991928101
ShoulderCenter 0,0805766433477402 0,610393166542053 2,61237692832947
Head 0,03315344825387 0,773800015449524 2,58663177490234
ShoulderLeft -0,085515134036541 0,515455484390259 2,61892056465149
ElbowLeft -0,302504301071167 0,548095643520355 2,52543616294861
WristLeft -0,146513760089874 0,523290455341339 2,57582426071167
HandLeft -0,0945169106125832 0,515022039413452 2,59678530693054
ShoulderRight 0,215447127819061 0,498466551303864 2,57749533653259
ElbowRight 0,307369381189346 0,288162112236023 2,53789639472961
WristRight 0,306270122528076 0,0846441388130188 2,46525692939758
HandRight 0,30363205075264 0,0315548107028008 2,44882225990295
HipLeft 0,0419833064079285 0,134738892316818 2,61600160598755
KneeLeft 0,0781830996274948 -0,28987717628479 2,62606835365295
AnkleLeft 0,0328160934150219 -0,575903654098511 2,64543294906616
FootLeft 0,0216784663498402 -0,615106225013733 2,56567406654358
HipRight 0,175187766551971 0,137820810079575 2,59646153450012
KneeRight 0,303249895572662 -0,314186006784439 2,62489056587219
AnkleRight 0,320447772741318 -0,527714490890503 2,6512815952301
FootRight 0,309310138225555 -0,566917061805725 2,57152271270752

