HipCenter -0,0301893278956413 0,121010474860668 2,62434387207031
Spine -0,062674917280674 0,171462282538414 2,60720610618591
ShoulderCenter -0,227503523230553 0,422374933958054 2,53469610214233
Head -0,306070595979691 0,573862791061401 2,48164892196655
ShoulderLeft -0,368650078773499 0,403975278139114 2,56156706809998
ElbowLeft -0,53031313419342 0,454112857580185 2,50266218185425
WristLeft -0,591225802898407 0,602021455764771 2,42503547668457
HandLeft -0,611530005931854 0,651324331760406 2,40341830253601
ShoulderRight -0,0503928251564503 0,37996369600296 2,53542733192444
ElbowRight 0,109284296631813 0,213909596204758 2,54860997200012
WristRight 0,130721375346184 -0,0037962794303894 2,50817203521729
HandRight 0,114227637648582 -0,0731855034828186 2,49951338768005
HipLeft -0,041466198861599 0,0436229594051838 2,6435809135437
KneeLeft 0,0153058161959052 -0,337306797504425 2,54366898536682
AnkleLeft 0,0378842614591122 -0,562631905078888 2,55603313446045
FootLeft 0,0653778314590454 -0,519373059272766 2,49680066108704
HipRight 0,0574351362884045 0,0820755362510681 2,63461136817932
KneeRight 0,294328182935715 -0,307710230350494 2,69680523872375
AnkleRight 0,331353098154068 -0,536114811897278 2,70579624176025
FootRight 0,323232352733612 -0,590298175811768 2,6316978931427

