HipCenter -0,0309324096888304 0,101645782589912 2,62202000617981
Spine -0,0649210587143898 0,153248459100723 2,60378980636597
ShoulderCenter -0,238981977105141 0,413141161203384 2,5257363319397
Head -0,319101065397263 0,565268099308014 2,4693021774292
ShoulderLeft -0,349683791399002 0,364974081516266 2,56442165374756
ElbowLeft -0,495365738868713 0,448017090559006 2,50493454933167
WristLeft -0,607659041881561 0,561549365520477 2,43047380447388
HandLeft -0,645090162754059 0,599393486976624 2,40988326072693
ShoulderRight -0,0643306598067284 0,368199408054352 2,52783870697021
ElbowRight 0,0975317731499672 0,206551268696785 2,53940486907959
WristRight 0,115537859499454 -0,0164735112339258 2,50518345832825
HandRight 0,104356035590172 -0,0807393416762352 2,49416756629944
HipLeft -0,0431901030242443 0,0307033099234104 2,63861465454102
KneeLeft 0,0144734717905521 -0,34228640794754 2,53683257102966
AnkleLeft 0,0233832970261574 -0,566994607448578 2,53916621208191
FootLeft 0,0642903000116348 -0,520002841949463 2,49341940879822
HipRight 0,0502911508083344 0,0681343674659729 2,63341355323792
KneeRight 0,297172009944916 -0,337359249591827 2,70021390914917
AnkleRight 0,331837713718414 -0,558208227157593 2,71190214157104
FootRight 0,322654157876968 -0,612715721130371 2,63969659805298

