HipCenter 0,440611481666565 0,180739417672157 2,54060578346252
Spine 0,388859927654266 0,247000336647034 2,52077174186707
ShoulderCenter 0,141005948185921 0,565538167953491 2,44262504577637
Head 0,000742161995731294 0,743541955947876 2,42413949966431
ShoulderLeft 0,102504454553127 0,464982867240906 2,42692303657532
ElbowLeft -0,096137560904026 0,490612268447876 2,33443069458008
WristLeft -0,234216034412384 0,622797727584839 2,23225426673889
HandLeft -0,280242204666138 0,666859567165375 2,20298290252686
ShoulderRight 0,280026137828827 0,593263268470764 2,46020555496216
ElbowRight 0,520708680152893 0,494753897190094 2,54762005805969
WristRight 0,688978791236877 0,269160687923431 2,57556772232056
HandRight 0,745068848133087 0,193962946534157 2,58967113494873
HipLeft 0,427569419145584 0,118081800639629 2,53689050674438
KneeLeft 0,431327760219574 -0,342924416065216 2,63003659248352
AnkleLeft 0,475174754858017 -0,674081027507782 2,67300128936768
FootLeft 0,491281300783157 -0,746063649654388 2,61435222625732
HipRight 0,513573229312897 0,164040073752403 2,56101822853088
KneeRight 0,681853652000427 -0,331246614456177 2,68755412101746
AnkleRight 0,743802905082703 -0,676564335823059 2,73497724533081
FootRight 0,758188307285309 -0,734677374362946 2,69279766082764

