HipCenter 0,45560958981514 0,33233442902565 2,61905527114868
Spine 0,433835506439209 0,399768114089966 2,65429520606995
ShoulderCenter 0,371956527233124 0,760978817939758 2,63483643531799
Head 0,336640983819962 0,91865485906601 2,56805086135864
ShoulderLeft 0,19875094294548 0,647904574871063 2,57823657989502
ElbowLeft -0,00193748297169805 0,567176878452301 2,47686696052551
WristLeft -0,167062669992447 0,589202880859375 2,33535313606262
HandLeft -0,222104400396347 0,596544861793518 2,29292798042297
ShoulderRight 0,550618290901184 0,688573479652405 2,66686630249023
ElbowRight 0,663861393928528 0,450210928916931 2,69535303115845
WristRight 0,709695041179657 0,236491307616234 2,67077541351318
HandRight 0,71871817111969 0,132302835583687 2,66267418861389
HipLeft 0,392193794250488 0,240130215883255 2,59203863143921
KneeLeft 0,42578998208046 -0,314943492412567 2,63346934318542
AnkleLeft 0,493285655975342 -0,692394554615021 2,67360019683838
FootLeft 0,500622987747192 -0,749971747398376 2,60675144195557
HipRight 0,548287987709045 0,262619376182556 2,63391423225403
KneeRight 0,590137720108032 -0,305877864360809 2,65371823310852
AnkleRight 0,593428313732147 -0,684629917144775 2,68022298812866
FootRight 0,62454879283905 -0,742044925689697 2,62338614463806

