HipCenter 0,46778193116188 0,32551646232605 2,5766179561615
Spine 0,45995619893074 0,39889457821846 2,58105158805847
ShoulderCenter 0,439951807260513 0,774854779243469 2,58885788917542
Head 0,435198485851288 0,944815456867218 2,52070498466492
ShoulderLeft 0,264812827110291 0,664875507354736 2,5336594581604
ElbowLeft 0,0312272310256958 0,558001160621643 2,3920361995697
WristLeft -0,133588820695877 0,571314513683319 2,25224184989929
HandLeft -0,147013857960701 0,629647254943848 2,21189093589783
ShoulderRight 0,609456121921539 0,679874777793884 2,61342525482178
ElbowRight 0,70470666885376 0,428075134754181 2,66670107841492
WristRight 0,752868354320526 0,22599484026432 2,65047216415405
HandRight 0,7553551197052 0,128703892230988 2,64228677749634
HipLeft 0,38968750834465 0,240276008844376 2,55315542221069
KneeLeft 0,414938032627106 -0,292456954717636 2,62936210632324
AnkleLeft 0,473832309246063 -0,67140793800354 2,67233061790466
FootLeft 0,491186439990997 -0,744241833686829 2,6131010055542
HipRight 0,555385589599609 0,252075761556625 2,5956609249115
KneeRight 0,649882256984711 -0,30375611782074 2,65568494796753
AnkleRight 0,714014232158661 -0,680959641933441 2,74055624008179
FootRight 0,752741813659668 -0,743806123733521 2,69547152519226

