HipCenter 0,0793726518750191 0,285255640745163 2,19418215751648
Spine 0,0643279775977135 0,35701385140419 2,24702930450439
ShoulderCenter 0,0780155584216118 0,761338174343109 2,25128960609436
Head 0,0781808495521545 0,955220341682434 2,21263313293457
ShoulderLeft -0,0739182233810425 0,665496349334717 2,1958692073822
ElbowLeft -0,15608274936676 0,767974853515625 1,9865015745163
WristLeft -0,0657311305403709 0,700698494911194 2,1685643196106
HandLeft -0,0872377678751946 0,668478727340698 2,22833847999573
ShoulderRight 0,212043806910515 0,648732483386993 2,27547979354858
ElbowRight 0,319682091474533 0,375931948423386 2,31539845466614
WristRight 0,333870768547058 0,152547061443329 2,27477812767029
HandRight 0,345098793506622 0,0584003031253815 2,25753569602966
HipLeft 0,0173465348780155 0,219935804605484 2,15970969200134
KneeLeft -0,0401263795793056 -0,287391364574432 2,25249934196472
AnkleLeft -0,0265473313629627 -0,662707269191742 2,28406429290771
FootLeft -0,0508659444749355 -0,73169332742691 2,22136068344116
HipRight 0,145689591765404 0,213549867272377 2,20977067947388
KneeRight 0,190413698554039 -0,284916788339615 2,25894379615784
AnkleRight 0,189332962036133 -0,680179715156555 2,28662705421448
FootRight 0,229541778564453 -0,745075643062592 2,23265218734741

