HipCenter 0,0800518691539764 0,277512550354004 2,19831871986389
Spine 0,0654915273189545 0,352582663297653 2,25146770477295
ShoulderCenter 0,0711016580462456 0,759882688522339 2,25095391273499
Head 0,0752797499299049 0,957297921180725 2,21969032287598
ShoulderLeft -0,078292116522789 0,652264654636383 2,19375467300415
ElbowLeft -0,171389579772949 0,664930164813995 1,92551410198212
WristLeft -0,170653268694878 0,692193269729614 1,68820023536682
HandLeft -0,170407831668854 0,701280951499939 1,61356639862061
ShoulderRight 0,216546013951302 0,649072170257568 2,276695728302
ElbowRight 0,318627566099167 0,377344131469727 2,3171329498291
WristRight 0,330970644950867 0,153816014528275 2,27617859840393
HandRight 0,342111349105835 0,0603776127099991 2,25789213180542
HipLeft 0,0143780363723636 0,213944613933563 2,16625547409058
KneeLeft -0,0397575125098228 -0,28734278678894 2,25503778457642
AnkleLeft -0,0272767152637243 -0,663562893867493 2,28406834602356
FootLeft -0,0493721105158329 -0,730432450771332 2,22134041786194
HipRight 0,149853333830833 0,210576295852661 2,21219229698181
KneeRight 0,191029325127602 -0,285710424184799 2,26154255867004
AnkleRight 0,190767481923103 -0,679194271564484 2,28775572776794
FootRight 0,228687152266502 -0,744842529296875 2,23392128944397

