HipCenter 0,0884059593081474 0,278155088424683 2,19163751602173
Spine 0,0714880675077438 0,352002769708633 2,24075317382813
ShoulderCenter 0,0734249502420425 0,761938035488129 2,23807740211487
Head 0,0954762250185013 0,945438206195831 2,18086290359497
ShoulderLeft -0,064711295068264 0,641112446784973 2,17211747169495
ElbowLeft -0,175906702876091 0,594267129898071 1,89443528652191
WristLeft -0,142342299222946 0,562605261802673 1,59112322330475
HandLeft -0,131154164671898 0,552051305770874 1,49427020549774
ShoulderRight 0,236790984869003 0,651769697666168 2,26683855056763
ElbowRight 0,321435809135437 0,383351683616638 2,29811573028564
WristRight 0,332996994256973 0,158137738704681 2,26034045219421
HandRight 0,348087668418884 0,0590229630470276 2,2500433921814
HipLeft 0,0218807496130466 0,20575937628746 2,16265892982483
KneeLeft -0,0360382236540318 -0,292971760034561 2,25547790527344
AnkleLeft -0,0253563281148672 -0,66349983215332 2,28369545936584
FootLeft -0,052166361361742 -0,733085095882416 2,22123241424561
HipRight 0,161970838904381 0,20732806622982 2,2025158405304
KneeRight 0,19295334815979 -0,285349607467651 2,25784659385681
AnkleRight 0,191278040409088 -0,678906083106995 2,28687691688538
FootRight 0,230037689208984 -0,744954824447632 2,23327302932739

