HipCenter 0,0855093896389008 0,29816946387291 2,18740272521973
Spine 0,0633097663521767 0,365697205066681 2,23517227172852
ShoulderCenter 0,0605318248271942 0,752954483032227 2,22970390319824
Head 0,0835332795977592 0,948177576065063 2,19890952110291
ShoulderLeft -0,0727272927761078 0,649544775485992 2,17510008811951
ElbowLeft -0,157553642988205 0,731351971626282 1,94688367843628
WristLeft -0,251931071281433 0,82237035036087 1,70820772647858
HandLeft -0,279593586921692 0,849048316478729 1,6420224905014
ShoulderRight 0,283129453659058 0,67674332857132 2,33127093315125
ElbowRight 0,318778336048126 0,382841855287552 2,30171346664429
WristRight 0,329922437667847 0,152737408876419 2,25942826271057
HandRight 0,348453611135483 0,0549692586064339 2,25102257728577
HipLeft 0,0188785158097744 0,217936933040619 2,15218448638916
KneeLeft -0,0383816622197628 -0,289165884256363 2,25284743309021
AnkleLeft -0,0263415761291981 -0,664086639881134 2,28219699859619
FootLeft -0,0520819760859013 -0,732958436012268 2,21970653533936
HipRight 0,160295322537422 0,216364473104477 2,20323085784912
KneeRight 0,191420793533325 -0,285249203443527 2,25581645965576
AnkleRight 0,190424010157585 -0,680104553699493 2,28654384613037
FootRight 0,228254362940788 -0,744139492511749 2,23030614852905

