HipCenter 0,0777427330613136 0,287724137306213 2,18453502655029
Spine 0,0606286898255348 0,358813047409058 2,23554039001465
ShoulderCenter 0,0518613830208778 0,752728044986725 2,23135185241699
Head 0,0882302597165108 0,950300693511963 2,21216058731079
ShoulderLeft -0,077202320098877 0,663580715656281 2,185222864151
ElbowLeft -0,154925927519798 0,760550498962402 1,97091591358185
WristLeft -0,246760949492455 0,875126004219055 1,73492515087128
HandLeft -0,272800654172897 0,907613754272461 1,67171227931976
ShoulderRight 0,217800840735435 0,649782299995422 2,26653742790222
ElbowRight 0,318061470985413 0,381396055221558 2,30737924575806
WristRight 0,331179559230804 0,157741025090218 2,26516699790955
HandRight 0,343720018863678 0,0611816346645355 2,25088334083557
HipLeft 0,0159902349114418 0,219486817717552 2,15139269828796
KneeLeft -0,0401794239878654 -0,288233041763306 2,25074243545532
AnkleLeft -0,0270155984908342 -0,662326872348785 2,2821831703186
FootLeft -0,0503342822194099 -0,730227530002594 2,22025537490845
HipRight 0,148279920220375 0,214431330561638 2,20038080215454
KneeRight 0,189449846744537 -0,283257305622101 2,25524306297302
AnkleRight 0,189261257648468 -0,680491864681244 2,28605794906616
FootRight 0,22830568253994 -0,74468469619751 2,2313277721405

