HipCenter 0,107726342976093 -0,00840696506202221 2,53489685058594
Spine 0,107286781072617 0,0550301484763622 2,59338688850403
ShoulderCenter 0,0603255853056908 0,416634440422058 2,58881402015686
Head 0,0318671986460686 0,604901790618896 2,55899310112
ShoulderLeft -0,112067848443985 0,320245265960693 2,60544848442078
ElbowLeft -0,290157854557037 0,305422693490982 2,59999179840088
WristLeft -0,439118623733521 0,1916324198246 2,42975258827209
HandLeft -0,504091680049896 0,204828813672066 2,4314136505127
ShoulderRight 0,227235019207001 0,300956189632416 2,5553572177887
ElbowRight 0,33604696393013 0,0866789072751999 2,56776642799377
WristRight 0,378422170877457 -0,142278343439102 2,50404596328735
HandRight 0,391442894935608 -0,215434715151787 2,50410270690918
HipLeft 0,044859305024147 -0,0884361788630486 2,53076815605164
KneeLeft 0,0246744193136692 -0,496502637863159 2,53545188903809
AnkleLeft -0,031341839581728 -0,827486991882324 2,54771327972412
FootLeft -0,0691558644175529 -0,90823358297348 2,48898100852966
HipRight 0,18616983294487 -0,0788534432649612 2,51472282409668
KneeRight 0,288160651922226 -0,496327817440033 2,54949545860291
AnkleRight 0,345229715108871 -0,838840961456299 2,56621646881104
FootRight 0,376091957092285 -0,912360846996307 2,5218780040741

