HipCenter 0,16959947347641 -0,0159532874822617 2,52499175071716
Spine 0,18034616112709 0,051719319075346 2,58285474777222
ShoulderCenter 0,186272665858269 0,440668135881424 2,58299684524536
Head 0,183605656027794 0,631323456764221 2,56908679008484
ShoulderLeft 0,0203145928680897 0,331674724817276 2,58479022979736
ElbowLeft -0,156240224838257 0,293860077857971 2,60858011245728
WristLeft -0,335566252470016 0,312846750020981 2,58872842788696
HandLeft -0,347854763269424 0,317399591207504 2,59031009674072
ShoulderRight 0,317210853099823 0,303041338920593 2,53186702728271
ElbowRight 0,397933661937714 0,0765766352415085 2,54574394226074
WristRight 0,414599239826202 -0,16130642592907 2,4985249042511
HandRight 0,422515094280243 -0,226461440324783 2,49077200889587
HipLeft 0,105967298150063 -0,0820275098085403 2,5163311958313
KneeLeft 0,0334287919104099 -0,490749806165695 2,53493642807007
AnkleLeft -0,0297151561826468 -0,829074442386627 2,55048561096191
FootLeft -0,0662757679820061 -0,90753310918808 2,49366068840027
HipRight 0,229371398687363 -0,0826782658696175 2,51253747940063
KneeRight 0,294385462999344 -0,489612877368927 2,54502248764038
AnkleRight 0,346877127885818 -0,834510982036591 2,55844259262085
FootRight 0,378817588090897 -0,91520369052887 2,51478886604309

