HipCenter 0,083565928041935 0,324609339237213 2,45443296432495
Spine 0,0665184855461121 0,379842549562454 2,50748205184937
ShoulderCenter 0,0686871781945229 0,701958179473877 2,49633860588074
Head 0,0986791476607323 0,845877707004547 2,47171783447266
ShoulderLeft -0,0408022999763489 0,648049592971802 2,45854353904724
ElbowLeft -0,0965956076979637 0,866099894046783 2,33937740325928
WristLeft -0,148975148797035 1,05615210533142 2,24362778663635
HandLeft -0,16643500328064 1,11950290203094 2,21633911132813
ShoulderRight 0,192766338586807 0,69590950012207 2,53489089012146
ElbowRight 0,243147403001785 0,434551239013672 2,41312694549561
WristRight 0,0400947816669941 0,381311506032944 2,27275991439819
HandRight -0,0306740179657936 0,382201641798019 2,25949144363403
HipLeft 0,0397270806133747 0,271004199981689 2,43715357780457
KneeLeft -0,00346053391695023 -0,240729808807373 2,48166084289551
AnkleLeft 0,0193429309874773 -0,640162825584412 2,50317192077637
FootLeft 0,0141638880595565 -0,72187751531601 2,47269248962402
HipRight 0,132267072796822 0,269163399934769 2,45528364181519
KneeRight 0,198026716709137 -0,240049451589584 2,5007655620575
AnkleRight 0,206767231225967 -0,660530269145966 2,51676416397095
FootRight 0,227934330701828 -0,695344090461731 2,44261336326599

