HipCenter 0,110370814800262 0,234242916107178 2,45650744438171
Spine 0,0949235707521439 0,302203685045242 2,50883388519287
ShoulderCenter 0,0977878272533417 0,674959540367126 2,49183988571167
Head 0,0977874249219894 0,844089686870575 2,46440458297729
ShoulderLeft -0,0488400757312775 0,53439074754715 2,43722009658813
ElbowLeft -0,145522803068161 0,349416315555573 2,33177328109741
WristLeft -0,215731993317604 0,186370357871056 2,2094612121582
HandLeft -0,204021632671356 0,140826389193535 2,19513440132141
ShoulderRight 0,252202302217484 0,563085615634918 2,52432489395142
ElbowRight 0,357984155416489 0,3326775431633 2,52206945419312
WristRight 0,460952699184418 0,139987081289291 2,48640489578247
HandRight 0,479876399040222 0,0725055038928986 2,49007964134216
HipLeft 0,0455400906503201 0,162227049469948 2,42829966545105
KneeLeft 0,000875396304763854 -0,276217669248581 2,49395775794983
AnkleLeft 0,0181576851755381 -0,638503968715668 2,50215744972229
FootLeft 0,0146411480382085 -0,724780738353729 2,47099828720093
HipRight 0,180163145065308 0,164302691817284 2,46909165382385
KneeRight 0,215172111988068 -0,275853216648102 2,51685547828674
AnkleRight 0,210207253694534 -0,657062411308289 2,51733899116516
FootRight 0,230201482772827 -0,692464053630829 2,44317674636841

