HipCenter 0,103404328227043 0,238240793347359 2,47146391868591
Spine 0,0874789729714394 0,302863568067551 2,52597761154175
ShoulderCenter 0,0999119207262993 0,673613667488098 2,5236759185791
Head 0,106582023203373 0,845038533210754 2,49654698371887
ShoulderLeft -0,0530718676745892 0,543456733226776 2,45194959640503
ElbowLeft -0,194375976920128 0,566064655780792 2,27211308479309
WristLeft -0,302382290363312 0,590098321437836 2,06497812271118
HandLeft -0,359423488378525 0,628660798072815 2,00677537918091
ShoulderRight 0,248817160725594 0,564218461513519 2,54900503158569
ElbowRight 0,276426136493683 0,299914121627808 2,46887493133545
WristRight 0,174859017133713 0,142137721180916 2,31317114830017
HandRight 0,159651681780815 0,0836549326777458 2,30695295333862
HipLeft 0,0367059521377087 0,168692648410797 2,43653964996338
KneeLeft -0,00239124055951834 -0,280649542808533 2,50290250778198
AnkleLeft 0,0195427741855383 -0,640290975570679 2,50395846366882
FootLeft 0,0419417954981327 -0,675358474254608 2,42984008789063
HipRight 0,171975761651993 0,165193617343903 2,48396062850952
KneeRight 0,206074595451355 -0,2835793197155 2,52067804336548
AnkleRight 0,207124546170235 -0,657169044017792 2,5173921585083
FootRight 0,229523569345474 -0,692236542701721 2,4432737827301

