HipCenter 0,104035839438438 0,240332663059235 2,47155666351318
Spine 0,0880917981266975 0,30453222990036 2,52625036239624
ShoulderCenter 0,101000234484673 0,674062192440033 2,5251452922821
Head 0,107976883649826 0,846207022666931 2,49836874008179
ShoulderLeft -0,0535050481557846 0,549030065536499 2,45175552368164
ElbowLeft -0,194272965192795 0,577054738998413 2,2724232673645
WristLeft -0,307908535003662 0,630298972129822 2,05622124671936
HandLeft -0,357998013496399 0,659269452095032 2,00732231140137
ShoulderRight 0,248802527785301 0,56427001953125 2,54899406433105
ElbowRight 0,283267199993134 0,325141549110413 2,47762823104858
WristRight 0,156398087739944 0,153303742408752 2,30603194236755
HandRight 0,139993920922279 0,0952031165361404 2,29938721656799
HipLeft 0,0372391417622566 0,170637220144272 2,43611288070679
KneeLeft -0,00260996352881193 -0,280688166618347 2,50290441513062
AnkleLeft 0,0199825316667557 -0,640667319297791 2,50399303436279
FootLeft 0,0147855998948216 -0,721445918083191 2,4738986492157
HipRight 0,172332465648651 0,167023748159409 2,48412084579468
KneeRight 0,206146493554115 -0,283809572458267 2,52091073989868
AnkleRight 0,207158923149109 -0,657195091247559 2,51733994483948
FootRight 0,229753464460373 -0,692220091819763 2,44325757026672

