HipCenter 0,109275810420513 0,274969518184662 2,37671041488647
Spine 0,0991401970386505 0,342463046312332 2,43197321891785
ShoulderCenter 0,0954407975077629 0,721474707126617 2,42154216766357
Head 0,0759225189685822 0,895303428173065 2,41236972808838
ShoulderLeft -0,0470879413187504 0,605416059494019 2,37230443954468
ElbowLeft -0,118172012269497 0,620924711227417 2,12685298919678
WristLeft -0,105944499373436 0,664113640785217 1,87723565101624
HandLeft -0,0971656069159508 0,682987213134766 1,78685283660889
ShoulderRight 0,24810528755188 0,609978437423706 2,41808271408081
ElbowRight 0,332335352897644 0,347210019826889 2,42660236358643
WristRight 0,332754552364349 0,110579036176205 2,37222266197205
HandRight 0,344192773103714 0,044991210103035 2,36582326889038
HipLeft 0,0429958514869213 0,206667229533195 2,35647892951965
KneeLeft 0,00827892869710922 -0,309129238128662 2,43847608566284
AnkleLeft 0,00717783346772194 -0,648185074329376 2,44042634963989
FootLeft -0,0146893421187997 -0,723983883857727 2,3832733631134
HipRight 0,179904252290726 0,209190458059311 2,37965226173401
KneeRight 0,21421991288662 -0,312482327222824 2,43440914154053
AnkleRight 0,212988242506981 -0,660901844501495 2,44489574432373
FootRight 0,22184045612812 -0,734761834144592 2,39656114578247

