HipCenter 0,109716884791851 0,274009823799133 2,37842583656311
Spine 0,0992690324783325 0,341708809137344 2,43348741531372
ShoulderCenter 0,0951112285256386 0,721382081508636 2,42290210723877
Head 0,0746103450655937 0,896514773368835 2,41497945785522
ShoulderLeft -0,0464254021644592 0,602888345718384 2,37302660942078
ElbowLeft -0,117696404457092 0,618041098117828 2,12684988975525
WristLeft -0,103869438171387 0,659448623657227 1,86625349521637
HandLeft -0,0967414602637291 0,676785945892334 1,78900074958801
ShoulderRight 0,24929304420948 0,609083771705627 2,42064309120178
ElbowRight 0,332933366298676 0,347830086946487 2,43060278892517
WristRight 0,333172619342804 0,111037872731686 2,37420654296875
HandRight 0,339790672063828 0,0449958741664886 2,36900234222412
HipLeft 0,0434986092150211 0,20569284260273 2,35842561721802
KneeLeft 0,00838585942983627 -0,309144228696823 2,43872475624084
AnkleLeft 0,00696808844804764 -0,649856805801392 2,4406886100769
FootLeft -0,0141788627952337 -0,725583493709564 2,38232707977295
HipRight 0,180319100618362 0,208453640341759 2,38124752044678
KneeRight 0,214128941297531 -0,311003983020782 2,43466138839722
AnkleRight 0,211561918258667 -0,658969044685364 2,44620537757874
FootRight 0,212976902723312 -0,724107801914215 2,40495920181274

