HipCenter 0,0280132200568914 0,205859750509262 2,32282042503357
Spine 0,0259709451347589 0,266439437866211 2,37609910964966
ShoulderCenter 0,0180638879537582 0,61468231678009 2,3747866153717
Head 0,0032504724804312 0,780870854854584 2,34942770004272
ShoulderLeft -0,135239824652672 0,508540749549866 2,36917781829834
ElbowLeft -0,152368694543839 0,270816504955292 2,3116934299469
WristLeft -0,158694624900818 0,068199023604393 2,22800755500793
HandLeft -0,168219059705734 0,0237314738333225 2,20352005958557
ShoulderRight 0,165630310773849 0,500440299510956 2,37021136283875
ElbowRight 0,184221431612968 0,26374140381813 2,30801486968994
WristRight 0,191066280007362 0,0634886771440506 2,2179319858551
HandRight 0,184439197182655 0,0138059034943581 2,19384717941284
HipLeft -0,0378834530711174 0,136971846222878 2,31310343742371
KneeLeft -0,0524662621319294 -0,328310757875443 2,28995585441589
AnkleLeft -0,0219794809818268 -0,640293598175049 2,39704346656799
FootLeft -0,00826304405927658 -0,71571284532547 2,39352464675903
HipRight 0,0973497852683067 0,140978842973709 2,31155300140381
KneeRight 0,133938491344452 -0,317775279283524 2,30301213264465
AnkleRight 0,105845212936401 -0,620664238929749 2,39618349075317
FootRight 0,106355145573616 -0,657345652580261 2,31369400024414

