HipCenter 0,028625626116991 0,327325433492661 2,336918592453
Spine 0,0272381566464901 0,37352442741394 2,38934516906738
ShoulderCenter 0,0363921895623207 0,657651782035828 2,39411067962646
Head 0,0211874712258577 0,801059484481812 2,37827467918396
ShoulderLeft -0,0929689854383469 0,635483980178833 2,3768036365509
ElbowLeft -0,163424357771873 0,802303373813629 2,2645697593689
WristLeft -0,182903081178665 0,963374197483063 2,13308715820313
HandLeft -0,189395993947983 1,01706445217133 2,09343671798706
ShoulderRight 0,150522455573082 0,639309823513031 2,39058637619019
ElbowRight 0,194486916065216 0,810678780078888 2,27021503448486
WristRight 0,124249905347824 0,941066384315491 2,12152767181396
HandRight 0,1008375659585 0,98452889919281 2,07614231109619
HipLeft -0,0278909895569086 0,274035155773163 2,32044982910156
KneeLeft -0,0486284643411636 -0,247057735919952 2,28128218650818
AnkleLeft -0,0234938189387321 -0,59255313873291 2,38650131225586
FootLeft -0,0193601474165916 -0,627473652362823 2,30663323402405
HipRight 0,0830176919698715 0,271937072277069 2,33093237876892
KneeRight 0,122714221477509 -0,248452186584473 2,30117869377136
AnkleRight 0,107761733233929 -0,599993824958801 2,39080047607422
FootRight 0,111895404756069 -0,634914338588715 2,31093239784241

