HipCenter 0,0263486690819263 0,199308574199677 2,33225607872009
Spine 0,0237990319728851 0,260640323162079 2,38632416725159
ShoulderCenter 0,0125421853736043 0,615510225296021 2,38952708244324
Head 0,00720908120274544 0,781093001365662 2,36823010444641
ShoulderLeft -0,133761584758759 0,492438226938248 2,35548710823059
ElbowLeft -0,145783603191376 0,286269098520279 2,27315473556519
WristLeft -0,172167301177979 0,223600417375565 2,0570604801178
HandLeft -0,126922100782394 0,143974125385284 2,00841116905212
ShoulderRight 0,16011743247509 0,490290224552155 2,35714483261108
ElbowRight 0,159838184714317 0,272965788841248 2,36559200286865
WristRight 0,165060922503471 0,200142711400986 2,07216215133667
HandRight 0,143625691533089 0,151721239089966 2,01268792152405
HipLeft -0,0378546491265297 0,131979301571846 2,32179665565491
KneeLeft -0,0523715503513813 -0,326756536960602 2,29247617721558
AnkleLeft -0,0210780948400497 -0,638879716396332 2,3966109752655
FootLeft -0,00941842421889305 -0,714593768119812 2,39107060432434
HipRight 0,0949032306671143 0,136082202196121 2,32091069221497
KneeRight 0,133700087666512 -0,315902590751648 2,30454993247986
AnkleRight 0,128283530473709 -0,582310199737549 2,35455012321472
FootRight 0,128723114728928 -0,618883848190308 2,27192306518555

