HipCenter 0,0365412160754204 0,202258676290512 2,32723069190979
Spine 0,0355456657707691 0,253568232059479 2,37856483459473
ShoulderCenter 0,0248806476593018 0,559729039669037 2,38054084777832
Head 0,0134038040414453 0,764949798583984 2,37613439559937
ShoulderLeft -0,130497306585312 0,502493679523468 2,37566375732422
ElbowLeft -0,150378972291946 0,249037712812424 2,33011317253113
WristLeft -0,14984405040741 0,0629189610481262 2,25007843971252
HandLeft -0,165224254131317 0,0128992851823568 2,22512483596802
ShoulderRight 0,171297371387482 0,498935699462891 2,36837482452393
ElbowRight 0,19887912273407 0,260160684585571 2,32048177719116
WristRight 0,21139857172966 0,0544189512729645 2,25372123718262
HandRight 0,211388409137726 0,00422567501664162 2,22543001174927
HipLeft -0,0284371729940176 0,132264733314514 2,31628561019897
KneeLeft -0,0398302040994167 -0,337511390447617 2,29174375534058
AnkleLeft -0,0184650905430317 -0,647987902164459 2,39403533935547
FootLeft -0,0110689420253038 -0,721789300441742 2,38915681838989
HipRight 0,105899505317211 0,139212399721146 2,31414175033569
KneeRight 0,134779751300812 -0,325081944465637 2,29943108558655
AnkleRight 0,105754412710667 -0,615141570568085 2,39553928375244
FootRight 0,110867664217949 -0,689100623130798 2,39014863967896

