HipCenter 0,0686265677213669 0,228297188878059 2,4367241859436
Spine 0,083600252866745 0,303600996732712 2,46755146980286
ShoulderCenter 0,0639235749840736 0,695786237716675 2,45426297187805
Head 0,023876940831542 0,858625590801239 2,48178863525391
ShoulderLeft -0,060896959155798 0,590466439723969 2,46950340270996
ElbowLeft 0,0612605400383472 0,78972464799881 2,39339065551758
WristLeft 0,191014274954796 0,631609857082367 2,32597255706787
HandLeft 0,238616585731506 0,590339064598084 2,33680415153503
ShoulderRight 0,151583358645439 0,586097240447998 2,35610628128052
ElbowRight 0,226823151111603 0,397043615579605 2,29267120361328
WristRight 0,050185713917017 0,518465280532837 2,25058794021606
HandRight -0,0131499338895082 0,47452050447464 2,2303454875946
HipLeft 0,0191574227064848 0,176313653588295 2,45009064674377
KneeLeft -0,0109705328941345 -0,282001793384552 2,48966598510742
AnkleLeft 0,0103287762030959 -0,659848809242249 2,48449993133545
FootLeft -0,0248524956405163 -0,694638967514038 2,41931223869324
HipRight 0,119141206145287 0,179836854338646 2,41622638702393
KneeRight 0,191617891192436 -0,281218111515045 2,49274516105652
AnkleRight 0,188701033592224 -0,652541279792786 2,49937796592712
FootRight 0,15351976454258 -0,687331438064575 2,43419027328491

