HipCenter 0,0832997485995293 0,216951251029968 2,43455767631531
Spine 0,0992830172181129 0,288056403398514 2,46518754959106
ShoulderCenter 0,0795912444591522 0,601576089859009 2,4570038318634
Head 0,0505682192742825 0,828283488750458 2,481281042099
ShoulderLeft -0,0452197678387165 0,585410237312317 2,46984124183655
ElbowLeft 0,118893280625343 0,77782142162323 2,32484340667725
WristLeft 0,19997076690197 0,514369964599609 2,2665753364563
HandLeft 0,256898462772369 0,442796647548676 2,27226233482361
ShoulderRight 0,162541955709457 0,58692455291748 2,35922932624817
ElbowRight 0,238909125328064 0,39868438243866 2,29611229896545
WristRight 0,0717316120862961 0,514497697353363 2,24734687805176
HandRight 0,00897592306137085 0,470151245594025 2,22722697257996
HipLeft 0,0349350273609161 0,168175712227821 2,44405126571655
KneeLeft -0,00588810397312045 -0,28318190574646 2,49005722999573
AnkleLeft 0,0107115041464567 -0,663072943687439 2,48342180252075
FootLeft -0,0244645271450281 -0,697106420993805 2,41834259033203
HipRight 0,132311820983887 0,171891435980797 2,41903042793274
KneeRight 0,200338169932365 -0,283149689435959 2,49165272712708
AnkleRight 0,188413590192795 -0,654171645641327 2,49840784072876
FootRight 0,153237551450729 -0,688205122947693 2,43332862854004

