HipCenter 0,0819567143917084 0,214213520288467 2,43474578857422
Spine 0,0980956256389618 0,292531698942184 2,46383428573608
ShoulderCenter 0,086498886346817 0,696504056453705 2,45309233665466
Head 0,0463012605905533 0,862810492515564 2,47818040847778
ShoulderLeft -0,0450423546135426 0,582511305809021 2,46789121627808
ElbowLeft 0,118915170431137 0,779512465000153 2,32181072235107
WristLeft 0,197957575321198 0,51160603761673 2,26424646377563
HandLeft 0,253024280071259 0,445034444332123 2,27092409133911
ShoulderRight 0,164756998419762 0,589984655380249 2,35628938674927
ElbowRight 0,233370184898376 0,395182192325592 2,29761910438538
WristRight 0,0626299530267715 0,510348200798035 2,24846434593201
HandRight 0,0018532678950578 0,464677482843399 2,228755235672
HipLeft 0,0304737202823162 0,164106622338295 2,4434118270874
KneeLeft -0,0062341638840735 -0,283432185649872 2,49354910850525
AnkleLeft 0,00988149829208851 -0,660469532012939 2,48250818252563
FootLeft -0,0252117794007063 -0,694801509380341 2,41773986816406
HipRight 0,132056891918182 0,167834892868996 2,41935706138611
KneeRight 0,200201839208603 -0,284940272569656 2,49178695678711
AnkleRight 0,188206106424332 -0,654103457927704 2,49950218200684
FootRight 0,153112828731537 -0,688435435295105 2,43473386764526

