HipCenter 0,071859635412693 0,217945381999016 2,42649817466736
Spine 0,0904832482337952 0,286352902650833 2,46130013465881
ShoulderCenter 0,0684977397322655 0,697091579437256 2,44794082641602
Head 0,0282278843224049 0,866842150688171 2,47471570968628
ShoulderLeft -0,0555018149316311 0,585585534572601 2,46016573905945
ElbowLeft 0,112480372190475 0,785289764404297 2,31286907196045
WristLeft 0,187997549772263 0,510022163391113 2,26481223106384
HandLeft 0,242978289723396 0,441854894161224 2,27227330207825
ShoulderRight 0,154056757688522 0,584498822689056 2,34656858444214
ElbowRight 0,237347304821014 0,392873167991638 2,28118419647217
WristRight 0,0603153966367245 0,519432842731476 2,23668336868286
HandRight -0,00302024255506694 0,475488096475601 2,2164409160614
HipLeft 0,0212352406233549 0,167331278324127 2,43459320068359
KneeLeft -0,00967194233089685 -0,280188381671906 2,48400712013245
AnkleLeft 0,011193135753274 -0,661147832870483 2,48636150360107
FootLeft -0,0241893623024225 -0,69546502828598 2,42192029953003
HipRight 0,122404143214226 0,171415627002716 2,40860414505005
KneeRight 0,194705843925476 -0,279671460390091 2,48403739929199
AnkleRight 0,188555985689163 -0,652811348438263 2,49799203872681
FootRight 0,153173491358757 -0,68712854385376 2,43355083465576

