HipCenter 0,0756670981645584 0,265939056873322 2,42299795150757
Spine 0,042708732187748 0,339837372303009 2,46691155433655
ShoulderCenter 0,0684255808591843 0,738733291625977 2,46380615234375
Head 0,067769929766655 0,896097540855408 2,47464275360107
ShoulderLeft 0,0630594417452812 0,677395045757294 2,31503558158875
ElbowLeft -0,135955661535263 0,60141122341156 2,22705388069153
WristLeft 0,100355222821236 0,497063964605331 2,211017370224
HandLeft 0,150344595313072 0,459935367107391 2,22465705871582
ShoulderRight 0,193183586001396 0,582200169563293 2,40606474876404
ElbowRight 0,133598506450653 0,430701076984406 2,22857856750488
WristRight -0,049389373511076 0,576619327068329 2,219886302948
HandRight -0,112725019454956 0,532674670219421 2,19964361190796
HipLeft 0,0455003045499325 0,22528113424778 2,39815855026245
KneeLeft -0,015450862236321 -0,277204781770706 2,48483300209045
AnkleLeft 0,00912981666624546 -0,655401289463043 2,48456931114197
FootLeft 0,0548118352890015 -0,689788579940796 2,42625665664673
HipRight 0,106930829584599 0,221773520112038 2,43861317634583
KneeRight 0,187758937478065 -0,273629307746887 2,48473000526428
AnkleRight 0,189406648278236 -0,656321406364441 2,49616622924805
FootRight 0,235088661313057 -0,690708696842194 2,43785357475281

