HipCenter 0,074365645647049 0,216623395681381 2,42581081390381
Spine 0,0917932316660881 0,279926836490631 2,45712161064148
ShoulderCenter 0,0760131552815437 0,598905086517334 2,44721150398254
Head 0,0434516184031963 0,837022423744202 2,4723060131073
ShoulderLeft -0,0537103489041328 0,583528757095337 2,45758962631226
ElbowLeft 0,14581136405468 0,578949153423309 2,27428579330444
WristLeft 0,259785413742065 0,401624262332916 2,24842143058777
HandLeft 0,297776758670807 0,342515975236893 2,24428009986877
ShoulderRight 0,159423604607582 0,584087312221527 2,34472489356995
ElbowRight 0,232531398534775 0,389742255210876 2,27995181083679
WristRight 0,057537168264389 0,518858551979065 2,23582434654236
HandRight -0,0057984609156847 0,47491380572319 2,21558165550232
HipLeft 0,0231135990470648 0,165507525205612 2,43321895599365
KneeLeft -0,0103521589189768 -0,27980163693428 2,48374938964844
AnkleLeft 0,0101796640083194 -0,659648716449738 2,48282718658447
FootLeft -0,0247276276350021 -0,693453669548035 2,41785836219788
HipRight 0,125770643353462 0,169670149683952 2,40890955924988
KneeRight 0,193033158779144 -0,278381735086441 2,48161125183105
AnkleRight 0,187574699521065 -0,653037309646606 2,49631977081299
FootRight 0,15266740322113 -0,686842262744904 2,43135094642639

