HipCenter 0,0787985101342201 0,21443484723568 2,42500185966492
Spine 0,0973121896386147 0,275219410657883 2,45970106124878
ShoulderCenter 0,0769733861088753 0,598795294761658 2,45138478279114
Head 0,0443001128733158 0,838032603263855 2,47656631469727
ShoulderLeft -0,0533785820007324 0,58285266160965 2,46143054962158
ElbowLeft 0,167918294668198 0,590871810913086 2,26339101791382
WristLeft 0,228878170251846 0,390643298625946 2,26296138763428
HandLeft 0,249198138713837 0,323900461196899 2,26727843284607
ShoulderRight 0,157337784767151 0,611786603927612 2,34783458709717
ElbowRight 0,223986625671387 0,41632866859436 2,28510761260986
WristRight 0,0487361401319504 0,524642050266266 2,23260188102722
HandRight -0,00288646016269922 0,473458170890808 2,21497464179993
HipLeft 0,027002202346921 0,163641288876534 2,43120694160461
KneeLeft -0,00752146635204554 -0,282399743795395 2,48263430595398
AnkleLeft 0,00990073662251234 -0,659375369548798 2,48249936103821
FootLeft -0,0261661484837532 -0,693017363548279 2,41815710067749
HipRight 0,1300088763237 0,168127208948135 2,4091808795929
KneeRight 0,197617515921593 -0,281052947044373 2,4835193157196
AnkleRight 0,189078480005264 -0,657080113887787 2,49537515640259
FootRight 0,153011590242386 -0,690722107887268 2,43103289604187

