HipCenter 0,0780045390129089 0,216743350028992 2,42698407173157
Spine 0,0838356912136078 0,276393324136734 2,46813797950745
ShoulderCenter 0,0762111693620682 0,601051986217499 2,45728063583374
Head 0,0473870635032654 0,840589761734009 2,47658801078796
ShoulderLeft -0,0543321371078491 0,58599716424942 2,45454812049866
ElbowLeft 0,122643239796162 0,57884681224823 2,25745511054993
WristLeft 0,255630165338516 0,417556434869766 2,25908350944519
HandLeft 0,299959152936935 0,363792985677719 2,26408410072327
ShoulderRight 0,20895791053772 0,559865951538086 2,41239047050476
ElbowRight 0,20760802924633 0,409727275371552 2,23991394042969
WristRight 0,0397913753986359 0,535254955291748 2,22418713569641
HandRight -0,0101035637781024 0,481256544589996 2,20413327217102
HipLeft 0,0194328371435404 0,161825716495514 2,43196511268616
KneeLeft -0,00803239271044731 -0,283432394266129 2,48364114761353
AnkleLeft 0,0110728265717626 -0,662743747234344 2,48524379730225
FootLeft -0,000320510938763618 -0,69611132144928 2,41224980354309
HipRight 0,134276390075684 0,165557160973549 2,4120454788208
KneeRight 0,197664082050323 -0,281901895999908 2,48426985740662
AnkleRight 0,18901401758194 -0,657131850719452 2,49599671363831
FootRight 0,177620679140091 -0,690499424934387 2,42300271987915

