HipCenter 0,0705641880631447 0,235696867108345 2,42333793640137
Spine 0,0923201888799667 0,30625194311142 2,45309686660767
ShoulderCenter 0,0749252885580063 0,698707640171051 2,44496011734009
Head 0,0353986769914627 0,860075294971466 2,47526240348816
ShoulderLeft -0,0580481663346291 0,588831305503845 2,45907258987427
ElbowLeft -0,147757768630981 0,547212243080139 2,62247538566589
WristLeft 0,0558493137359619 0,510175228118896 2,40513610839844
HandLeft 0,251613348722458 0,441953122615814 2,26782822608948
ShoulderRight 0,112585917115211 0,650302231311798 2,34076356887817
ElbowRight 0,213682621717453 0,447593152523041 2,28694701194763
WristRight 0,0217089504003525 0,530727326869965 2,22550439834595
HandRight -0,00341683044098318 0,470235764980316 2,21475219726563
HipLeft 0,0288008712232113 0,189304515719414 2,43471455574036
KneeLeft -0,0111406408250332 -0,279515087604523 2,48540496826172
AnkleLeft 0,00987450778484344 -0,658585429191589 2,48396611213684
FootLeft -0,0339323468506336 -0,69295197725296 2,42405819892883
HipRight 0,112422212958336 0,193137675523758 2,40477657318115
KneeRight 0,194504618644714 -0,279851913452148 2,48952960968018
AnkleRight 0,188204601407051 -0,65335887670517 2,49908685684204
FootRight 0,144397750496864 -0,687725424766541 2,43917894363403

