HipCenter 0,0686548128724098 0,224225252866745 2,42381763458252
Spine 0,0843309760093689 0,295083701610565 2,45457530021667
ShoulderCenter 0,068948321044445 0,698935866355896 2,44193601608276
Head 0,0317995101213455 0,857356548309326 2,47224402427673
ShoulderLeft -0,0578544065356255 0,588634550571442 2,45694065093994
ElbowLeft 0,0951545014977455 0,656574666500092 2,29822993278503
WristLeft 0,206243902444839 0,477023720741272 2,25619006156921
HandLeft 0,252038866281509 0,438673883676529 2,2674822807312
ShoulderRight 0,153140470385551 0,57995730638504 2,34582281112671
ElbowRight 0,231944024562836 0,386807501316071 2,27567672729492
WristRight 0,0534765049815178 0,511493563652039 2,23905277252197
HandRight -0,00985913351178169 0,467548787593842 2,21881008148193
HipLeft 0,0182447694242001 0,173316612839699 2,43323183059692
KneeLeft -0,0103459460660815 -0,280200272798538 2,48578715324402
AnkleLeft 0,0101227415725589 -0,660960555076599 2,4848952293396
FootLeft -0,024624839425087 -0,695581912994385 2,41947674751282
HipRight 0,118037700653076 0,177540183067322 2,40739488601685
KneeRight 0,193990245461464 -0,278504848480225 2,48870730400085
AnkleRight 0,189389064908028 -0,651914715766907 2,49883627891541
FootRight 0,154641479253769 -0,686536073684692 2,43341779708862

