HipCenter 0,222410753369331 0,407888889312744 2,66894721984863
Spine 0,211163938045502 0,482004791498184 2,72833657264709
ShoulderCenter 0,22707810997963 0,893814146518707 2,71488451957703
Head 0,199131935834885 1,12393045425415 2,6744327545166
ShoulderLeft 0,0746436342597008 0,778498649597168 2,64591312408447
ElbowLeft -0,0356222465634346 0,793666481971741 2,40133953094482
WristLeft -0,0519654229283333 0,845426619052887 2,15045690536499
HandLeft -0,0584054067730904 0,866854012012482 2,06494450569153
ShoulderRight 0,394973337650299 0,783736228942871 2,71544051170349
ElbowRight 0,469683915376663 0,477399557828903 2,67636823654175
WristRight 0,458344727754593 0,21414877474308 2,58849787712097
HandRight 0,450557112693787 0,105016961693764 2,5621497631073
HipLeft 0,148468121886253 0,336604088544846 2,64686846733093
KneeLeft 0,099365159869194 -0,249062657356262 2,75423312187195
AnkleLeft 0,104020401835442 -0,651539385318756 2,78165292739868
FootLeft 0,0770140588283539 -0,734961569309235 2,72605276107788
HipRight 0,295266330242157 0,333539098501205 2,67220544815063
KneeRight 0,341795176267624 -0,259210079908371 2,72534084320068
AnkleRight 0,344809472560883 -0,647981286048889 2,76708316802979
FootRight 0,358286887407303 -0,73685759305954 2,70957493782043

