HipCenter 0,223800286650658 0,405879259109497 2,67111444473267
Spine 0,212878063321114 0,479146659374237 2,73111295700073
ShoulderCenter 0,221873730421066 0,889053285121918 2,71929931640625
Head 0,201463371515274 1,12063050270081 2,67976069450378
ShoulderLeft 0,0696849972009659 0,767981469631195 2,65499949455261
ElbowLeft -0,0351120233535767 0,747331857681274 2,40654540061951
WristLeft -0,0640011355280876 0,766475796699524 2,15054273605347
HandLeft -0,072294108569622 0,762775719165802 1,99400246143341
ShoulderRight 0,398699879646301 0,777991414070129 2,72007441520691
ElbowRight 0,46698385477066 0,476931571960449 2,67808938026428
WristRight 0,457947373390198 0,211651295423508 2,58945059776306
HandRight 0,451573103666306 0,104631379246712 2,5635347366333
HipLeft 0,148780539631844 0,331895679235458 2,65085744857788
KneeLeft 0,0981845259666443 -0,251089245080948 2,75299382209778
AnkleLeft 0,103155955672264 -0,655336558818817 2,78176403045654
FootLeft 0,0788076967000961 -0,736239373683929 2,72705626487732
HipRight 0,299241572618485 0,330911010503769 2,67095327377319
KneeRight 0,342081487178802 -0,25593575835228 2,72405982017517
AnkleRight 0,343657314777374 -0,646732091903687 2,77024269104004
FootRight 0,356448084115982 -0,729380488395691 2,71180009841919

