HipCenter 0,223477870225906 0,406156837940216 2,67077016830444
Spine 0,21216493844986 0,4795743227005 2,73056030273438
ShoulderCenter 0,222092837095261 0,889627158641815 2,71796536445618
Head 0,199995666742325 1,12085652351379 2,67778253555298
ShoulderLeft 0,070671372115612 0,769847810268402 2,65168452262878
ElbowLeft -0,0327394641935825 0,770608305931091 2,39159750938416
WristLeft -0,0622846037149429 0,803559124469757 2,13718819618225
HandLeft -0,0620521828532219 0,794327735900879 2,00060033798218
ShoulderRight 0,397016674280167 0,779838025569916 2,718998670578
ElbowRight 0,465011060237885 0,481975197792053 2,67766356468201
WristRight 0,45790907740593 0,212152630090714 2,58941411972046
HandRight 0,451241493225098 0,104573123157024 2,56434154510498
HipLeft 0,14871746301651 0,332783192396164 2,6499297618866
KneeLeft 0,0978952869772911 -0,251215994358063 2,75391817092896
AnkleLeft 0,102926559746265 -0,655656099319458 2,78084421157837
FootLeft 0,0788405761122704 -0,735656976699829 2,72476434707642
HipRight 0,298257231712341 0,3316870033741 2,67160415649414
KneeRight 0,34220552444458 -0,253104209899902 2,7240686416626
AnkleRight 0,344949156045914 -0,645565569400787 2,76813101768494
FootRight 0,357253879308701 -0,732324481010437 2,70865345001221

