HipCenter 0,00624275300651789 -0,159085899591446 2,07079291343689
Spine 0,00904891360551119 -0,135546118021011 2,03744149208069
ShoulderCenter 0,0299255773425102 -0,0154844783246517 1,87559759616852
Head -0,0924444049596787 0,0499212630093098 1,68510508537292
ShoulderLeft -0,19578355550766 -0,0072149746119976 1,92625868320465
ElbowLeft -0,202847883105278 -0,118530616164207 2,13850498199463
WristLeft -0,165205612778664 -0,242985665798187 1,90159583091736
HandLeft -0,152658194303513 -0,284470677375793 1,82649195194244
ShoulderRight 0,107776165008545 -0,00754329469054937 1,90788352489471
ElbowRight 0,22434101998806 -0,205003440380096 2,00797414779663
WristRight 0,302148759365082 -0,427272975444794 2,10689187049866
HandRight 0,332357287406921 -0,513350486755371 2,14885330200195
HipLeft -0,089507207274437 -0,203492820262909 2,22553968429565
KneeLeft -0,162667542695999 -0,324808448553085 1,89409935474396
AnkleLeft -0,146362692117691 -0,654156148433685 2,0401725769043
FootLeft -0,176571190357208 -0,720759510993958 2,01807594299316
HipRight 0,0867113620042801 -0,23758564889431 2,04587197303772
KneeRight 0,121922254562378 -0,438031435012817 1,75950014591217
AnkleRight 0,104738652706146 -0,677357852458954 2,05245637893677
FootRight 0,131651073694229 -0,73449432849884 2,01565504074097

