HipCenter -0,0319469571113586 -0,0157136078923941 2,27867817878723
Spine -0,0364457480609417 0,0414299853146076 2,30053091049194
ShoulderCenter -0,0444875732064247 0,331566989421844 2,27689981460571
Head -0,0694180577993393 0,530071616172791 2,21540379524231
ShoulderLeft -0,230253219604492 0,222941935062408 2,25997185707092
ElbowLeft -0,389531135559082 0,138250797986984 2,17444181442261
WristLeft -0,460213840007782 0,0625385269522667 1,92608952522278
HandLeft -0,516044735908508 0,00496370159089565 1,75305283069611
ShoulderRight 0,129725232720375 0,236239224672318 2,29513549804688
ElbowRight 0,217469811439514 -0,00493337213993073 2,30104660987854
WristRight 0,282670229673386 -0,20986333489418 2,24066519737244
HandRight 0,280851453542709 -0,307234078645706 2,19757509231567
HipLeft -0,109447404742241 -0,101740777492523 2,26626324653625
KneeLeft -0,160566285252571 -0,2984539270401 1,91996169090271
AnkleLeft -0,145803362131119 -0,64689314365387 2,04172801971436
FootLeft -0,178712204098701 -0,724495947360992 2,01539659500122
HipRight 0,0516527891159058 -0,0914532765746117 2,28164029121399
KneeRight 0,122149616479874 -0,303646773099899 1,91795778274536
AnkleRight 0,107849441468716 -0,669588208198547 2,05832099914551
FootRight 0,133166804909706 -0,733933508396149 2,02111959457397

