HipCenter 0,0141064766794443 -0,168744266033173 2,03486514091492
Spine 0,0150814857333899 -0,157292991876602 2,0107364654541
ShoulderCenter 0,0210527721792459 -0,0994133502244949 1,90357005596161
Head -0,0812333598732948 -0,00481509417295456 1,69996309280396
ShoulderLeft -0,204656362533569 -0,091143861413002 1,95423114299774
ElbowLeft -0,212287232279778 -0,177467599511147 2,18424272537231
WristLeft -0,17340812087059 -0,264672636985779 1,92274558544159
HandLeft -0,170019209384918 -0,25223782658577 1,81149041652679
ShoulderRight 0,176015451550484 -0,0749131068587303 1,93695509433746
ElbowRight 0,282685399055481 -0,27574634552002 2,05469226837158
WristRight 0,327572524547577 -0,512003362178802 2,15995073318481
HandRight 0,339388072490692 -0,618834614753723 2,20480871200562
HipLeft -0,0850392431020737 -0,218258008360863 2,23325252532959
KneeLeft -0,166380494832993 -0,339620471000671 1,89336383342743
AnkleLeft -0,150002494454384 -0,652342915534973 2,03709435462952
FootLeft -0,178229585289955 -0,722191989421844 2,01458549499512
HipRight 0,109248079359531 -0,234394654631615 2,03742933273315
KneeRight 0,0963296368718147 -0,482017040252686 1,78304946422577
AnkleRight 0,105464100837708 -0,666460335254669 2,04637169837952
FootRight 0,131132438778877 -0,736596524715424 2,01885151863098

