HipCenter 0,0341157466173172 -0,169689387083054 2,02693843841553
Spine 0,0288790073245764 -0,157362207770348 2,0042245388031
ShoulderCenter 0,022197064012289 -0,0968541875481606 1,90082716941833
Head -0,0821616053581238 -0,00326797366142273 1,69726884365082
ShoulderLeft -0,203512072563171 -0,0885846763849258 1,95148813724518
ElbowLeft -0,204705879092216 -0,166662096977234 2,18448877334595
WristLeft -0,171903073787689 -0,260775119066238 1,92439985275269
HandLeft -0,170084685087204 -0,252566665410995 1,8112313747406
ShoulderRight 0,175856590270996 -0,0799124091863632 1,94022285938263
ElbowRight 0,283599644899368 -0,280849575996399 2,05738663673401
WristRight 0,325014412403107 -0,518477261066437 2,16162443161011
HandRight 0,331208169460297 -0,618908882141113 2,20045518875122
HipLeft -0,0189358685165644 -0,210763797163963 2,19739651679993
KneeLeft -0,166608169674873 -0,337851315736771 1,89333033561707
AnkleLeft -0,149706587195396 -0,653239369392395 2,03752541542053
FootLeft -0,177589073777199 -0,722623825073242 2,01165890693665
HipRight 0,137289255857468 -0,245752096176147 2,03337669372559
KneeRight 0,28176549077034 -0,386964946985245 1,73938620090485
AnkleRight 0,145829156041145 -0,714484989643097 1,9781414270401
FootRight 0,145766347646713 -0,789996266365051 1,94175148010254

