HipCenter 0,105073615908623 -0,248082756996155 2,06670522689819
Spine 0,0929005816578865 -0,226009994745255 2,03701066970825
ShoulderCenter 0,0280101671814919 -0,0994092598557472 1,90012788772583
Head -0,0812599956989288 -0,00315558910369873 1,69160175323486
ShoulderLeft -0,148493647575378 -0,207258924841881 1,94518399238586
ElbowLeft -0,191818207502365 -0,339290082454681 1,78221344947815
WristLeft -0,153365910053253 -0,527157425880432 1,95619869232178
HandLeft -0,14054848253727 -0,589779853820801 2,0180869102478
ShoulderRight 0,116444550454617 -0,0319752842187881 1,89539504051208
ElbowRight 0,225868061184883 -0,231925934553146 2,0113582611084
WristRight 0,284136056900024 -0,45955216884613 2,12630915641785
HandRight 0,286677062511444 -0,550535798072815 2,15905117988586
HipLeft 0,0643631219863892 -0,342100650072098 2,20286178588867
KneeLeft -0,168252721428871 -0,354326725006104 1,89582395553589
AnkleLeft -0,149012222886086 -0,649724781513214 2,0365047454834
FootLeft -0,179319843649864 -0,722895979881287 2,01885223388672
HipRight 0,20908585190773 -0,285960644483566 2,06798601150513
KneeRight 0,0346595197916031 -0,442150563001633 1,7955584526062
AnkleRight 0,10591396689415 -0,691925704479218 2,06172060966492
FootRight 0,131947413086891 -0,736735999584198 2,01376676559448

