HipCenter 0,106118656694889 -0,243542805314064 2,07154417037964
Spine 0,0894095450639725 -0,219649076461792 2,03620076179504
ShoulderCenter 0,0238686613738537 -0,105128675699234 1,90290486812592
Head -0,0842346400022507 -0,00696121901273727 1,69294285774231
ShoulderLeft -0,15263520181179 -0,212978407740593 1,94796073436737
ElbowLeft -0,179343655705452 -0,341986626386642 1,77733397483826
WristLeft -0,151231542229652 -0,526479244232178 1,95765221118927
HandLeft -0,141860842704773 -0,587976813316345 2,02165389060974
ShoulderRight 0,116404920816422 -0,0423532985150814 1,89513766765594
ElbowRight 0,234797179698944 -0,235421389341354 2,01503109931946
WristRight 0,282408595085144 -0,467554211616516 2,12800860404968
HandRight 0,285616755485535 -0,558595061302185 2,15993881225586
HipLeft 0,0645077973604202 -0,33299332857132 2,19183826446533
KneeLeft -0,168041825294495 -0,350905776023865 1,89525616168976
AnkleLeft -0,148487597703934 -0,646210551261902 2,03626108169556
FootLeft -0,178799644112587 -0,723040461540222 2,01517176628113
HipRight 0,213602006435394 -0,273205697536469 2,08366727828979
KneeRight 0,0387884378433228 -0,43240088224411 1,81185233592987
AnkleRight 0,102597042918205 -0,690901219844818 2,06029534339905
FootRight 0,131647050380707 -0,737926065921783 2,01678109169006

