HipCenter -0,0299798045307398 -0,0332018062472343 2,23446941375732
Spine -0,0321643576025963 0,0210134405642748 2,22434163093567
ShoulderCenter -0,0431638434529305 0,287757575511932 2,16580605506897
Head -0,0588287450373173 0,463074207305908 2,03523588180542
ShoulderLeft -0,221997112035751 0,217557609081268 2,17359304428101
ElbowLeft -0,39816489815712 0,147189319133759 2,13423323631287
WristLeft -0,47367861866951 0,0595241710543633 1,8923431634903
HandLeft -0,523228108882904 0,000591215735767037 1,75447809696198
ShoulderRight 0,129487603902817 0,217567056417465 2,1875696182251
ElbowRight 0,23564487695694 -0,0128453820943832 2,20927095413208
WristRight 0,291094094514847 -0,258482456207275 2,14324378967285
HandRight 0,307889223098755 -0,427223354578018 2,10366177558899
HipLeft -0,106561228632927 -0,114388354122639 2,24269843101501
KneeLeft -0,162382394075394 -0,303857505321503 1,91738152503967
AnkleLeft -0,146024629473686 -0,652003586292267 2,04413056373596
FootLeft -0,181855201721191 -0,729508399963379 2,01765727996826
HipRight 0,0522945001721382 -0,107955388724804 2,25173044204712
KneeRight 0,12496892362833 -0,308450758457184 1,91545724868774
AnkleRight 0,108039930462837 -0,669676065444946 2,05896377563477
FootRight 0,137617453932762 -0,735134482383728 2,01090860366821

