HipCenter 0,105605021119118 -0,248677462339401 2,06736063957214
Spine 0,0903835594654083 -0,223244234919548 2,03333520889282
ShoulderCenter 0,0167619735002518 -0,0991067513823509 1,88281202316284
Head -0,095763310790062 -0,00718927383422852 1,66898250579834
ShoulderLeft -0,159741878509521 -0,20695649087429 1,92786812782288
ElbowLeft -0,184183046221733 -0,363897144794464 1,78475689888
WristLeft -0,151817739009857 -0,539318263530731 1,9649943113327
HandLeft -0,141029298305511 -0,597791969776154 2,02894306182861
ShoulderRight 0,11314245313406 -0,0407209880650043 1,88855338096619
ElbowRight 0,228573933243752 -0,236571043729782 2,01066970825195
WristRight 0,285196661949158 -0,461921453475952 2,13577175140381
HandRight 0,289272606372833 -0,549756228923798 2,17467093467712
HipLeft 0,0728625133633614 -0,333670079708099 2,20140671730042
KneeLeft -0,1687021702528 -0,370107114315033 1,89785289764404
AnkleLeft -0,148360341787338 -0,652359247207642 2,03727626800537
FootLeft -0,177358791232109 -0,721604526042938 2,01499915122986
HipRight 0,210024267435074 -0,281819522380829 2,07724785804749
KneeRight 0,0246116369962692 -0,45278862118721 1,81895852088928
AnkleRight 0,103397123515606 -0,673936069011688 2,04676842689514
FootRight 0,13093264400959 -0,733559548854828 2,01549291610718

