HipCenter 0,0947550982236862 -0,228295251727104 2,04221701622009
Spine 0,0813163816928864 -0,20833994448185 2,01335787773132
ShoulderCenter 0,0193377379328012 -0,105523966252804 1,88590836524963
Head -0,0893348678946495 -0,0121001377701759 1,66682636737823
ShoulderLeft -0,157166108489037 -0,213373675942421 1,93096435070038
ElbowLeft -0,187197968363762 -0,40901392698288 1,87748050689697
WristLeft -0,143992692232132 -0,566607117652893 1,98182690143585
HandLeft -0,129590928554535 -0,619138181209564 2,02045154571533
ShoulderRight 0,115943729877472 -0,0422687120735645 1,88617730140686
ElbowRight 0,193474650382996 -0,216203659772873 1,97559726238251
WristRight 0,257333785295486 -0,43540495634079 2,11010766029358
HandRight 0,273730248212814 -0,517504692077637 2,15629601478577
HipLeft 0,0692581310868263 -0,329240560531616 2,20966267585754
KneeLeft -0,150648191571236 -0,38359859585762 1,90807843208313
AnkleLeft -0,147555455565453 -0,658751428127289 2,0422089099884
FootLeft -0,178096503019333 -0,722381412982941 2,01359248161316
HipRight 0,217320442199707 -0,276038825511932 2,04968500137329
KneeRight 0,0204577147960663 -0,458010703325272 1,80708599090576
AnkleRight 0,104171089828014 -0,693007409572601 2,05968046188354
FootRight 0,132759571075439 -0,736091017723084 2,00907135009766

