HipCenter 0,102571904659271 -0,242404729127884 2,05364537239075
Spine 0,0895691961050034 -0,219540178775787 2,0238778591156
ShoulderCenter 0,0235410034656525 -0,103840462863445 1,88740038871765
Head -0,0890758186578751 -0,0208165645599365 1,66617405414581
ShoulderLeft -0,152962818741798 -0,211690098047256 1,93245625495911
ElbowLeft -0,169290095567703 -0,362616837024689 1,78100430965424
WristLeft -0,151548281311989 -0,535343825817108 1,96023786067963
HandLeft -0,145634338259697 -0,5929194688797 2,02380228042603
ShoulderRight 0,121914058923721 -0,0530135221779346 1,8879576921463
ElbowRight 0,254053324460983 -0,231796741485596 2,01777315139771
WristRight 0,285806596279144 -0,462662845849991 2,14164781570435
HandRight 0,30195826292038 -0,629789650440216 2,22823309898376
HipLeft 0,0680500417947769 -0,335575997829437 2,21001839637756
KneeLeft -0,157298475503922 -0,376324236392975 1,9136883020401
AnkleLeft -0,146818578243256 -0,653111159801483 2,041095495224
FootLeft -0,177911534905434 -0,720933616161346 2,01323223114014
HipRight 0,21462807059288 -0,289192497730255 2,04594707489014
KneeRight 0,0135708004236221 -0,462760329246521 1,80084252357483
AnkleRight 0,100356042385101 -0,684412002563477 2,05329012870789
FootRight 0,131795883178711 -0,732730984687805 2,01415586471558

