HipCenter 0,104736551642418 -0,248464077711105 2,06029677391052
Spine 0,0914948657155037 -0,225039884448051 2,02880525588989
ShoulderCenter 0,0250460542738438 -0,105851158499718 1,8857798576355
Head -0,0900359302759171 -0,0175205171108246 1,66730928421021
ShoulderLeft -0,151457756757736 -0,213700830936432 1,93083572387695
ElbowLeft -0,198684602975845 -0,402106821537018 1,86591005325317
WristLeft -0,145608276128769 -0,553424298763275 1,97203135490417
HandLeft -0,127916157245636 -0,603863477706909 2,01121520996094
ShoulderRight 0,115042462944984 -0,0417980961501598 1,88433146476746
ElbowRight 0,248264268040657 -0,223267436027527 2,00914573669434
WristRight 0,281861335039139 -0,452397555112839 2,13458323478699
HandRight 0,286132127046585 -0,53991687297821 2,17433404922485
HipLeft 0,0702985376119614 -0,339149415493011 2,19712400436401
KneeLeft -0,146779477596283 -0,389149039983749 1,91111207008362
AnkleLeft -0,152920737862587 -0,66522753238678 2,0379810333252
FootLeft -0,178399085998535 -0,724442183971405 2,0116982460022
HipRight 0,211526393890381 -0,282613515853882 2,06622958183289
KneeRight 0,0362448394298553 -0,461926907300949 1,80551838874817
AnkleRight 0,10030198097229 -0,677387475967407 2,05482220649719
FootRight 0,132171288132668 -0,73417729139328 2,01663303375244

