HipCenter 0,104782998561859 -0,240513786673546 2,05528283119202
Spine 0,0905477032065392 -0,219656765460968 2,02324819564819
ShoulderCenter 0,0233273562043905 -0,107381597161293 1,88558077812195
Head -0,0926599726080894 -0,0209449678659439 1,66694831848145
ShoulderLeft -0,153176516294479 -0,215231284499168 1,93063676357269
ElbowLeft -0,182814568281174 -0,359994053840637 1,7757009267807
WristLeft -0,151678428053856 -0,540059566497803 1,96107065677643
HandLeft -0,141299709677696 -0,600081384181976 2,02666568756104
ShoulderRight 0,116697788238525 -0,0426047891378403 1,88378763198853
ElbowRight 0,245368152856827 -0,226593300700188 2,00872182846069
WristRight 0,282805383205414 -0,454720020294189 2,13395953178406
HandRight 0,300623148679733 -0,62706595659256 2,22529315948486
HipLeft 0,0712935030460358 -0,331266939640045 2,20317983627319
KneeLeft -0,143915727734566 -0,381655037403107 1,90330564975739
AnkleLeft -0,14789105951786 -0,652421951293945 2,03904414176941
FootLeft -0,176034584641457 -0,721440434455872 2,01193881034851
HipRight 0,215082436800003 -0,275723576545715 2,06399965286255
KneeRight 0,0316425561904907 -0,456734001636505 1,81049811840057
AnkleRight 0,103463560342789 -0,671620965003967 2,04353213310242
FootRight 0,129259526729584 -0,733867406845093 2,01487255096436

