HipCenter -0,0370484180748463 -0,0890680775046349 2,15898108482361
Spine -0,0417738482356071 -0,0507152713835239 2,13082766532898
ShoulderCenter -0,0722835510969162 0,137073159217834 2,00373435020447
Head -0,06418776512146 0,281334012746811 1,8274542093277
ShoulderLeft -0,204127341508865 0,141887098550797 2,02703619003296
ElbowLeft -0,388146162033081 0,145638510584831 2,05286192893982
WristLeft -0,492402285337448 0,0428715571761131 1,82928705215454
HandLeft -0,534769713878632 -0,0143877770751715 1,74810671806335
ShoulderRight 0,122644707560539 0,130928069353104 2,03168320655823
ElbowRight 0,250215828418732 -0,0779228508472443 2,08917021751404
WristRight 0,318650007247925 -0,325848698616028 2,09154582023621
HandRight 0,358583211898804 -0,504384636878967 2,08967518806458
HipLeft -0,107497900724411 -0,154303550720215 2,19509053230286
KneeLeft -0,169786930084229 -0,317635715007782 1,89189159870148
AnkleLeft -0,149693563580513 -0,654404878616333 2,04369044303894
FootLeft -0,179427608847618 -0,731068193912506 2,02548146247864
HipRight 0,0442918613553047 -0,149380698800087 2,19572710990906
KneeRight 0,122878096997738 -0,318181037902832 1,89966750144958
AnkleRight 0,105749025940895 -0,664558172225952 2,05111384391785
FootRight 0,134276643395424 -0,732856929302216 2,02064323425293

