HipCenter -0,0142706483602524 -0,122291520237923 2,13953614234924
Spine -0,00848881062120199 -0,0888962596654892 2,10568737983704
ShoulderCenter 0,0286909621208906 0,0799053385853767 1,94189214706421
Head -0,0682673007249832 0,184312835335732 1,76135385036469
ShoulderLeft -0,204839617013931 0,0767283216118813 1,99233984947205
ElbowLeft -0,380365550518036 0,141323536634445 2,00635671615601
WristLeft -0,497443825006485 0,0189778283238411 1,80027198791504
HandLeft -0,53558748960495 -0,0232907459139824 1,74160325527191
ShoulderRight 0,122581906616688 0,072789691388607 1,97345983982086
ElbowRight 0,236760675907135 -0,140001207590103 2,04121208190918
WristRight 0,315504521131516 -0,377616763114929 2,09162759780884
HandRight 0,347136735916138 -0,471608281135559 2,11748123168945
HipLeft -0,104460999369621 -0,180290415883064 2,19413876533508
KneeLeft -0,172710657119751 -0,324826776981354 1,88284850120544
AnkleLeft -0,150593832135201 -0,655471563339233 2,04228138923645
FootLeft -0,124759308993816 -0,733272135257721 2,01319098472595
HipRight 0,0576645210385323 -0,176233634352684 2,1786036491394
KneeRight 0,123492769896984 -0,336709499359131 1,87498068809509
AnkleRight 0,103387445211411 -0,669397473335266 2,05183053016663
FootRight 0,133940875530243 -0,733603000640869 2,01547598838806

