HipCenter -0,0138601725921035 0,169877722859383 1,85579407215118
Spine -0,0477270260453224 0,254187762737274 1,88599622249603
ShoulderCenter 0,0233893748372793 0,675681591033936 1,89516723155975
Head -0,032721571624279 0,863174378871918 1,97915267944336
ShoulderLeft -0,0115293757990003 0,563144266605377 1,78071486949921
ElbowLeft 0,162546843290329 0,374305784702301 1,74796092510223
WristLeft 0,330945670604706 0,287962377071381 1,7493360042572
HandLeft 0,37092050909996 0,303830623626709 1,76734864711761
ShoulderRight 0,1466383934021 0,597470223903656 2,02029848098755
ElbowRight 0,136629074811935 0,405791819095612 1,8220089673996
WristRight 0,273274660110474 0,31267312169075 2,00455594062805
HandRight 0,326805174350739 0,281528651714325 2,0034773349762
HipLeft -0,057180367410183 0,129956424236298 1,87120425701141
KneeLeft -0,0275482963770628 -0,240457132458687 1,84746980667114
AnkleLeft 0,0492727681994438 -0,656978189945221 1,85674631595612
FootLeft 0,12302428483963 -0,701568901538849 1,80800247192383
HipRight 0,0209061037749052 0,125921979546547 1,83193576335907
KneeRight 0,0163981541991234 -0,331725895404816 1,83868169784546
AnkleRight 0,0748895183205605 -0,681065201759338 1,85646164417267
FootRight 0,140558660030365 -0,739392340183258 1,92892360687256

