HipCenter -0,0106224529445171 0,17586150765419 1,85558593273163
Spine -0,0458757989108562 0,261004328727722 1,8860867023468
ShoulderCenter 0,0237818267196417 0,691359102725983 1,9015896320343
Head -0,0439417287707329 0,871776938438416 1,99645400047302
ShoulderLeft -0,00810372550040483 0,569252789020538 1,78022074699402
ElbowLeft 0,163861006498337 0,379328727722168 1,74829053878784
WristLeft 0,378716707229614 0,299903452396393 1,76723456382751
HandLeft 0,438347339630127 0,306063830852509 1,78099286556244
ShoulderRight 0,147030875086784 0,613147854804993 2,02672076225281
ElbowRight 0,261365801095963 0,388988494873047 2,04773378372192
WristRight 0,369600474834442 0,236774623394012 2,06522655487061
HandRight 0,425879150629044 0,211967810988426 2,0658495426178
HipLeft -0,0509181059896946 0,135112896561623 1,87004733085632
KneeLeft -0,0173872653394938 -0,240658089518547 1,84153032302856
AnkleLeft 0,0488190725445747 -0,659842073917389 1,85555219650269
FootLeft 0,102378197014332 -0,738670647144318 1,87692856788635
HipRight 0,0246072579175234 0,136360511183739 1,83203899860382
KneeRight 0,0126704936847091 -0,333601355552673 1,83705842494965
AnkleRight 0,0764520764350891 -0,680956482887268 1,85730504989624
FootRight 0,140946939587593 -0,736699521541595 1,93357253074646

