HipCenter 0,00422752741724253 0,164687469601631 1,84940540790558
Spine -0,0294478312134743 0,246686547994614 1,88258588314056
ShoulderCenter 0,0334125049412251 0,660433232784271 1,88507485389709
Head -0,00806697830557823 0,849210262298584 1,98206865787506
ShoulderLeft -0,0187385119497776 0,557431161403656 1,78515982627869
ElbowLeft 0,139460876584053 0,350558876991272 1,72785592079163
WristLeft 0,317693293094635 0,275662958621979 1,72675430774689
HandLeft 0,377953469753265 0,27754333615303 1,73918569087982
ShoulderRight 0,156661584973335 0,582221984863281 2,01020574569702
ElbowRight 0,254007250070572 0,350889682769775 2,0584864616394
WristRight 0,290959358215332 0,321457087993622 1,78668165206909
HandRight 0,345989584922791 0,301709443330765 1,73545074462891
HipLeft -0,0391753055155277 0,117578998208046 1,86573243141174
KneeLeft 0,0497039593756199 -0,255395084619522 1,8249706029892
AnkleLeft 0,0535418540239334 -0,656521141529083 1,85678517818451
FootLeft 0,101307407021523 -0,738481640815735 1,87656104564667
HipRight 0,0437446609139442 0,121633097529411 1,82315003871918
KneeRight 0,0206513497978449 -0,338366746902466 1,8354697227478
AnkleRight 0,0404755622148514 -0,697426199913025 1,86804437637329
FootRight 0,123646222054958 -0,738731145858765 1,92136895656586

