HipCenter 0,0214313864707947 0,173012807965279 1,84642505645752
Spine -0,0134349036961794 0,252710103988647 1,88133454322815
ShoulderCenter 0,0338724814355373 0,66497802734375 1,88364195823669
Head 0,00503218919038773 0,854010760784149 1,9856059551239
ShoulderLeft -0,0332827195525169 0,531081557273865 1,78251779079437
ElbowLeft 0,154189139604568 0,351249843835831 1,74779367446899
WristLeft 0,313759535551071 0,244320303201675 1,73437237739563
HandLeft 0,369873911142349 0,269229203462601 1,73994171619415
ShoulderRight 0,157121598720551 0,58676666021347 2,00877261161804
ElbowRight 0,117726981639862 0,393629729747772 1,81195664405823
WristRight 0,300966113805771 0,311803162097931 1,74030840396881
HandRight 0,358683049678802 0,30075016617775 1,75893306732178
HipLeft -0,0269797518849373 0,12549489736557 1,85088908672333
KneeLeft 0,0395639687776566 -0,232193648815155 1,83005118370056
AnkleLeft 0,052022073417902 -0,6393181681633 1,85180294513702
FootLeft 0,117373511195183 -0,680702567100525 1,79564225673676
HipRight 0,0681598260998726 0,129190608859062 1,83183169364929
KneeRight 0,0272683091461658 -0,326434671878815 1,83747255802155
AnkleRight 0,046763326972723 -0,716221213340759 1,86475563049316
FootRight 0,130346938967705 -0,747561037540436 1,92891120910645

