HipCenter 0,0930978059768677 0,205030679702759 2,4114077091217
Spine 0,0804042816162109 0,266071170568466 2,46532702445984
ShoulderCenter 0,0707686170935631 0,624172806739807 2,47740650177002
Head 0,0637977868318558 0,792209506034851 2,45299482345581
ShoulderLeft -0,0643759146332741 0,505670726299286 2,41692471504211
ElbowLeft -0,123169660568237 0,374820619821548 2,23865151405334
WristLeft -0,151022881269455 0,222529396414757 2,06317949295044
HandLeft -0,156190291047096 0,198453962802887 2,0373854637146
ShoulderRight 0,214639037847519 0,506063222885132 2,47338032722473
ElbowRight 0,267675876617432 0,273780286312103 2,44431734085083
WristRight 0,290174692869186 0,0653616562485695 2,37275218963623
HandRight 0,300422221422195 0,013744194060564 2,35044455528259
HipLeft 0,032456062734127 0,141538381576538 2,38396716117859
KneeLeft 0,000827227719128132 -0,316704034805298 2,36423444747925
AnkleLeft 0,0401177480816841 -0,628601133823395 2,47442364692688
FootLeft 0,0574058406054974 -0,700228452682495 2,45905590057373
HipRight 0,159128963947296 0,143406182527542 2,41476893424988
KneeRight 0,180837020277977 -0,309223204851151 2,37633585929871
AnkleRight 0,166557848453522 -0,595715284347534 2,48040580749512
FootRight 0,182161882519722 -0,631296575069427 2,40083169937134

