HipCenter 0,218943655490875 0,396682739257813 2,6911416053772
Spine 0,21194913983345 0,471653014421463 2,75459742546082
ShoulderCenter 0,231933698058128 0,895383775234222 2,74900221824646
Head 0,203904151916504 1,12777328491211 2,72875022888184
ShoulderLeft 0,0780406892299652 0,778433382511139 2,68471837043762
ElbowLeft -0,0417694896459579 0,81745707988739 2,4365758895874
WristLeft -0,0688369497656822 0,888231158256531 2,18138527870178
HandLeft -0,0778594389557838 0,911822497844696 2,1015636920929
ShoulderRight 0,403977632522583 0,770216226577759 2,73522114753723
ElbowRight 0,476571381092072 0,463692009449005 2,71511244773865
WristRight 0,489639490842819 0,220496043562889 2,62538146972656
HandRight 0,485379636287689 0,101577699184418 2,60659122467041
HipLeft 0,144164636731148 0,325978934764862 2,66799378395081
KneeLeft 0,0967809930443764 -0,23119980096817 2,76062607765198
AnkleLeft 0,104719616472721 -0,644220471382141 2,79341435432434
FootLeft 0,082250103354454 -0,730948507785797 2,7299530506134
HipRight 0,29043173789978 0,319987177848816 2,69245886802673
KneeRight 0,338022112846375 -0,24432797729969 2,75790166854858
AnkleRight 0,323167681694031 -0,661860644817352 2,8612973690033
FootRight 0,347348183393478 -0,707414329051971 2,75038933753967

