HipCenter 0,2192312926054 0,390159040689468 2,69395804405212
Spine 0,209507003426552 0,46624031662941 2,75698947906494
ShoulderCenter 0,229039669036865 0,894982039928436 2,75311279296875
Head 0,209414228796959 1,12593269348145 2,72920060157776
ShoulderLeft 0,0828372091054916 0,770249783992767 2,681636095047
ElbowLeft 0,00245033204555511 0,612437844276428 2,4756031036377
WristLeft -0,0430150367319584 0,62276953458786 2,12611556053162
HandLeft -0,0602927207946777 0,628653049468994 2,02999901771545
ShoulderRight 0,407747119665146 0,764975011348724 2,74623656272888
ElbowRight 0,478213787078857 0,461903691291809 2,7272641658783
WristRight 0,492329686880112 0,222735166549683 2,63762402534485
HandRight 0,488349795341492 0,105656608939171 2,62294721603394
HipLeft 0,144996076822281 0,319641619920731 2,67078113555908
KneeLeft 0,115993514657021 -0,259285539388657 2,81673240661621
AnkleLeft 0,101843327283859 -0,639472782611847 2,79344367980957
FootLeft 0,0855227410793304 -0,726177930831909 2,73100066184998
HipRight 0,290492057800293 0,31439608335495 2,69596982002258
KneeRight 0,337835550308228 -0,242477208375931 2,7589054107666
AnkleRight 0,349191129207611 -0,639065623283386 2,76968097686768
FootRight 0,353045493364334 -0,718086123466492 2,71900177001953

