HipCenter 0,22317698597908 0,387368530035019 2,68883180618286
Spine 0,216433003544807 0,463560312986374 2,75155997276306
ShoulderCenter 0,227606996893883 0,88829505443573 2,7394380569458
Head 0,213725402951241 1,12064373493195 2,71881794929504
ShoulderLeft 0,0577070489525795 0,7484530210495 2,68669581413269
ElbowLeft -0,00737695302814245 0,48451042175293 2,58503031730652
WristLeft -0,0289258621633053 0,277843713760376 2,43260645866394
HandLeft -0,0332227572798729 0,174363851547241 2,37684059143066
ShoulderRight 0,411829024553299 0,760533511638641 2,73445057868958
ElbowRight 0,477121412754059 0,451821088790894 2,7150673866272
WristRight 0,489797830581665 0,213851600885391 2,62814426422119
HandRight 0,48369100689888 0,0982734933495522 2,60714983940125
HipLeft 0,144125208258629 0,308627486228943 2,66903686523438
KneeLeft 0,120397999882698 -0,258978754281998 2,82520413398743
AnkleLeft 0,104758702218533 -0,642082214355469 2,79600071907043
FootLeft 0,0835217386484146 -0,72660106420517 2,73342776298523
HipRight 0,30158594250679 0,308278679847717 2,68610453605652
KneeRight 0,337728410959244 -0,243376404047012 2,75509166717529
AnkleRight 0,35225111246109 -0,637495756149292 2,77012896537781
FootRight 0,354242503643036 -0,72203528881073 2,71724033355713

