HipCenter 0,1258435100317 0,0660170391201973 2,51649212837219
Spine 0,122818045318127 0,130067810416222 2,57759523391724
ShoulderCenter 0,132540196180344 0,510590195655823 2,59280920028687
Head 0,155255600810051 0,689352035522461 2,59242796897888
ShoulderLeft -0,00608043139800429 0,40453177690506 2,56928110122681
ElbowLeft -0,259977668523788 0,37441748380661 2,52712488174438
WristLeft -0,460884094238281 0,313019245862961 2,44782495498657
HandLeft -0,538735210895538 0,273596048355103 2,41139793395996
ShoulderRight 0,284365832805634 0,378940969705582 2,58839416503906
ElbowRight 0,312875151634216 0,117059171199799 2,57334351539612
WristRight 0,320140212774277 -0,0837185084819794 2,46968197822571
HandRight 0,309535950422287 -0,16969233751297 2,4317615032196
HipLeft 0,0598140396177769 0,00686804158613086 2,49279642105103
KneeLeft 0,0110636875033379 -0,507088184356689 2,47903561592102
AnkleLeft 0,0199944972991943 -0,828023910522461 2,47264003753662
FootLeft 0,00692899012938142 -0,916095495223999 2,43553137779236
HipRight 0,189889326691628 -0,00542645854875445 2,51378655433655
KneeRight 0,223054632544518 -0,520534157752991 2,49201416969299
AnkleRight 0,254100680351257 -0,828495979309082 2,49242544174194
FootRight 0,248452365398407 -0,906948506832123 2,42737364768982

