HipCenter 0,124843388795853 0,0597590282559395 2,51636075973511
Spine 0,118234641849995 0,123937182128429 2,57669234275818
ShoulderCenter 0,125724270939827 0,504468202590942 2,58961582183838
Head 0,149783328175545 0,684977293014526 2,59021735191345
ShoulderLeft -0,00852989125996828 0,381532907485962 2,55807399749756
ElbowLeft -0,0822604224085808 0,132754489779472 2,53198194503784
WristLeft -0,118130818009377 -0,0741269737482071 2,4548511505127
HandLeft -0,131248891353607 -0,136897891759872 2,42815065383911
ShoulderRight 0,286991238594055 0,381794989109039 2,59731411933899
ElbowRight 0,310484051704407 0,117759808897972 2,56899976730347
WristRight 0,318939536809921 -0,0835032910108566 2,46839594841003
HandRight 0,309080511331558 -0,154196724295616 2,43430614471436
HipLeft 0,0586287342011929 -0,00168473448138684 2,49126148223877
KneeLeft 0,00499661359935999 -0,502930402755737 2,47987151145935
AnkleLeft 0,0172549039125443 -0,816059470176697 2,47422027587891
FootLeft 0,00515611143782735 -0,913525104522705 2,43155932426453
HipRight 0,190877050161362 -0,0117987124249339 2,51511812210083
KneeRight 0,216240629553795 -0,520220220088959 2,48664927482605
AnkleRight 0,244631394743919 -0,821948945522308 2,48898315429688
FootRight 0,248906269669533 -0,912989795207977 2,43119263648987

