HipCenter 0,066832147538662 0,258434921503067 2,64285516738892
Spine 0,0694323629140854 0,2900350689888 2,69730854034424
ShoulderCenter 0,0798060372471809 0,532825827598572 2,70796489715576
Head 0,121885702013969 0,688008606433868 2,7268328666687
ShoulderLeft -0,0570721700787544 0,586781620979309 2,70226907730103
ElbowLeft -0,0797254145145416 0,726441383361816 2,46819996833801
WristLeft -0,047561701387167 0,973397970199585 2,52527594566345
HandLeft -0,057951208204031 1,04171574115753 2,51061034202576
ShoulderRight 0,234359800815582 0,393361628055573 2,63869380950928
ElbowRight 0,114493161439896 0,17649881541729 2,4744553565979
WristRight -0,0416733622550964 0,397986829280853 2,37733292579651
HandRight -0,0937288701534271 0,471816182136536 2,34939789772034
HipLeft -0,0044653108343482 0,189235687255859 2,61779999732971
KneeLeft 0,00165915302932262 -0,321811378002167 2,62331438064575
AnkleLeft 0,0315397456288338 -0,761062622070313 2,62916707992554
FootLeft 0,0566714629530907 -0,872060060501099 2,57402682304382
HipRight 0,117251619696617 0,186108320951462 2,62975430488586
KneeRight 0,178328722715378 -0,312428742647171 2,62446594238281
AnkleRight 0,181065395474434 -0,752879738807678 2,62754034996033
FootRight 0,176814138889313 -0,789147317409515 2,52381372451782

