HipCenter 0,081681914627552 0,191226929426193 2,63731503486633
Spine 0,0837120711803436 0,23876579105854 2,69555974006653
ShoulderCenter 0,0947751328349113 0,529444932937622 2,71418261528015
Head 0,131391257047653 0,691473484039307 2,72397994995117
ShoulderLeft -0,0614523515105248 0,570677638053894 2,69190454483032
ElbowLeft -0,0633012726902962 0,789740681648254 2,53005790710449
WristLeft -0,0863345414400101 0,992452323436737 2,46983528137207
HandLeft -0,100950539112091 1,05264830589294 2,43677759170532
ShoulderRight 0,248138159513474 0,37954381108284 2,63738298416138
ElbowRight 0,170194804668427 0,256373822689056 2,46109485626221
WristRight -0,0573569238185883 0,385864675045013 2,33977484703064
HandRight -0,08732920140028 0,404215276241302 2,33097577095032
HipLeft 0,0157015956938267 0,125747874379158 2,61184787750244
KneeLeft 0,0245912410318851 -0,386568188667297 2,6481876373291
AnkleLeft 0,0433282926678658 -0,837164461612701 2,62892961502075
FootLeft 0,0604891143739223 -0,916751027107239 2,55144762992859
HipRight 0,138492852449417 0,107773080468178 2,62217140197754
KneeRight 0,177985861897469 -0,4044189453125 2,64217281341553
AnkleRight 0,178406059741974 -0,839058876037598 2,63530516624451
FootRight 0,165529996156693 -0,928193092346191 2,5754222869873

