HipCenter 0,101309441030025 0,0964017063379288 2,62874913215637
Spine 0,113131783902645 0,153900116682053 2,68959379196167
ShoulderCenter 0,11795637011528 0,513058960437775 2,73053574562073
Head 0,116999931633472 0,686787128448486 2,7382447719574
ShoulderLeft -0,0233333576470613 0,430925786495209 2,71576881408691
ElbowLeft -0,132696881890297 0,540612101554871 2,45249938964844
WristLeft -0,213351383805275 0,699319124221802 2,27576971054077
HandLeft -0,237642288208008 0,728960335254669 2,24019050598145
ShoulderRight 0,232802286744118 0,367727339267731 2,64794754981995
ElbowRight 0,240456432104111 0,207693517208099 2,48706388473511
WristRight 0,0430547893047333 0,154743611812592 2,34237718582153
HandRight -0,0279260333627462 0,153356850147247 2,2962327003479
HipLeft 0,0458297021687031 0,0397760570049286 2,61841988563538
KneeLeft 0,0266042891889811 -0,454985946416855 2,65203881263733
AnkleLeft 0,0378685668110847 -0,829126179218292 2,62935018539429
FootLeft 0,0576738305389881 -0,909980952739716 2,55259656906128
HipRight 0,152401253581047 0,036902766674757 2,60736155509949
KneeRight 0,180435985326767 -0,457067221403122 2,65181756019592
AnkleRight 0,181270509958267 -0,825964391231537 2,63934636116028
FootRight 0,159933775663376 -0,927045702934265 2,56787085533142

