HipCenter 0,0983795374631882 0,0710575059056282 2,62112903594971
Spine 0,101255916059017 0,133956298232079 2,67986083030701
ShoulderCenter 0,104055181145668 0,508799374103546 2,70020318031311
Head 0,0885018333792686 0,683266639709473 2,69083833694458
ShoulderLeft -0,0601461976766586 0,374361038208008 2,70083785057068
ElbowLeft -0,109482452273369 0,136698946356773 2,60210156440735
WristLeft -0,190472826361656 -0,0475839376449585 2,45310115814209
HandLeft -0,20840910077095 -0,0964450389146805 2,40336298942566
ShoulderRight 0,242612272500992 0,363683998584747 2,68442153930664
ElbowRight 0,341657161712646 0,147429600358009 2,65704965591431
WristRight 0,39670804142952 -0,0634433254599571 2,54500246047974
HandRight 0,385084569454193 -0,14147087931633 2,5046010017395
HipLeft 0,0317839682102203 0,00551591068506241 2,61107468605042
KneeLeft 0,0221158526837826 -0,364763259887695 2,63820552825928
AnkleLeft 0,038429319858551 -0,804157972335815 2,62763214111328
FootLeft 0,0681791454553604 -0,910370111465454 2,56829786300659
HipRight 0,164195597171783 0,0043374877423048 2,60361933708191
KneeRight 0,164482042193413 -0,422405660152435 2,65013980865479
AnkleRight 0,173957630991936 -0,86225962638855 2,6279034614563
FootRight 0,152459353208542 -0,931686282157898 2,57056593894959

