HipCenter 0,103553794324398 0,063561275601387 2,61770677566528
Spine 0,107221931219101 0,124980881810188 2,68084239959717
ShoulderCenter 0,116545364260674 0,510702073574066 2,72541928291321
Head 0,103910610079765 0,683763980865479 2,72828459739685
ShoulderLeft -0,0188621245324612 0,388495773077011 2,68293690681458
ElbowLeft -0,127344459295273 0,290574222803116 2,42979669570923
WristLeft -0,204145446419716 0,192660361528397 2,24777936935425
HandLeft -0,335418283939362 0,23527604341507 2,16199159622192
ShoulderRight 0,258031874895096 0,360741227865219 2,67007327079773
ElbowRight 0,306493818759918 0,152421146631241 2,58966827392578
WristRight 0,278248131275177 -0,0313470065593719 2,47951769828796
HandRight 0,235206604003906 -0,10649362206459 2,44142246246338
HipLeft 0,0360564887523651 0,0074305678717792 2,59800934791565
KneeLeft 0,0203931499272585 -0,406595677137375 2,63797569274902
AnkleLeft 0,0399169139564037 -0,829338550567627 2,63385152816772
FootLeft 0,068315826356411 -0,91713547706604 2,55717372894287
HipRight 0,163558900356293 0,000254687765846029 2,59948563575745
KneeRight 0,189220905303955 -0,408312648534775 2,64238929748535
AnkleRight 0,180468797683716 -0,84689474105835 2,63275003433228
FootRight 0,167274430394173 -0,921982526779175 2,57818007469177

