HipCenter 0,0243317112326622 0,182591393589973 2,62140226364136
Spine 0,025893796235323 0,225761026144028 2,68050050735474
ShoulderCenter 0,0164352711290121 0,526580631732941 2,71012854576111
Head 0,0126928212121129 0,685406804084778 2,6978542804718
ShoulderLeft -0,131483405828476 0,494863897562027 2,70522928237915
ElbowLeft -0,219429656863213 0,732933044433594 2,60198473930359
WristLeft -0,232921302318573 0,948870062828064 2,57370591163635
HandLeft -0,226858586072922 1,0204313993454 2,57707595825195
ShoulderRight 0,187051311135292 0,493659973144531 2,68543338775635
ElbowRight 0,268470883369446 0,741624772548676 2,60799384117126
WristRight 0,271117269992828 0,95816957950592 2,58297848701477
HandRight 0,253278642892838 1,02758324146271 2,57726407051086
HipLeft -0,0461860373616219 0,112918667495251 2,60328197479248
KneeLeft -0,0706774294376373 -0,405072212219238 2,63752698898315
AnkleLeft -0,0579446405172348 -0,809006869792938 2,64784741401672
FootLeft -0,0471776276826859 -0,895106434822083 2,59877705574036
HipRight 0,0978882908821106 0,114777192473412 2,59872961044312
KneeRight 0,119088314473629 -0,269102454185486 2,60364532470703
AnkleRight 0,120561867952347 -0,710241794586182 2,63707661628723
FootRight 0,113908097147942 -0,743919491767883 2,54276156425476

