HipCenter 0,0196377784013748 0,176517397165298 2,62114691734314
Spine 0,0204869322478771 0,222036778926849 2,67918467521667
ShoulderCenter 0,00849187839776278 0,52565598487854 2,70704245567322
Head 0,00415383744984865 0,682197570800781 2,69738411903381
ShoulderLeft -0,143399640917778 0,486082226037979 2,70128178596497
ElbowLeft -0,219595044851303 0,666824638843536 2,58786058425903
WristLeft -0,22909951210022 0,950353741645813 2,51235151290894
HandLeft -0,223211526870728 1,01054787635803 2,54642486572266
ShoulderRight 0,174483746290207 0,486768156290054 2,68338799476624
ElbowRight 0,258465707302094 0,673875689506531 2,59354829788208
WristRight 0,263681173324585 0,922522246837616 2,54059171676636
HandRight 0,251053929328918 0,989508867263794 2,52746391296387
HipLeft -0,0481270737946033 0,107157170772552 2,60402250289917
KneeLeft -0,0698792710900307 -0,416248738765717 2,634357213974
AnkleLeft -0,056812908500433 -0,8254434466362 2,64619541168213
FootLeft -0,0626238957047462 -0,914216339588165 2,59036159515381
HipRight 0,0914186611771584 0,107213608920574 2,59992861747742
KneeRight 0,114976048469543 -0,417126834392548 2,63727283477783
AnkleRight 0,122582376003265 -0,832274496555328 2,65660834312439
FootRight 0,124145239591599 -0,91694438457489 2,61544418334961

