HipCenter 0,035892553627491 0,0737481936812401 2,62980914115906
Spine 0,0348613299429417 0,133455127477646 2,6898090839386
ShoulderCenter 0,0206564739346504 0,506166338920593 2,72786688804626
Head 0,0199611596763134 0,679036676883698 2,71431732177734
ShoulderLeft -0,132258519530296 0,360112547874451 2,69010138511658
ElbowLeft -0,176939845085144 0,0927780121564865 2,61249446868896
WristLeft -0,200659170746803 -0,109176725149155 2,54955911636353
HandLeft -0,206591919064522 -0,192507773637772 2,50971674919128
ShoulderRight 0,175177797675133 0,359132081270218 2,68024182319641
ElbowRight 0,241373226046562 0,0850434899330139 2,64615726470947
WristRight 0,276665091514587 -0,115011870861053 2,58242201805115
HandRight 0,283926576375961 -0,172652646899223 2,54345989227295
HipLeft -0,0308946054428816 0,00494321435689926 2,61470746994019
KneeLeft -0,0694151371717453 -0,379984974861145 2,63647985458374
AnkleLeft -0,0577323213219643 -0,783158302307129 2,65106725692749
FootLeft -0,0581931658089161 -0,887496590614319 2,60192346572876
HipRight 0,10737818479538 0,00869479402899742 2,61102557182312
KneeRight 0,11378376185894 -0,418994426727295 2,65469193458557
AnkleRight 0,12353128194809 -0,825737297534943 2,65934371948242
FootRight 0,100598804652691 -0,912845492362976 2,61298179626465

