HipCenter 0,0333556085824966 0,0773104503750801 2,6346492767334
Spine 0,0330769903957844 0,136830389499664 2,69404888153076
ShoulderCenter 0,0224464610219002 0,505844831466675 2,72955775260925
Head 0,0192063450813293 0,679720103740692 2,71524453163147
ShoulderLeft -0,131526201963425 0,361263334751129 2,69606113433838
ElbowLeft -0,175958886742592 0,094695508480072 2,62186074256897
WristLeft -0,200835660099983 -0,108044967055321 2,55990219116211
HandLeft -0,210891216993332 -0,191944926977158 2,5212242603302
ShoulderRight 0,175721868872643 0,361318320035934 2,68691945075989
ElbowRight 0,24171257019043 0,0875270068645477 2,65332317352295
WristRight 0,273657888174057 -0,113982483744621 2,59039521217346
HandRight 0,280961871147156 -0,173584014177322 2,55074191093445
HipLeft -0,0343442000448704 0,00814223289489746 2,62030458450317
KneeLeft -0,0639500021934509 -0,424072086811066 2,65070414543152
AnkleLeft -0,0618469640612602 -0,774341881275177 2,65369367599487
FootLeft -0,0332927368581295 -0,875730752944946 2,60658597946167
HipRight 0,103941857814789 0,012853104621172 2,61561369895935
KneeRight 0,107301577925682 -0,370576977729797 2,64001941680908
AnkleRight 0,123841531574726 -0,810563743114471 2,65909600257874
FootRight 0,116530448198318 -0,897595763206482 2,61150908470154

