HipCenter 0,567263185977936 0,314671665430069 2,47589349746704
Spine 0,556448101997375 0,386585831642151 2,47393035888672
ShoulderCenter 0,508288741111755 0,739901840686798 2,44501543045044
Head 0,487405091524124 0,906507015228271 2,31688332557678
ShoulderLeft 0,331686943769455 0,646979093551636 2,42381811141968
ElbowLeft 0,125025108456612 0,542680025100708 2,33530974388123
WristLeft -0,0746416598558426 0,520094335079193 2,20995426177979
HandLeft -0,0452855415642262 0,513245522975922 2,22765636444092
ShoulderRight 0,704739212989807 0,667242765426636 2,48666667938232
ElbowRight 0,821078479290009 0,429835975170136 2,5860869884491
WristRight 0,868451833724976 0,215513184666634 2,63935589790344
HandRight 0,880103349685669 0,143182516098022 2,6504168510437
HipLeft 0,493128001689911 0,222619563341141 2,47197961807251
KneeLeft 0,502049446105957 -0,300579786300659 2,56220030784607
AnkleLeft 0,554031729698181 -0,68403834104538 2,59387707710266
FootLeft 0,510337233543396 -0,74498975276947 2,53296542167664
HipRight 0,663741707801819 0,238624110817909 2,4859299659729
KneeRight 0,716687738895416 -0,300746649503708 2,58439993858337
AnkleRight 0,701063573360443 -0,684212267398834 2,61546230316162
FootRight 0,747632563114166 -0,754541635513306 2,55600929260254

