HipCenter 0,523852050304413 0,261402368545532 2,48162698745728
Spine 0,502201437950134 0,323150366544724 2,45294165611267
ShoulderCenter 0,392252057790756 0,631251096725464 2,32036972045898
Head 0,281822949647903 0,755653619766235 2,1981828212738
ShoulderLeft 0,239938914775848 0,570786118507385 2,34973096847534
ElbowLeft 0,0201682448387146 0,525002360343933 2,27401828765869
WristLeft -0,189258903264999 0,57668262720108 2,18137001991272
HandLeft -0,249138563871384 0,538240790367126 2,16075587272644
ShoulderRight 0,581235766410828 0,618068099021912 2,36623549461365
ElbowRight 0,778554618358612 0,444273114204407 2,50366377830505
WristRight 0,85530298948288 0,173411726951599 2,62060022354126
HandRight 0,90966796875 0,130287528038025 2,64654326438904
HipLeft 0,471962183713913 0,175894260406494 2,50156807899475
KneeLeft 0,500325441360474 -0,298420071601868 2,59552550315857
AnkleLeft 0,552238166332245 -0,679505825042725 2,59367108345032
FootLeft 0,51459527015686 -0,743408024311066 2,53341698646545
HipRight 0,623905599117279 0,207777351140976 2,51425671577454
KneeRight 0,716921031475067 -0,302143633365631 2,60332536697388
AnkleRight 0,704119801521301 -0,682834327220917 2,61898612976074
FootRight 0,74854177236557 -0,754052042961121 2,55593848228455

