HipCenter 0,498528659343719 0,221371114253998 2,48132872581482
Spine 0,468523323535919 0,272445648908615 2,43966794013977
ShoulderCenter 0,319270312786102 0,524647533893585 2,24467706680298
Head 0,179222300648689 0,613659918308258 2,1233377456665
ShoulderLeft 0,141372501850128 0,498114466667175 2,29571962356567
ElbowLeft -0,0865467488765717 0,474523425102234 2,25714683532715
WristLeft -0,0967548713088036 0,676115751266479 2,13400435447693
HandLeft -0,133188754320145 0,737532436847687 2,11480641365051
ShoulderRight 0,484190732240677 0,546529293060303 2,28436756134033
ElbowRight 0,704602062702179 0,423445016145706 2,43707847595215
WristRight 0,825827538967133 0,203615814447403 2,60538768768311
HandRight 0,877117514610291 0,155251890420914 2,62770962715149
HipLeft 0,460603624582291 0,142511278390884 2,53395938873291
KneeLeft 0,487500548362732 -0,318102419376373 2,61617350578308
AnkleLeft 0,547083914279938 -0,670200884342194 2,5955171585083
FootLeft 0,507122039794922 -0,742701828479767 2,53012633323669
HipRight 0,602575242519379 0,182518526911736 2,51132082939148
KneeRight 0,691452145576477 -0,310956388711929 2,60983681678772
AnkleRight 0,69974958896637 -0,680654883384705 2,61710810661316
FootRight 0,742365121841431 -0,750255107879639 2,5586838722229

