HipCenter 0,0103900833055377 -0,303075790405273 2,44313740730286
Spine 0,0121487658470869 -0,288738578557968 2,43281888961792
ShoulderCenter 0,0232103727757931 -0,216506227850914 2,39150166511536
Head -0,0290641114115715 -0,0710158795118332 2,23045587539673
ShoulderLeft -0,193701401352882 -0,157364785671234 2,42207288742065
ElbowLeft -0,15003727376461 -0,35914820432663 2,42218089103699
WristLeft -0,0877246260643005 -0,232011839747429 2,26039600372314
HandLeft -0,0669537410140038 -0,189633041620255 2,20986437797546
ShoulderRight 0,163299635052681 -0,131575733423233 2,41880297660828
ElbowRight 0,213888198137283 -0,302664935588837 2,4475622177124
WristRight 0,144742324948311 -0,366438239812851 2,25249552726746
HandRight 0,102098636329174 -0,361148089170456 2,18571972846985
HipLeft -0,0806858241558075 -0,382603585720062 2,48281502723694
KneeLeft -0,114590868353844 -0,519195854663849 2,18798661231995
AnkleLeft -0,134719416499138 -0,774972558021545 2,13702154159546
FootLeft -0,133454948663712 -0,822764873504639 2,07934141159058
HipRight 0,0818495601415634 -0,369792342185974 2,46945214271545
KneeRight 0,145763486623764 -0,51041179895401 2,18183255195618
AnkleRight 0,154241442680359 -0,778344750404358 2,14443159103394
FootRight 0,155505910515785 -0,826137065887451 2,08675146102905

