HipCenter -0,00811297446489334 -0,303901076316834 2,45280814170837
Spine -0,00559307122603059 -0,289520740509033 2,44204664230347
ShoulderCenter 0,0126496562734246 -0,21734707057476 2,39832711219788
Head -0,0324878953397274 -0,0745218396186829 2,23322701454163
ShoulderLeft -0,193827867507935 -0,151661217212677 2,41962838172913
ElbowLeft -0,200669378042221 -0,332448095083237 2,50268316268921
WristLeft -0,127819091081619 -0,227524369955063 2,32803058624268
HandLeft -0,103535659611225 -0,192549794912338 2,27321553230286
ShoulderRight 0,159266829490662 -0,122370168566704 2,41379880905151
ElbowRight 0,20935982465744 -0,292581379413605 2,44644570350647
WristRight 0,146337762475014 -0,37844306230545 2,2573127746582
HandRight 0,0914513170719147 -0,394694924354553 2,15395092964172
HipLeft -0,0872070416808128 -0,386111229658127 2,48365712165833
KneeLeft -0,114631593227386 -0,519214034080505 2,18814134597778
AnkleLeft -0,134316921234131 -0,775378346443176 2,13697290420532
FootLeft -0,133035615086555 -0,824139595031738 2,08042454719543
HipRight 0,0671722665429115 -0,368717014789581 2,4779965877533
KneeRight 0,143404349684715 -0,505228281021118 2,1931574344635
AnkleRight 0,154907792806625 -0,779416680335999 2,14436626434326
FootRight 0,156189098954201 -0,828177928924561 2,08781790733337

