HipCenter 0,00581779517233372 -0,300564527511597 2,44009637832642
Spine 0,00709052756428719 -0,286715656518936 2,43082118034363
ShoulderCenter 0,0114862164482474 -0,219542056322098 2,39881610870361
Head -0,0335723385214806 -0,0772182196378708 2,23270606994629
ShoulderLeft -0,192386880517006 -0,159757435321808 2,4190194606781
ElbowLeft -0,19731317460537 -0,341912508010864 2,50254106521606
WristLeft -0,123991474509239 -0,237947568297386 2,32568979263306
HandLeft -0,0995509028434753 -0,203292578458786 2,27015352249146
ShoulderRight 0,165759235620499 -0,13591730594635 2,41996479034424
ElbowRight 0,210971832275391 -0,296091169118881 2,44726800918579
WristRight 0,151268020272255 -0,370066225528717 2,25019311904907
HandRight 0,106248080730438 -0,37121969461441 2,17094731330872
HipLeft -0,083299346268177 -0,382143825292587 2,47985792160034
KneeLeft -0,114747524261475 -0,520170986652374 2,18960404396057
AnkleLeft -0,136056929826736 -0,776795268058777 2,13576483726501
FootLeft -0,134600445628166 -0,820933699607849 2,07600045204163
HipRight 0,080606997013092 -0,372436821460724 2,46275305747986
KneeRight 0,145624667406082 -0,515055418014526 2,18070268630981
AnkleRight 0,154880493879318 -0,777413725852966 2,14485907554626
FootRight 0,156336978077888 -0,821552157402039 2,08509469032288

