HipCenter 0,0311135649681091 0,337075769901276 2,32706832885742
Spine 0,0310113597661257 0,400852799415588 2,37027668952942
ShoulderCenter 0,0273000746965408 0,765667736530304 2,3542172908783
Head 0,0455194339156151 0,929792702198029 2,25712752342224
ShoulderLeft -0,116229109466076 0,680325031280518 2,35282301902771
ElbowLeft 0,121606178581715 0,647777199745178 2,16989803314209
WristLeft 0,200861006975174 0,454438209533691 2,18740797042847
HandLeft 0,227279275655746 0,389991879463196 2,19793438911438
ShoulderRight 0,210705399513245 0,720882833003998 2,35677981376648
ElbowRight 0,175101563334465 0,523118138313293 2,20249724388123
WristRight 0,0883507281541824 0,712674975395203 2,15377140045166
HandRight 0,0594337806105614 0,775860607624054 2,14221930503845
HipLeft -0,0404771119356155 0,261117577552795 2,32511901855469
KneeLeft -0,0730233564972878 -0,289850920438766 2,41020631790161
AnkleLeft -0,0775193050503731 -0,66415399312973 2,43167161941528
FootLeft -0,101339891552925 -0,739245712757111 2,36621832847595
HipRight 0,103361792862415 0,265053242444992 2,31532311439514
KneeRight 0,142701953649521 -0,291812300682068 2,41419696807861
AnkleRight 0,173011973500252 -0,659040451049805 2,42402791976929
FootRight 0,194251030683517 -0,734733104705811 2,37962532043457

