HipCenter 0,0298285968601704 0,339932858943939 2,32784152030945
Spine 0,0293659474700689 0,407103389501572 2,3698136806488
ShoulderCenter 0,0278659928590059 0,770572423934937 2,3533353805542
Head 0,0444792993366718 0,926320195198059 2,24791240692139
ShoulderLeft -0,119212821125984 0,681082546710968 2,35276079177856
ElbowLeft 0,00897828117012978 0,530826270580292 2,24241852760315
WristLeft -0,0822766125202179 0,387917935848236 2,35380983352661
HandLeft -0,143535807728767 0,426379293203354 2,36211156845093
ShoulderRight 0,210695490241051 0,721379041671753 2,35723900794983
ElbowRight 0,175599202513695 0,522238433361053 2,20308446884155
WristRight 0,0906630605459213 0,707609295845032 2,13504457473755
HandRight 0,0623510144650936 0,769399583339691 2,11705327033997
HipLeft -0,0420108437538147 0,262804388999939 2,32554841041565
KneeLeft -0,0738607868552208 -0,289721995592117 2,4116485118866
AnkleLeft -0,0783287435770035 -0,663663268089294 2,43229079246521
FootLeft -0,101262979209423 -0,737998306751251 2,37080311775208
HipRight 0,102276392281055 0,267667025327683 2,31619596481323
KneeRight 0,142926618456841 -0,290906250476837 2,41495037078857
AnkleRight 0,173288330435753 -0,662075996398926 2,42617249488831
FootRight 0,194111630320549 -0,734876275062561 2,37820196151733

