HipCenter 0,0296098683029413 0,331903964281082 2,32445359230042
Spine 0,026125518605113 0,402025282382965 2,36432933807373
ShoulderCenter 0,0275018662214279 0,775086343288422 2,3496150970459
Head 0,0436127781867981 0,920140326023102 2,23839020729065
ShoulderLeft -0,114487752318382 0,671365082263947 2,34510278701782
ElbowLeft 0,0130982249975204 0,535136163234711 2,23322057723999
WristLeft -0,0795123279094696 0,40133136510849 2,34338569641113
HandLeft -0,139118567109108 0,438754916191101 2,3514621257782
ShoulderRight 0,2153200507164 0,703290164470673 2,37261629104614
ElbowRight 0,184812650084496 0,524146199226379 2,19682741165161
WristRight 0,0967318415641785 0,701093018054962 2,12927937507629
HandRight 0,0673715695738792 0,760075271129608 2,11146593093872
HipLeft -0,0424216948449612 0,256231248378754 2,3235228061676
KneeLeft -0,0721828639507294 -0,292110800743103 2,41172385215759
AnkleLeft -0,0779189318418503 -0,664383351802826 2,42988133430481
FootLeft -0,102366477251053 -0,739923119544983 2,3602409362793
HipRight 0,10276722162962 0,259048312902451 2,3125307559967
KneeRight 0,143825441598892 -0,292705357074738 2,41425347328186
AnkleRight 0,173436686396599 -0,66155081987381 2,42430138587952
FootRight 0,194448947906494 -0,735033631324768 2,38000774383545

