HipCenter 0,0189616456627846 0,30074542760849 2,3151273727417
Spine 0,0199452918022871 0,368595242500305 2,36147284507751
ShoulderCenter 0,010065833106637 0,762773275375366 2,34345936775208
Head 0,0467999652028084 0,92773562669754 2,24762558937073
ShoulderLeft -0,127641230821609 0,658665239810944 2,34275412559509
ElbowLeft 0,0923738926649094 0,556069135665894 2,17306232452393
WristLeft 0,259878128767014 0,447920739650726 2,10004258155823
HandLeft 0,315712869167328 0,411871284246445 2,08038210868835
ShoulderRight 0,196391224861145 0,66690194606781 2,3229820728302
ElbowRight 0,155798345804214 0,489728689193726 2,17849135398865
WristRight -0,0264079906046391 0,690217673778534 2,13501977920532
HandRight -0,0822289437055588 0,640590965747833 2,14191293716431
HipLeft -0,0521213933825493 0,230945825576782 2,31568598747253
KneeLeft -0,0759983137249947 -0,288363695144653 2,40569615364075
AnkleLeft -0,0778805762529373 -0,66234564781189 2,43071842193604
FootLeft -0,0998187959194183 -0,737131297588348 2,37071824073792
HipRight 0,094358503818512 0,226511001586914 2,2993061542511
KneeRight 0,136595860123634 -0,295795857906342 2,40908002853394
AnkleRight 0,170687258243561 -0,66976523399353 2,42066740989685
FootRight 0,194709405303001 -0,7345170378685 2,37541174888611

