HipCenter 0,0295817423611879 0,33257520198822 2,32466650009155
Spine 0,0251979287713766 0,399730622768402 2,36195707321167
ShoulderCenter 0,0251352190971375 0,766929268836975 2,34798169136047
Head 0,0416110306978226 0,919726014137268 2,24787068367004
ShoulderLeft -0,11785714328289 0,672158598899841 2,34649896621704
ElbowLeft 0,00801795721054077 0,538098216056824 2,23646855354309
WristLeft -0,080310583114624 0,4029700756073 2,3429172039032
HandLeft -0,139079853892326 0,439868122339249 2,35088086128235
ShoulderRight 0,218644350767136 0,702715933322906 2,38237047195435
ElbowRight 0,187903836369514 0,52792501449585 2,19575214385986
WristRight 0,0991907939314842 0,700769424438477 2,12825226783752
HandRight 0,0696197748184204 0,758384227752686 2,11045527458191
HipLeft -0,0443891063332558 0,255161136388779 2,32422590255737
KneeLeft -0,0718010440468788 -0,291177988052368 2,41194152832031
AnkleLeft -0,0769153088331223 -0,663531720638275 2,43049931526184
FootLeft -0,102346561849117 -0,739204347133636 2,36221981048584
HipRight 0,104642771184444 0,257777512073517 2,31168365478516
KneeRight 0,143749713897705 -0,294475972652435 2,41440296173096
AnkleRight 0,174015387892723 -0,660333216190338 2,42382788658142
FootRight 0,193622455000877 -0,735247194766998 2,37838840484619

