HipCenter 0,0292634423822165 0,33204260468483 2,32413268089294
Spine 0,0251645166426897 0,400998175144196 2,36300539970398
ShoulderCenter 0,0245181024074554 0,768324673175812 2,34834146499634
Head 0,0410337224602699 0,919057488441467 2,24639225006104
ShoulderLeft -0,117841839790344 0,672204613685608 2,34662294387817
ElbowLeft 0,00853866152465343 0,535333037376404 2,23708724975586
WristLeft -0,0783457458019257 0,399268954992294 2,34242224693298
HandLeft -0,136949315667152 0,436062902212143 2,35036277770996
ShoulderRight 0,214815109968185 0,707940578460693 2,38061499595642
ElbowRight 0,1872738301754 0,526924848556519 2,1950569152832
WristRight 0,097987063229084 0,698736608028412 2,12766146659851
HandRight 0,0682248026132584 0,756007194519043 2,1099009513855
HipLeft -0,043740551918745 0,255509614944458 2,32342171669006
KneeLeft -0,07175512611866 -0,290195405483246 2,4113974571228
AnkleLeft -0,0775980204343796 -0,664151668548584 2,42986845970154
FootLeft -0,10292986035347 -0,740463316440582 2,36164569854736
HipRight 0,103851586580276 0,258313477039337 2,31162023544312
KneeRight 0,143131732940674 -0,291408389806747 2,41353845596313
AnkleRight 0,171293973922729 -0,659799218177795 2,42430734634399
FootRight 0,192934826016426 -0,732917964458466 2,37633776664734

