HipCenter 0,030687227845192 0,32923498749733 2,32453918457031
Spine 0,0264193806797266 0,399131834506989 2,36448526382446
ShoulderCenter 0,0267710946500301 0,767953097820282 2,34970498085022
Head 0,0391254238784313 0,916575133800507 2,24561452865601
ShoulderLeft -0,115715250372887 0,670744240283966 2,34670948982239
ElbowLeft 0,0100988149642944 0,539075791835785 2,23773717880249
WristLeft -0,0766544491052628 0,404527932405472 2,34251546859741
HandLeft -0,134918004274368 0,441108405590057 2,35041117668152
ShoulderRight 0,217450022697449 0,70075249671936 2,37856984138489
ElbowRight 0,185951113700867 0,528183698654175 2,19492602348328
WristRight 0,107114262878895 0,706834197044373 2,14035797119141
HandRight 0,0808353126049042 0,766384363174438 2,12687659263611
HipLeft -0,0425110049545765 0,253191083669662 2,32325434684753
KneeLeft -0,0714234337210655 -0,292514950037003 2,41152477264404
AnkleLeft -0,0783947557210922 -0,665743887424469 2,43032217025757
FootLeft -0,101490221917629 -0,74060595035553 2,35945796966553
HipRight 0,105059757828712 0,255870431661606 2,31245803833008
KneeRight 0,144221410155296 -0,294498473405838 2,41371631622314
AnkleRight 0,174293398857117 -0,663992643356323 2,42386722564697
FootRight 0,192010015249252 -0,734790325164795 2,3763964176178

