HipCenter 0,0298371873795986 0,333642572164536 2,32420110702515
Spine 0,0261708255857229 0,402963101863861 2,36257004737854
ShoulderCenter 0,0266066081821918 0,769434571266174 2,34745073318481
Head 0,0410607680678368 0,915771424770355 2,24213790893555
ShoulderLeft -0,116131812334061 0,671357691287994 2,34601545333862
ElbowLeft 0,00958671048283577 0,534438908100128 2,23528957366943
WristLeft -0,0761779993772507 0,400128364562988 2,33907127380371
HandLeft -0,134143427014351 0,436521619558334 2,34692549705505
ShoulderRight 0,217947259545326 0,700987756252289 2,3767364025116
ElbowRight 0,188242763280869 0,528394460678101 2,19550752639771
WristRight 0,0979339405894279 0,740076959133148 2,14781093597412
HandRight 0,0678309947252274 0,810637772083282 2,13662123680115
HipLeft -0,0434568002820015 0,256967961788177 2,32405257225037
KneeLeft -0,0715015009045601 -0,290215402841568 2,41244006156921
AnkleLeft -0,0783992484211922 -0,665612697601318 2,43192839622498
FootLeft -0,101830460131168 -0,739287614822388 2,37577891349792
HipRight 0,104188986122608 0,259325802326202 2,31084275245667
KneeRight 0,143218368291855 -0,291454136371613 2,41410636901855
AnkleRight 0,173887133598328 -0,658863306045532 2,42366313934326
FootRight 0,193642422556877 -0,733112096786499 2,37865543365479

