HipCenter 0,0297019854187965 0,332508265972137 2,3227231502533
Spine 0,0261228960007429 0,401974141597748 2,36045145988464
ShoulderCenter 0,0271583162248135 0,767924070358276 2,34549045562744
Head 0,0394653677940369 0,915718376636505 2,24165821075439
ShoulderLeft -0,116003647446632 0,670949816703796 2,34462571144104
ElbowLeft 0,00985835026949644 0,533163905143738 2,23459672927856
WristLeft -0,0757514536380768 0,399095922708511 2,33816242218018
HandLeft -0,133628815412521 0,435433983802795 2,34600520133972
ShoulderRight 0,218200847506523 0,699918806552887 2,37511563301086
ElbowRight 0,189452603459358 0,527050018310547 2,19453644752502
WristRight 0,0972981303930283 0,692156493663788 2,1220703125
HandRight 0,0665799677371979 0,747191965579987 2,10262513160706
HipLeft -0,0437682121992111 0,256434828042984 2,32249736785889
KneeLeft -0,0712932050228119 -0,290085911750793 2,41222810745239
AnkleLeft -0,0775985717773438 -0,665267407894135 2,43228054046631
FootLeft -0,100088030099869 -0,737320005893707 2,37475967407227
HipRight 0,10412460565567 0,257597923278809 2,30952072143555
KneeRight 0,14341127872467 -0,293659240007401 2,41382360458374
AnkleRight 0,173945009708405 -0,66204845905304 2,42306637763977
FootRight 0,193882420659065 -0,734384894371033 2,37733697891235

