HipCenter 0,0296376217156649 0,331693887710571 2,32152771949768
Spine 0,0261449068784714 0,401046395301819 2,35863447189331
ShoulderCenter 0,0274921711534262 0,764556467533112 2,34371876716614
Head 0,0385265313088894 0,913171887397766 2,24078416824341
ShoulderLeft -0,116104155778885 0,670833230018616 2,34320831298828
ElbowLeft 0,00997481029480696 0,532121479511261 2,23431754112244
WristLeft -0,0754924565553665 0,398276716470718 2,33768630027771
HandLeft -0,133290141820908 0,434564769268036 2,3455183506012
ShoulderRight 0,218005254864693 0,699609398841858 2,37411904335022
ElbowRight 0,190209150314331 0,525895237922668 2,19378447532654
WristRight 0,0984364598989487 0,691923916339874 2,12453842163086
HandRight 0,0678455606102943 0,747266829013824 2,10616683959961
HipLeft -0,0442409962415695 0,255327224731445 2,32102346420288
KneeLeft -0,0710439756512642 -0,288356333971024 2,41132211685181
AnkleLeft -0,0775081738829613 -0,662259936332703 2,43186593055725
FootLeft -0,0987410992383957 -0,735637903213501 2,37150621414185
HipRight 0,104338303208351 0,257082372903824 2,30879306793213
KneeRight 0,14340004324913 -0,293836086988449 2,41310572624207
AnkleRight 0,172100186347961 -0,65818589925766 2,4262866973877
FootRight 0,194551110267639 -0,732780992984772 2,37548017501831

