HipCenter 0,0295550432056189 0,331484466791153 2,32126379013062
Spine 0,0260570365935564 0,400785446166992 2,35822606086731
ShoulderCenter 0,0264415629208088 0,763947188854218 2,34310555458069
Head 0,0398024320602417 0,912332355976105 2,24022054672241
ShoulderLeft -0,116177886724472 0,670120179653168 2,34210395812988
ElbowLeft 0,00982801429927349 0,532156109809875 2,23279190063477
WristLeft -0,0755709111690521 0,398418426513672 2,33606696128845
HandLeft -0,133329078555107 0,434681594371796 2,34389424324036
ShoulderRight 0,218144953250885 0,69911515712738 2,37287902832031
ElbowRight 0,189026162028313 0,526932895183563 2,19330191612244
WristRight 0,0978096574544907 0,736486732959747 2,14095711708069
HandRight 0,0674041509628296 0,806338012218475 2,12821912765503
HipLeft -0,0443572402000427 0,255111008882523 2,320955991745
KneeLeft -0,070909209549427 -0,287894606590271 2,41120934486389
AnkleLeft -0,0765945166349411 -0,661639809608459 2,43212080001831
FootLeft -0,0985437259078026 -0,735750198364258 2,37352800369263
HipRight 0,104422435164452 0,2568119764328 2,30847787857056
KneeRight 0,14299713075161 -0,290960758924484 2,41210579872131
AnkleRight 0,171576455235481 -0,657179713249207 2,42458939552307
FootRight 0,194545075297356 -0,733414232730865 2,37684011459351

