HipCenter 0,0296183899044991 0,331791341304779 2,32123970985413
Spine 0,0260787829756737 0,400936156511307 2,35817265510559
ShoulderCenter 0,0266209486871958 0,76430732011795 2,34323024749756
Head 0,0395414717495441 0,912167906761169 2,23979711532593
ShoulderLeft -0,116215229034424 0,669909298419952 2,34208273887634
ElbowLeft 0,00793565809726715 0,538817763328552 2,23466277122498
WristLeft -0,0777700021862984 0,405486941337585 2,33811140060425
HandLeft -0,135518118739128 0,441743731498718 2,34593677520752
ShoulderRight 0,218137621879578 0,699342131614685 2,37303996086121
ElbowRight 0,188633918762207 0,52726686000824 2,19284677505493
WristRight 0,0976166874170303 0,694254755973816 2,12600445747375
HandRight 0,0672776103019714 0,749917387962341 2,10843396186829
HipLeft -0,0441904850304127 0,255340874195099 2,3208703994751
KneeLeft -0,0709200501441956 -0,287856549024582 2,4112024307251
AnkleLeft -0,0762304365634918 -0,661570489406586 2,43269348144531
FootLeft -0,0983826816082001 -0,735468924045563 2,37476921081543
HipRight 0,104438692331314 0,257266104221344 2,30855512619019
KneeRight 0,143042474985123 -0,291183531284332 2,41212725639343
AnkleRight 0,172331735491753 -0,656720340251923 2,42479419708252
FootRight 0,194430530071259 -0,733951687812805 2,37800908088684

