HipCenter 0,0292935948818922 0,332342088222504 2,32085585594177
Spine 0,0258753262460232 0,401455342769623 2,35839915275574
ShoulderCenter 0,0261026993393898 0,765954732894897 2,34422755241394
Head 0,0385464802384377 0,910989105701447 2,23804759979248
ShoulderLeft -0,117200419306755 0,670264184474945 2,34250831604004
ElbowLeft 0,00921468436717987 0,531156778335571 2,23375725746155
WristLeft -0,0760831162333488 0,397577404975891 2,33689403533936
HandLeft -0,133782088756561 0,43380343914032 2,34471321105957
ShoulderRight 0,217598393559456 0,698739409446716 2,37164282798767
ElbowRight 0,188484564423561 0,526964068412781 2,19278788566589
WristRight 0,101284444332123 0,694684207439423 2,12264966964722
HandRight 0,072217732667923 0,750590920448303 2,10398030281067
HipLeft -0,044745858758688 0,255328834056854 2,32023072242737
KneeLeft -0,070865124464035 -0,286963224411011 2,41058754920959
AnkleLeft -0,0755672231316566 -0,661845922470093 2,43324661254883
FootLeft -0,098865382373333 -0,73539400100708 2,37579083442688
HipRight 0,104484409093857 0,257744789123535 2,30821323394775
KneeRight 0,142850548028946 -0,290010064840317 2,41142773628235
AnkleRight 0,172620877623558 -0,656070530414581 2,42541003227234
FootRight 0,193821221590042 -0,731754183769226 2,3772828578949

