HipCenter 0,0296731162816286 0,330365896224976 2,32055139541626
Spine 0,0254231281578541 0,399488657712936 2,36046433448792
ShoulderCenter 0,0248762313276529 0,765103697776794 2,3453426361084
Head 0,0402408130466938 0,909905970096588 2,23957800865173
ShoulderLeft -0,116264045238495 0,669538199901581 2,34291744232178
ElbowLeft 0,00973507668823004 0,534481167793274 2,23464560508728
WristLeft -0,0752648040652275 0,40136843919754 2,33737254142761
HandLeft -0,132793754339218 0,437487691640854 2,34516859054565
ShoulderRight 0,218770235776901 0,699556052684784 2,3759503364563
ElbowRight 0,190321505069733 0,525520920753479 2,19248151779175
WristRight 0,0981026887893677 0,691757500171661 2,12874555587769
HandRight 0,0673630833625793 0,747169673442841 2,11221027374268
HipLeft -0,0444045662879944 0,25383049249649 2,32027268409729
KneeLeft -0,0712668672204018 -0,287639677524567 2,40970635414124
AnkleLeft -0,0756707936525345 -0,663172960281372 2,43317103385925
FootLeft -0,0995581895112991 -0,736188232898712 2,3718535900116
HipRight 0,105093725025654 0,255934417247772 2,30759477615356
KneeRight 0,142892733216286 -0,289345413446426 2,41094326972961
AnkleRight 0,171722874045372 -0,655296385288239 2,42322325706482
FootRight 0,192817524075508 -0,732260346412659 2,3769097328186

